#id ra dec a b theta mag ?
#1 104.65872211191241 -55.95715728753242 0.01 0.01 0.0 15.77 0.1
2 104.67774731372653 -55.976549587879624 0.01 0.01 0.0 15.84 0.1
#3 104.64678521053877 -55.949054587314244 0.01 0.01 0.0 16.05 0.1
#4 104.56641479844741 -55.94336248583845 0.01 0.01 0.0 16.25 0.1
#5 104.63750070945272 -55.943066587144365 0.01 0.01 0.0 16.81 0.1
6 104.64222901045969 -55.938334987230895 0.01 0.01 0.0 16.85 0.1
7 104.62955480686466 -55.96632888699884 0.01 0.01 0.0 16.88 0.1
8 104.6560876111399 -55.963416187484285 0.01 0.01 0.0 17.14 0.1
#9 104.63293800871853 -55.943560387060806 0.01 0.01 0.0 17.30 0.1
#10 104.65612851188448 -55.95075418748503 0.01 0.01 0.0 17.34 0.1
11 104.55804109715436 -55.94334298568401 0.01 0.01 0.0 17.39 0.1
12 104.65018321103736 -55.94951468737637 0.01 0.01 0.0 17.46 0.1
13 104.57482799975729 -55.9432001859935 0.01 0.01 0.0 17.52 0.1
14 104.57024359909671 -55.942383385909025 0.01 0.01 0.0 17.63 0.1
15 104.65344671221568 -55.937955387436034 0.01 0.01 0.0 17.64 0.1
16 104.63543340970695 -55.93323578710651 0.01 0.01 0.0 17.66 0.1
17 104.65133241091222 -55.95470798739737 0.01 0.01 0.0 17.72 0.1
18 104.58962310146066 -55.95314518626582 0.01 0.01 0.0 17.75 0.1
19 104.6510076106247 -55.95877588739144 0.01 0.01 0.0 17.82 0.1
20 104.54598889442798 -55.95800068546151 0.01 0.01 0.0 17.84 0.1
21 104.68953081556099 -55.97637258809434 0.01 0.01 0.0 17.86 0.1
22 104.65492631194813 -55.94647238746307 0.01 0.01 0.0 17.88 0.1
23 104.65817211188012 -55.956251387522364 0.01 0.01 0.0 17.89 0.1
24 104.62005890649735 -55.94749768682479 0.01 0.01 0.0 17.92 0.1
25 104.67270441429069 -55.95345558778766 0.01 0.01 0.0 18.00 0.1
26 104.63081510696797 -55.96789688702193 0.01 0.01 0.0 18.01 0.1
27 104.65912821293821 -55.94062838753984 0.01 0.01 0.0 18.06 0.1
28 104.6614776117097 -55.967946987582756 0.01 0.01 0.0 18.06 0.1
29 104.60468850412337 -55.9474578865427 0.01 0.01 0.0 18.07 0.1
30 104.68228021588912 -55.95143678796225 0.01 0.01 0.0 18.12 0.1
31 104.66392291262444 -55.95874368762739 0.01 0.01 0.0 18.15 0.1
32 104.58727450066188 -55.96056588622261 0.01 0.01 0.0 18.15 0.1
33 104.57310889970822 -55.93951188596182 0.01 0.01 0.0 18.16 0.1
34 104.65417511209586 -55.941944487449334 0.01 0.01 0.0 18.18 0.1
35 104.67718771436714 -55.964058987869414 0.01 0.01 0.0 18.23 0.1
36 104.57258099975486 -55.937328685952096 0.01 0.01 0.0 18.25 0.1
37 104.62328510600642 -55.96441868688394 0.01 0.01 0.0 18.26 0.1
38 104.65842531155172 -55.962556287526986 0.01 0.01 0.0 18.30 0.1
39 104.5615368984397 -55.9306703857485 0.01 0.01 0.0 18.38 0.1
40 104.63088050894368 -55.934258387023114 0.01 0.01 0.0 18.38 0.1
41 104.56193859718478 -55.95306598575591 0.01 0.01 0.0 18.40 0.1
42 104.64752951028579 -55.95536378732784 0.01 0.01 0.0 18.41 0.1
43 104.53687919425288 -55.937082585293155 0.01 0.01 0.0 18.41 0.1
44 104.61673070529051 -55.959327186763744 0.01 0.01 0.0 18.43 0.1
45 104.67269321450746 -55.94970038778745 0.01 0.01 0.0 18.49 0.1
46 104.54208189394801 -55.95589488538932 0.01 0.01 0.0 18.54 0.1
47 104.62354420778924 -55.93461328688869 0.01 0.01 0.0 18.61 0.1
48 104.6077649045639 -55.948057086599206 0.01 0.01 0.0 18.67 0.1
49 104.55015629605333 -55.94134568553848 0.01 0.01 0.0 18.71 0.1
50 104.62825580697454 -55.96101418697504 0.01 0.01 0.0 18.71 0.1
51 104.5923232023969 -55.94430048631547 0.01 0.01 0.0 18.74 0.1
52 104.64789201059116 -55.95109038733448 0.01 0.01 0.0 18.75 0.1
53 104.62380960654066 -55.95667378689355 0.01 0.01 0.0 18.75 0.1
54 104.60120040395141 -55.94118858647863 0.01 0.01 0.0 18.79 0.1
55 104.56017009810924 -55.93270008572329 0.01 0.01 0.0 18.83 0.1
56 104.58822720166584 -55.94596988624014 0.01 0.01 0.0 18.83 0.1
57 104.6538909117934 -55.94638048744414 0.01 0.01 0.0 18.83 0.1
58 104.55866719731563 -55.94224648569556 0.01 0.01 0.0 18.84 0.1
59 104.66493881407199 -55.93658108764593 0.01 0.01 0.0 18.87 0.1
60 104.68693771577732 -55.965752088047104 0.01 0.01 0.0 18.87 0.1
61 104.67059401415584 -55.950164387749155 0.01 0.01 0.0 18.87 0.1
62 104.55085819555084 -55.95172108555144 0.01 0.01 0.0 18.88 0.1
63 104.56544319887846 -55.93347378582054 0.01 0.01 0.0 18.88 0.1
64 104.6528166120162 -55.93970748742449 0.01 0.01 0.0 18.91 0.1
65 104.58406560124976 -55.94209768616357 0.01 0.01 0.0 18.92 0.1
66 104.58200620109203 -55.939361786125666 0.01 0.01 0.0 18.92 0.1
67 104.60331380274374 -55.967370086517455 0.01 0.01 0.0 18.94 0.1
68 104.5374598941946 -55.93959368530389 0.01 0.01 0.0 18.94 0.1
69 104.58487210126476 -55.94396638617841 0.01 0.01 0.0 18.97 0.1
70 104.61594360693383 -55.9291546867493 0.01 0.01 0.0 18.99 0.1
71 104.58409460185116 -55.9319220861641 0.01 0.01 0.0 19.02 0.1
72 104.57936920118004 -55.93091778607712 0.01 0.01 0.0 19.02 0.1
73 104.56675089844259 -55.94432798584465 0.01 0.01 0.0 19.06 0.1
74 104.62995930802661 -55.94752228700626 0.01 0.01 0.0 19.12 0.1
75 104.59417630256145 -55.94637938634954 0.01 0.01 0.0 19.17 0.1
76 104.5517127961827 -55.94323468556721 0.01 0.01 0.0 19.19 0.1
77 104.62247380776319 -55.93222808686906 0.01 0.01 0.0 19.22 0.1
78 104.58216869987035 -55.96059718612865 0.01 0.01 0.0 19.24 0.1
79 104.65440441109274 -55.95976018745352 0.01 0.01 0.0 19.25 0.1
80 104.62374390800302 -55.93148198689236 0.01 0.01 0.0 19.26 0.1
81 104.60701080513668 -55.936281986585364 0.01 0.01 0.0 19.27 0.1
82 104.62752200654786 -55.96636818696159 0.01 0.01 0.0 19.28 0.1
83 104.64071320820611 -55.972918187203156 0.01 0.01 0.0 19.30 0.1
84 104.6883418152888 -55.977887588072676 0.01 0.01 0.0 19.36 0.1
85 104.68474481600994 -55.95591598800716 0.01 0.01 0.0 19.37 0.1
86 104.64913960951125 -55.97290068735728 0.01 0.01 0.0 19.37 0.1
87 104.58255130097052 -55.94286768613569 0.01 0.01 0.0 19.38 0.1
88 104.57394459986918 -55.938970385977214 0.01 0.01 0.0 19.39 0.1
89 104.65161181114664 -55.95142928740248 0.01 0.01 0.0 19.43 0.1
90 104.63955520884176 -55.958971587181956 0.01 0.01 0.0 19.44 0.1
91 104.57407869969283 -55.94232568597969 0.01 0.01 0.0 19.44 0.1
92 104.6720637138423 -55.959455987775975 0.01 0.01 0.0 19.45 0.1
93 104.60674710381168 -55.958211686580526 0.01 0.01 0.0 19.47 0.1
94 104.62596610666529 -55.96024558693308 0.01 0.01 0.0 19.48 0.1
95 104.55212459590273 -55.94907088557483 0.01 0.01 0.0 19.48 0.1
96 104.55937069687805 -55.95153168570854 0.01 0.01 0.0 19.48 0.1
97 104.65941671325425 -55.935966787545105 0.01 0.01 0.0 19.49 0.1
98 104.63254760869698 -55.94289598705366 0.01 0.01 0.0 19.50 0.1
99 104.64811080987768 -55.96389738733847 0.01 0.01 0.0 19.51 0.1
100 104.66204941209926 -55.96278208759319 0.01 0.01 0.0 19.51 0.1
101 104.62811990830524 -55.937885586972556 0.01 0.01 0.0 19.53 0.1
102 104.57524400028701 -55.93527388600115 0.01 0.01 0.0 19.54 0.1
103 104.6708375127614 -55.9747563877536 0.01 0.01 0.0 19.58 0.1
104 104.65695291086634 -55.97040138750009 0.01 0.01 0.0 19.61 0.1
105 104.637696808885 -55.953309587147935 0.01 0.01 0.0 19.62 0.1
106 104.68053631620559 -55.94135298793048 0.01 0.01 0.0 19.64 0.1
107 104.6612467119587 -55.96306268757853 0.01 0.01 0.0 19.65 0.1
108 104.67069581368527 -55.95851878775102 0.01 0.01 0.0 19.66 0.1
109 104.53846319484492 -55.93118738532244 0.01 0.01 0.0 19.66 0.1
110 104.54655549689937 -55.91751718547198 0.01 0.01 0.0 19.67 0.1
111 104.56404949819581 -55.94142368579484 0.01 0.01 0.0 19.69 0.1
112 104.6826748161549 -55.947914287969446 0.01 0.01 0.0 19.70 0.1
113 104.65284241206975 -55.938856987424984 0.01 0.01 0.0 19.71 0.1
114 104.64835351136779 -55.93899588734292 0.01 0.01 0.0 19.74 0.1
115 104.69525241789313 -55.95147658819852 0.01 0.01 0.0 19.74 0.1
116 104.56352259831213 -55.93806028578511 0.01 0.01 0.0 19.75 0.1
117 104.6349986098465 -55.92969218709854 0.01 0.01 0.0 19.77 0.1
118 104.57800150060099 -55.93718358605194 0.01 0.01 0.0 19.80 0.1
119 104.65137471211862 -55.93412478739815 0.01 0.01 0.0 19.83 0.1
120 104.62980050842704 -55.94024748700334 0.01 0.01 0.0 19.84 0.1
121 104.6418213087967 -55.96574538722342 0.01 0.01 0.0 19.88 0.1
122 104.5865648019614 -55.93655068620956 0.01 0.01 0.0 19.88 0.1
123 104.64661541028633 -55.95293158731113 0.01 0.01 0.0 19.89 0.1
124 104.66185241193627 -55.96505548758959 0.01 0.01 0.0 19.90 0.1
125 104.64781731075554 -55.948074387333115 0.01 0.01 0.0 19.93 0.1
126 104.64880761116346 -55.94370468735122 0.01 0.01 0.0 19.94 0.1
127 104.6230479065503 -55.954494886879594 0.01 0.01 0.0 19.97 0.1
128 104.65198781086033 -55.957335787409356 0.01 0.01 0.0 20.00 0.1
129 104.64017190927731 -55.95314628719324 0.01 0.01 0.0 20.01 0.1
130 104.54580099536157 -55.941663285458034 0.01 0.01 0.0 20.02 0.1
131 104.64751450952518 -55.968355087327566 0.01 0.01 0.0 20.02 0.1
132 104.6523151112109 -55.952192487415346 0.01 0.01 0.0 20.03 0.1
133 104.65690001134855 -55.96199378749913 0.01 0.01 0.0 20.04 0.1
134 104.63190560823487 -55.949108187041894 0.01 0.01 0.0 20.12 0.1
135 104.59867160275287 -55.95496908643217 0.01 0.01 0.0 20.12 0.1
136 104.62262580594788 -55.963675886871854 0.01 0.01 0.0 20.15 0.1
137 104.67518181563864 -55.93686638783284 0.01 0.01 0.0 20.15 0.1
138 104.6518521102084 -55.96814938740688 0.01 0.01 0.0 20.17 0.1
139 104.625086006354 -55.96323968691695 0.01 0.01 0.0 20.24 0.1
140 104.64208310908037 -55.961581287228206 0.01 0.01 0.0 20.25 0.1
141 104.58501930074523 -55.953205886181124 0.01 0.01 0.0 20.26 0.1
142 104.6501766106261 -55.95654818737625 0.01 0.01 0.0 20.31 0.1
143 104.63118250811898 -55.94917818702866 0.01 0.01 0.0 20.31 0.1
144 104.68217841568845 -55.9546173879604 0.01 0.01 0.0 20.32 0.1
145 104.55747009632276 -55.955973185673486 0.01 0.01 0.0 20.33 0.1
146 104.57846420145839 -55.92378968606046 0.01 0.01 0.0 20.34 0.1
147 104.66784941297246 -55.96319688769908 0.01 0.01 0.0 20.34 0.1
148 104.67697571415665 -55.96711108786556 0.01 0.01 0.0 20.38 0.1
149 104.53182259373033 -55.93269408519964 0.01 0.01 0.0 20.39 0.1
150 104.67459041508576 -55.94480238782206 0.01 0.01 0.0 20.39 0.1
151 104.63715550887602 -55.952030087138034 0.01 0.01 0.0 20.40 0.1
152 104.55955619717633 -55.94694988571197 0.01 0.01 0.0 20.40 0.1
153 104.6516091112668 -55.94936178740244 0.01 0.01 0.0 20.42 0.1
154 104.5506949960795 -55.94231578554842 0.01 0.01 0.0 20.43 0.1
155 104.65820451173337 -55.95885478752296 0.01 0.01 0.0 20.45 0.1
156 104.5847112002883 -55.96017668617545 0.01 0.01 0.0 20.48 0.1
157 104.65387171159281 -55.949770787443796 0.01 0.01 0.0 20.48 0.1
158 104.60539780445642 -55.943643686555724 0.01 0.01 0.0 20.51 0.1
159 104.61471300489787 -55.96070278672673 0.01 0.01 0.0 20.52 0.1
160 104.56999779885578 -55.94583658590449 0.01 0.01 0.0 20.52 0.1
161 104.53736969457823 -55.93284688530222 0.01 0.01 0.0 20.54 0.1
162 104.61128440395701 -55.967709986663806 0.01 0.01 0.0 20.55 0.1
163 104.64114250968453 -55.948741587210996 0.01 0.01 0.0 20.57 0.1
164 104.58723720083822 -55.957464086221925 0.01 0.01 0.0 20.57 0.1
165 104.64274370956443 -55.95504108724031 0.01 0.01 0.0 20.61 0.1
166 104.64843550989995 -55.96437648734442 0.01 0.01 0.0 20.62 0.1
167 104.68483171520604 -55.96997058800874 0.01 0.01 0.0 20.62 0.1
168 104.62401860636498 -55.96022958689739 0.01 0.01 0.0 20.63 0.1
169 104.57008259931746 -55.93820288590606 0.01 0.01 0.0 20.65 0.1
170 104.65643301240854 -55.94256848749061 0.01 0.01 0.0 20.65 0.1
171 104.69853771860852 -55.94790498825829 0.01 0.01 0.0 20.65 0.1
172 104.547285795393 -55.945025985485465 0.01 0.01 0.0 20.66 0.1
173 104.67574331317026 -55.98077308784308 0.01 0.01 0.0 20.66 0.1
174 104.65452521173256 -55.94910668745573 0.01 0.01 0.0 20.67 0.1
175 104.59482250322667 -55.936734686361426 0.01 0.01 0.0 20.69 0.1
176 104.54348399646578 -55.91682658541523 0.01 0.01 0.0 20.69 0.1
177 104.64637451011366 -55.955252187306726 0.01 0.01 0.0 20.72 0.1
178 104.6408639103582 -55.936457687205895 0.01 0.01 0.0 20.72 0.1
179 104.6578532116959 -55.958565487516545 0.01 0.01 0.0 20.75 0.1
180 104.56495279721922 -55.96040188581149 0.01 0.01 0.0 20.77 0.1
181 104.63848140916213 -55.9506417871623 0.01 0.01 0.0 20.77 0.1
182 104.5630890987974 -55.92866378577713 0.01 0.01 0.0 20.80 0.1
183 104.6649665126707 -55.96072078764645 0.01 0.01 0.0 20.83 0.1
184 104.62866430865685 -55.933305086982514 0.01 0.01 0.0 20.84 0.1
185 104.62406730773255 -55.93696738689828 0.01 0.01 0.0 20.84 0.1
186 104.64428461082322 -55.937549587268485 0.01 0.01 0.0 20.85 0.1
187 104.6414836098396 -55.94698818721725 0.01 0.01 0.0 20.85 0.1
188 104.59643770229167 -55.956942686391116 0.01 0.01 0.0 20.86 0.1
189 104.60817080438667 -55.95215478660666 0.01 0.01 0.0 20.86 0.1
190 104.56253349766654 -55.94644018576689 0.01 0.01 0.0 20.87 0.1
191 104.62658720805082 -55.93818558694446 0.01 0.01 0.0 20.90 0.1
192 104.55527689609467 -55.954087285633 0.01 0.01 0.0 20.91 0.1
193 104.65537201096457 -55.9645240874712 0.01 0.01 0.0 20.91 0.1
194 104.67357831296992 -55.9784590878036 0.01 0.01 0.0 20.94 0.1
195 104.66615571207976 -55.97401778766815 0.01 0.01 0.0 20.97 0.1
196 104.6762151133871 -55.97830488785168 0.01 0.01 0.0 20.99 0.1
197 104.65799751146099 -55.96297728751919 0.01 0.01 0.0 21.00 0.1
198 104.64505711022456 -55.94986018728262 0.01 0.01 0.0 21.01 0.1
199 104.65979391255398 -55.94899188755199 0.01 0.01 0.0 21.01 0.1
200 104.66725631271784 -55.965992287688245 0.01 0.01 0.0 21.02 0.1
201 104.5434329940575 -55.95758098541428 0.01 0.01 0.0 21.02 0.1
202 104.66541371292942 -55.95746718765461 0.01 0.01 0.0 21.03 0.1
203 104.64625021092219 -55.94106248730445 0.01 0.01 0.0 21.05 0.1
204 104.56244459801371 -55.94030288576524 0.01 0.01 0.0 21.06 0.1
205 104.63545970886507 -55.94772738710699 0.01 0.01 0.0 21.14 0.1
206 104.63852340909672 -55.95187288716307 0.01 0.01 0.0 21.14 0.1
207 104.654181410464 -55.96994608744945 0.01 0.01 0.0 21.16 0.1
208 104.68522071482857 -55.97749278801584 0.01 0.01 0.0 21.18 0.1
209 104.61329070516561 -55.952372686700635 0.01 0.01 0.0 21.18 0.1
210 104.61841440697934 -55.934907286794626 0.01 0.01 0.0 21.18 0.1
211 104.5557200979688 -55.923396785641174 0.01 0.01 0.0 21.20 0.1
212 104.62490900617496 -55.9658318869137 0.01 0.01 0.0 21.21 0.1
213 104.54256559469069 -55.94456388539826 0.01 0.01 0.0 21.23 0.1
214 104.59592150354766 -55.93415478638163 0.01 0.01 0.0 21.24 0.1
215 104.61808780583827 -55.95355408678863 0.01 0.01 0.0 21.24 0.1
216 104.68025681428153 -55.97368918792537 0.01 0.01 0.0 21.25 0.1
217 104.64543591041134 -55.94766258728955 0.01 0.01 0.0 21.26 0.1
218 104.6657202118326 -55.97710048766021 0.01 0.01 0.0 21.27 0.1
219 104.64292840884005 -55.96793538724369 0.01 0.01 0.0 21.27 0.1
