#REFERENCE 3 104.6587124 -55.9571457
   #ID       X         Y         R       EPS       TAU       AMP       E_AMP      DMAG  TIME[days]  DTIME    PARITY
 N11.2    -4.574     6.362     7.836     0.647     0.848     5.831     0.044      1.91  -395919.5       0.0    ++
 N11.2    11.041    -4.375    11.876     0.000     0.000     9.482     0.164      2.44  -396065.0    -145.6    ++
 N11.1     9.640    -3.377    10.215     0.712     1.013    10.871     0.279      2.59  -396093.3    -173.9    ++
 N11.1     2.684     3.224     4.195     0.053     0.053     6.098     0.131      1.96  -395873.4      46.1    +-
 N11.1    -5.209     6.943     8.680     0.000     0.000     5.162     0.036      1.78  -396289.6    -370.2    ++
  K6.3    26.786     7.451    27.803     0.903     2.101    14.067     0.415      2.87  -391346.8       0.0    ++
  K6.3    17.184    14.501    22.485     0.869     1.754    11.914     0.561      2.69  -391208.7     138.1    +-
  K6.3    -1.777    25.458    25.520     0.000     0.000     4.678     0.044      1.68  -392666.8   -1320.0    ++
  K6.2    -2.121    25.346    25.435     0.968     3.858     4.584     0.043      1.65  -392863.2   -1516.4    ++
  K6.2    17.745    13.887    22.533     0.954     3.199    13.113     0.620      2.79  -391283.3      63.5    +-
  K6.2    26.266     7.708    27.374     0.000     0.000    23.613     1.155      3.43  -391363.2     -16.4    ++
  K6.1    26.668     6.231    27.386     0.904     2.115    10.534     0.225      2.56  -391438.3     -91.5    ++
  K6.1    -2.271    24.802    24.905     0.853     1.636     4.604     0.042      1.66  -392828.4   -1481.6    ++
  K6.1    17.123    13.743    21.956     0.000     0.000    11.225     0.486      2.63  -391313.8      33.0    +-
 N10.3     3.406     6.403     7.253     0.044     0.044     4.265     0.085      1.57  -392610.8       0.0    +-
 N10.3    -5.165    10.425    11.634     0.016     0.016     6.672     0.069      2.06  -392895.0    -284.2    ++
 N10.3    25.326    -9.540    27.063     0.000     0.000     4.918     0.073      1.73  -395129.2   -2518.4    ++
 N10.2    25.840    -9.500    27.532     0.097     0.097     4.838     0.073      1.71  -395098.3   -2487.4    ++
 N10.2     3.222     6.867     7.585     0.070     0.070     4.753     0.097      1.69  -392380.0     230.8    +-
 N10.2    -4.542    10.461    11.404     0.000     0.000     7.212     0.079      2.15  -392588.4      22.5    ++
 N10.1    25.902    -9.141    27.468     0.152     0.153     4.867     0.072      1.72  -394969.4   -2358.5    ++
 N10.1    -4.476    10.875    11.760     0.079     0.079     7.058     0.077      2.12  -392556.9      53.9    ++
 N10.1     3.516     7.044     7.873     0.000     0.000     4.868     0.099      1.72  -392336.6     274.2    +-
K12b.3   177.694    46.447   183.664     0.820     1.434    12.907     1.168      2.78  -505238.0       0.0    +-
K12b.3   179.950    40.066   184.356     0.773     1.217    11.764     0.974      2.68  -505267.8     -29.8    ++
K12b.3   178.757    66.431   190.702     0.000     0.000     4.134     0.215      1.54  -506722.5   -1484.5    ++
K12b.2   179.069    66.675   191.079     0.983     5.283     4.150     0.217      1.55  -507102.0   -1863.9    ++
K12b.2   178.145    45.899   183.963     0.877     1.825    15.491     1.315      2.98  -505503.9    -265.9    +-
K12b.2   180.081    40.800   184.645     0.000     0.000    34.188    11.140      3.83  -505515.7    -277.7    ++
K12b.1   179.076    66.450   191.007     0.783     1.260     4.082     0.214      1.53  -507006.8   -1768.8    ++
K12b.1   180.295    39.974   184.674     0.333     0.353    10.010     0.766      2.50  -505546.1    -308.1    ++
K12b.1   177.986    46.606   183.987     0.000     0.000    12.005     0.986      2.70  -505503.7    -265.7    +-
K12a.3   178.102    47.256   184.265     0.656     0.869    10.135     0.767      2.51  -505693.6       0.0    +-
K12a.3   180.633    39.479   184.897     0.569     0.691     7.653     0.522      2.21  -505799.2    -105.6    ++
K12a.3   179.307    66.246   191.154     0.000     0.000     4.021     0.213      1.51  -507121.9   -1428.2    ++
K12a.2   179.559    66.649   191.529     0.766     1.190     4.015     0.215      1.51  -507516.6   -1822.9    ++
K12a.2   178.539    46.444   184.481     0.420     0.463    12.042     0.852      2.70  -505924.8    -231.2    +-
K12a.1   179.529    66.315   191.386     0.627     0.804     3.986     0.212      1.50  -507351.7   -1658.1    ++
K12a.1   178.356    47.225   184.502     0.000     0.000    10.036     0.710      2.50  -505890.8    -197.1    +-
 K7b.2    13.128    40.619    42.688     0.769     1.202     8.353     0.206      2.30  -391761.8       0.0    ++
 K7b.2    29.052    30.312    41.986     0.093     0.093     9.081     0.742      2.40  -390805.0     956.8    +-
 K7b.2    33.507    22.913    40.592     0.000     0.000    13.660     0.632      2.84  -390889.7     872.1    ++
 K7b.1    12.835    40.635    42.614     0.729     1.066     8.606     0.215      2.34  -391806.6     -44.8    ++
 K7b.1    33.259    22.968    40.419     0.096     0.096    14.070     0.670      2.87  -390882.0     879.8    ++
 K7b.1    29.008    30.103    41.805     0.000     0.000     9.289     0.759      2.42  -390807.7     954.1    +-
 K7a.2    12.465    41.155    43.001     0.893     1.983     8.679     0.216      2.35  -392034.9       0.0    ++
 K7a.2    29.723    29.161    41.639     0.062     0.063    14.308     1.042      2.89  -390901.0    1134.0    +-
 K7a.2    32.595    24.241    40.621     0.000     0.000    18.559     1.061      3.17  -390920.3    1114.6    ++
 K7a.1    12.259    41.150    42.937     0.899     2.057     8.964     0.228      2.38  -392061.7     -26.8    ++
 K7a.1    32.442    24.231    40.493     0.080     0.080    18.877     1.094      3.19  -390915.1    1119.8    ++
 K7a.1    29.649    29.052    41.510     0.000     0.000    14.534     1.054      2.91  -390896.5    1138.4    +-
  N1.3    10.169    14.195    17.461     0.285     0.297     6.586     0.133      2.05  -390281.7       0.0    +-
  N1.3    -2.118    21.193    21.298     0.103     0.103     6.161     0.068      1.97  -390803.9    -522.2    ++
  N1.3    32.056    -1.981    32.118     0.000     0.000     5.301     0.084      1.81  -392685.2   -2403.4    ++
  N1.2    11.743    13.564    17.941     0.320     0.338     6.609     0.142      2.05  -390664.7    -383.0    +-
  N1.2    30.953    -1.048    30.971     0.109     0.110     5.610     0.089      1.87  -392432.5   -2150.7    ++
  N1.2    -3.236    22.164    22.399     0.000     0.000     5.372     0.056      1.83  -391564.3   -1282.6    ++
  N1.1    -3.276    21.539    21.786     0.282     0.294     5.467     0.057      1.84  -391502.7   -1221.0    ++
  N1.1    30.930    -1.663    30.974     0.225     0.231     5.531     0.087      1.86  -392575.4   -2293.6    ++
  N1.1    11.256    13.203    17.350     0.000     0.000     6.964     0.148      2.11  -390669.7    -388.0    +-
K14b.2   186.310    68.496   198.502     1.000    34.410     3.310     0.169      1.30  -514953.7       0.0    ++
K14b.1   186.301    68.490   198.492     0.996    10.523     3.312     0.169      1.30  -514937.9      15.8    ++
K14a.3   186.458    68.260   198.560     0.000     0.000     3.362     0.173      1.32  -514967.6       0.0    ++
K14a.2   186.393    68.414   198.552     0.982     5.268     3.329     0.170      1.31  -514997.6     -30.0    ++
K14a.1   186.390    68.369   198.533     0.971     4.031     3.338     0.171      1.31  -514961.3       6.4    ++
 N2b.3     2.717     2.701     3.831     0.842     1.564     9.014     0.598      2.39  -393629.6       0.0    +-
 N2b.3    24.914   -12.629    27.932     0.441     0.492     5.581     0.102      1.87  -395767.0   -2137.4    ++
 N2b.3   -10.865    10.822    15.335     0.204     0.208     5.024     0.044      1.75  -395014.1   -1384.5    ++
 N2b.3    -0.281    -3.349     3.361     0.000     0.000     3.797     0.088      1.45  -393675.8     -46.3    +-
 N2b.2     1.722     1.405     2.222     0.913     2.237     4.457     0.186      1.62  -393769.7    -140.2    +-
 N2b.2   -11.099    10.428    15.230     0.533     0.630     5.022     0.044      1.75  -395186.3   -1556.8    ++
 N2b.2    -0.281    -3.766     3.776     0.377     0.407     4.475     0.102      1.63  -393874.6    -245.1    +-
 N2b.2    24.614   -12.920    27.799     0.000     0.000     5.606     0.102      1.87  -395898.9   -2269.4    ++
 N2b.1     2.463     1.755     3.024     0.903     2.102    11.359     0.976      2.64  -393878.7    -249.1    +-
 N2b.1    24.134   -12.293    27.084     0.539     0.640     5.808     0.103      1.91  -395678.8   -2049.2    ++
 N2b.1     0.271    -3.396     3.407     0.146     0.148     4.187     0.088      1.55  -393926.8    -297.2    +-
 N2b.1   -11.390    11.151    15.940     0.000     0.000     4.827     0.041      1.71  -395476.0   -1846.5    ++
 N2a.3    25.115   -12.035    27.850     0.574     0.701     5.619     0.102      1.87  -395544.0       0.0    ++
 N2a.3     3.568     3.153     4.762     0.508     0.590     4.587     0.115      1.65  -393487.3    2056.7    +-
 N2a.3   -10.673    11.565    15.737     0.205     0.210     4.955     0.043      1.74  -394922.2     621.8    ++
 N2a.2     3.202     2.804     4.257     0.755     1.150     5.864     0.217      1.92  -393622.6    1921.4    +-
 N2a.2   -10.910    11.299    15.706     0.504     0.583     4.933     0.043      1.73  -395081.2     462.8    ++
 N2a.2    24.812   -12.229    27.662     0.000     0.000     5.659     0.102      1.88  -395627.1     -83.1    ++
 N2a.1     3.765     2.548     4.546     0.615     0.779     6.017     0.198      1.95  -393721.3    1822.6    +-
 N2a.1    24.309   -11.543    26.910     0.510     0.593     5.879     0.103      1.92  -395391.9     152.0    ++
 N2a.1   -11.207    12.066    16.468     0.000     0.000     4.742     0.040      1.69  -395412.8     131.2    ++
 K9b.2    43.843     7.529    44.485     0.991     7.424     5.230     0.103      1.80  -391992.9       0.0    ++
 K9b.2    20.321    34.802    40.300     0.000     0.000    99.421    10.710      4.99  -388392.0    3601.0    +-
 K9b.1    43.836     7.652    44.499     0.984     5.592     5.248     0.104      1.80  -391976.6      16.3    ++
 K9b.1    20.636    34.856    40.506     0.303     0.318    53.099     4.431      4.31  -388425.4    3567.5    +-
 K9a.2    43.784     7.389    44.403     0.952     3.110     5.221     0.102      1.79  -392000.5       0.0    ++
 K9a.2    18.831    35.023    39.765     0.421     0.464    68.340     3.687      4.59  -388378.8    3621.8    ++
 K9a.2    20.724    34.507    40.252     0.000     0.000    45.929     3.649      4.16  -388367.5    3633.0    +-
 K9a.1    43.775     7.575    44.425     0.963     3.596     5.247     0.104      1.80  -391975.9      24.6    ++
 K9a.1    20.948    34.662    40.500     0.352     0.376    32.685     2.297      3.79  -388428.9    3571.7    +-
 K9a.1    18.575    35.303    39.891     0.000     0.000    51.104     2.395      4.27  -388434.5    3566.0    ++
 N3b.3   183.922    70.573   196.997     0.478     0.543     3.233     0.167      1.27  -511232.0       0.0    ++
 N3b.2   183.649    71.122   196.940     0.000     0.000     3.157     0.159      1.25  -511319.1     -87.1    ++
 N3b.1   184.000    70.388   197.004     0.604     0.758     3.261     0.169      1.28  -511188.1      43.9    ++
 N3b.1   188.081    38.479   191.977     0.000     0.000     6.795     0.499      2.08  -508825.3    2406.7    ++
 N3a.3   183.876    70.360   196.878     0.444     0.496     3.270     0.170      1.29  -511017.1       0.0    ++
 N3a.3   187.894    38.366   191.771     0.200     0.204     6.650     0.486      2.06  -508683.1    2334.0    ++
 N3a.2   183.661    70.899   196.870     0.000     0.000     3.191     0.162      1.26  -511162.0    -144.9    ++
 N3a.1   183.977    70.207   196.917     0.576     0.704     3.293     0.172      1.29  -511025.4      -8.3    ++
 N3a.1   187.972    38.180   191.810     0.000     0.000     6.428     0.468      2.02  -508789.2    2227.9    ++
 N12.2    35.344    -9.985    36.728     0.272     0.283     4.944     0.096      1.74  -394788.0       0.0    ++
 N12.2     4.933    12.076    13.045     0.085     0.085     7.877     0.147      2.24  -389542.3    5245.7    +-
 N12.2    -2.647    16.163    16.378     0.000     0.000     9.033     0.134      2.39  -389689.2    5098.8    ++
 N12.1    35.700   -10.079    37.095     0.347     0.371     4.915     0.095      1.73  -394837.9     -49.9    ++
 N12.1    -2.073    15.981    16.115     0.071     0.071    10.184     0.163      2.52  -389477.5    5310.5    ++
 N12.1     4.528    12.459    13.256     0.000     0.000     9.010     0.176      2.39  -389380.2    5407.8    +-
  N4.3   195.863    62.891   205.713     0.951     3.092     6.005     0.403      1.95  -520031.0       0.0    ++
  N4.3   198.303    51.695   204.930     0.718     1.033     4.461     0.306      1.62  -519783.4     247.6    +-
  N4.3   197.836    36.806   201.230     0.000     0.000     5.683     0.391      1.89  -520361.3    -330.3    ++
  N4.2   195.556    63.369   205.566     0.787     1.276     5.484     0.356      1.85  -519963.7      67.3    ++
  N4.2   197.805    37.175   201.268     0.751     1.138     5.981     0.418      1.94  -520167.3    -136.3    ++
  N4.2   198.247    51.298   204.777     0.000     0.000     4.343     0.300      1.59  -519657.1     373.9    +-
  N4.1   196.950    35.997   200.213     0.918     2.318     4.563     0.284      1.65  -519387.1     643.9    ++
  N4.1   197.626    52.015   204.356     0.811     1.388     4.532     0.306      1.64  -518706.8    1324.2    +-
  N4.1   194.980    63.018   204.910     0.000     0.000     5.882     0.393      1.92  -518930.0    1101.0    ++
 K11.3   189.598    68.461   201.579     0.000     0.000     4.198     0.259      1.56  -516674.6       0.0    ++
 K11.2   190.209    68.349   202.116     0.862     1.699     4.949     0.333      1.74  -517412.1    -737.5    ++
 K11.1   190.358    67.678   202.031     0.943     2.831     5.537     0.395      1.86  -517086.5    -411.9    ++
  K5.3    12.866    26.186    29.176     0.766     1.191    11.458     0.249      2.65  -387879.0       0.0    +-
  K5.3    42.170     2.349    42.236     0.754     1.147     4.999     0.083      1.75  -392502.6   -4623.6    ++
  K5.3     6.518    30.376    31.067     0.000     0.000    13.612     0.349      2.83  -387945.8     -66.7    ++
  K5.2     6.064    30.994    31.582     0.665     0.890    11.884     0.281      2.69  -388216.2    -337.2    ++
  K5.2    41.937     2.993    42.044     0.217     0.222     5.091     0.087      1.77  -392350.6   -4471.6    ++
  K5.2    13.736    25.821    29.247     0.000     0.000     7.914     0.177      2.25  -388069.7    -190.6    +-
  K5.1     6.255    31.193    31.814     0.784     1.263    12.386     0.309      2.73  -388233.4    -354.3    ++
  K5.1    13.953    25.927    29.443     0.193     0.196     7.546     0.173      2.19  -388079.3    -200.2    +-
  K5.1    41.996     3.200    42.117     0.000     0.000     5.103     0.087      1.77  -392322.1   -4443.0    ++
 K2c.3    13.148     2.448    13.374     0.810     1.382    12.348     0.381      2.73  -392861.3       0.0    +-
 K2c.3    23.973    -4.480    24.388     0.669     0.900     8.803     0.142      2.36  -393176.2    -314.9    ++
 K2c.3   -12.558    21.041    24.503     0.000     0.000     4.044     0.033      1.52  -397102.3   -4241.1    ++
 K2c.2   -12.528    20.768    24.254     0.646     0.846     4.063     0.033      1.52  -397009.9   -4148.6    ++
 K2c.2    12.681     2.486    12.922     0.325     0.344    12.508     0.413      2.74  -392882.9     -21.6    +-
 K2c.2    24.146    -4.838    24.626     0.000     0.000     8.520     0.138      2.33  -393238.8    -377.5    ++
 K2c.1   -11.941    21.900    24.944     0.739     1.096     4.065     0.034      1.52  -396725.5   -3864.3    ++
 K2c.1    24.782    -3.758    25.065     0.204     0.209     8.531     0.140      2.33  -392956.3     -95.0    ++
 K2c.1    13.240     3.656    13.736     0.000     0.000     9.796     0.267      2.48  -392581.2     280.1    +-
 K2b.3    14.987     0.767    15.007     0.819     1.425     9.168     0.172      2.41  -393077.4       0.0    +-
 K2b.3    22.025    -3.745    22.341     0.811     1.384    11.678     0.189      2.67  -393185.1    -107.6    ++
 K2b.3   -13.449    21.087    25.011     0.000     0.000     3.945     0.031      1.49  -397971.4   -4893.9    ++
 K2b.2   -13.584    20.875    24.906     0.812     1.390     3.942     0.031      1.49  -398053.2   -4975.8    ++
 K2b.2    14.921     0.541    14.931     0.204     0.208     8.978     0.171      2.38  -393139.3     -61.9    +-
 K2b.2    21.853    -3.927    22.203     0.000     0.000    11.833     0.191      2.68  -393243.1    -165.7    ++
 K2b.1   -12.912    21.453    25.039     0.840     1.546     3.981     0.032      1.50  -397543.6   -4466.2    ++
 K2b.1    23.035    -3.705    23.331     0.291     0.305    10.154     0.163      2.52  -393081.9      -4.5    ++
 K2b.1    14.540     1.752    14.645     0.000     0.000    11.419     0.251      2.64  -392897.9     179.5    +-
 K2a.3    13.786     2.237    13.966     0.831     1.497    12.257     0.340      2.72  -392859.2       0.0    +-
 K2a.3    23.626    -4.081    23.976     0.704     0.991     9.295     0.149      2.42  -393114.2    -255.0    ++
 K2a.3   -12.673    21.300    24.785     0.000     0.000     4.015     0.033      1.51  -397274.1   -4414.9    ++
 K2a.2   -12.699    21.015    24.553     0.684     0.938     4.029     0.033      1.51  -397222.5   -4363.3    ++
 K2a.2    13.410     2.174    13.585     0.370     0.398    12.507     0.367      2.74  -392903.1     -43.9    +-
 K2a.2    23.715    -4.431    24.125     0.000     0.000     9.035     0.145      2.39  -393185.1    -325.9    ++
 K2a.1   -12.095    22.052    25.151     0.787     1.276     4.038     0.033      1.52  -396908.5   -4049.3    ++
 K2a.1    24.418    -3.481    24.665     0.266     0.276     8.917     0.146      2.38  -392920.8     -61.6    ++
 K2a.1    13.712     3.390    14.124     0.000     0.000    11.056     0.314      2.61  -392607.9     251.3    +-
 K4d.3     9.400    18.146    20.436     0.266     0.276    10.533     0.312      2.56  -388693.5       0.0    +-
 K4d.3    -0.567    24.108    24.114     0.231     0.238     7.733     0.099      2.22  -388969.1    -275.7    ++
 K4d.3    38.636    -3.048    38.756     0.000     0.000     5.421     0.099      1.84  -393223.6   -4530.1    ++
 K4d.2    -1.054    24.386    24.409     0.309     0.325     7.179     0.090      2.14  -389252.8    -559.3    ++
 K4d.2    38.168    -2.820    38.272     0.160     0.162     5.421     0.099      1.84  -393114.6   -4421.1    ++
 K4d.2    10.006    17.700    20.333     0.000     0.000     8.304     0.198      2.30  -388879.8    -186.3    +-
 K4d.1    10.133    17.710    20.404     0.295     0.309     8.143     0.189      2.28  -388897.0    -203.6    +-
 K4d.1    38.141    -2.724    38.238     0.195     0.199     5.410     0.098      1.83  -393086.4   -4393.0    ++
 K4d.1    -1.079    24.508    24.532     0.000     0.000     7.116     0.089      2.13  -389285.9    -592.4    ++
 K4c.3     8.157    18.860    20.549     0.515     0.601    16.494     0.758      3.04  -388409.8       0.0    +-
 K4c.3     0.149    23.615    23.616     0.252     0.261     8.899     0.119      2.37  -388565.3    -155.5    ++
 K4c.3    39.299    -3.423    39.448     0.000     0.000     5.438     0.099      1.84  -393383.4   -4973.6    ++
 K4c.2    -0.106    23.959    23.960     0.563     0.681     8.327     0.109      2.30  -388725.1    -315.3    ++
 K4c.2    39.066    -3.173    39.195     0.398     0.434     5.401     0.098      1.83  -393296.7   -4886.8    ++
 K4c.2     8.819    18.647    20.627     0.000     0.000    13.645     0.534      2.84  -388513.6    -103.7    +-
 K4c.1     9.012    18.564    20.635     0.530     0.626    12.830     0.469      2.77  -388549.8    -140.0    +-
 K4c.1    38.981    -3.101    39.104     0.238     0.245     5.394     0.097      1.83  -393269.9   -4860.0    ++
 K4c.1    -0.196    24.054    24.055     0.000     0.000     8.163     0.106      2.28  -388781.0    -371.2    ++
 K4b.3     4.848    20.117    20.693     0.813     1.398    18.367     0.822      3.16  -387953.4       0.0    +-
 K4b.3     1.468    22.552    22.599     0.372     0.401    14.216     0.326      2.88  -387966.6     -13.2    ++
 K4b.3    40.306    -4.075    40.512     0.000     0.000     5.421     0.099      1.84  -393633.1   -5679.7    ++
 K4b.2     1.809    22.589    22.661     0.843     1.566    16.509     0.519      3.04  -387848.4     105.0    ++
 K4b.2    40.541    -4.014    40.739     0.810     1.383     5.311     0.095      1.81  -393653.3   -5699.9    ++
 K4b.2     4.313    20.566    21.013     0.000     0.000    17.094     0.991      3.08  -387845.5     107.9    +-
 K4b.1     4.507    20.534    21.022     0.839     1.542    16.240     0.886      3.03  -387870.8      82.6    +-
 K4b.1    40.499    -3.929    40.689     0.391     0.424     5.303     0.094      1.81  -393615.5   -5662.1    ++
 K4b.1     1.714    22.769    22.834     0.000     0.000    15.112     0.398      2.95  -387876.8      76.6    ++
 K4a.3     6.894    19.374    20.564     0.728     1.063    22.683     0.918      3.39  -388232.8       0.0    +-
 K4a.3     0.641    23.187    23.196     0.243     0.251    10.180     0.147      2.52  -388308.9     -76.2    ++
 K4a.3    39.720    -3.718    39.894     0.000     0.000     5.461     0.100      1.84  -393495.7   -5262.9    ++
 K4a.2     0.567    23.317    23.324     0.799     1.329     9.887     0.140      2.49  -388350.6    -117.8    ++
 K4a.2    39.661    -3.632    39.827     0.705     0.994     5.442     0.099      1.84  -393468.8   -5236.1    ++
 K4a.2     7.148    19.335    20.614     0.000     0.000    22.329     1.041      3.37  -388263.8     -31.0    +-
 K4a.1     7.304    19.475    20.800     0.809     1.376    23.680     1.283      3.44  -388265.7     -33.0    +-
 K4a.1    39.683    -3.482    39.836     0.234     0.241     5.386     0.097      1.83  -393432.2   -5199.4    ++
 K4a.1     0.592    23.547    23.554     0.000     0.000     9.715     0.136      2.47  -388359.8    -127.1    ++
K10b.3   193.188    63.364   203.314     0.845     1.580     5.720     0.396      1.89  -516056.0       0.0    ++
K10b.3   196.346    52.994   203.372     0.732     1.074     4.927     0.299      1.73  -515858.7     197.3    +-
K10b.3   195.189    33.936   198.117     0.000     0.000     3.693     0.215      1.42  -516967.4    -911.4    ++
K10b.2   193.207    63.337   203.324     0.774     1.224     5.740     0.397      1.90  -516059.4      -3.3    ++
K10b.2   195.194    33.922   198.120     0.734     1.081     3.688     0.215      1.42  -516979.9    -923.9    ++
K10b.2   196.349    53.022   203.382     0.000     0.000     4.953     0.300      1.74  -515865.6     190.4    +-
K10b.1   194.779    33.214   197.590     0.842     1.562     3.502     0.199      1.36  -516740.4    -684.4    ++
K10b.1   195.935    54.097   203.266     0.795     1.312     6.345     0.364      2.01  -515366.7     689.3    +-
K10b.1   193.122    62.595   203.013     0.000     0.000     6.432     0.464      2.02  -515465.0     591.0    ++
K10a.3   193.053    63.921   203.360     0.844     1.571     5.332     0.360      1.82  -516286.1       0.0    ++
K10a.3   196.485    52.318   203.331     0.687     0.944     4.431     0.274      1.62  -516004.0     282.2    +-
K10a.3   195.325    34.411   198.333     0.000     0.000     3.854     0.230      1.46  -516949.1    -663.0    ++
K10a.2   193.107    63.969   203.427     0.756     1.155     5.297     0.356      1.81  -516384.0     -97.9    ++
K10a.2   195.402    34.497   198.424     0.682     0.933     3.883     0.232      1.47  -517013.0    -726.9    ++
K10a.2   196.549    52.237   203.372     0.000     0.000     4.384     0.272      1.60  -516090.1     196.0    +-
K10a.1   194.872    33.757   197.774     0.837     1.528     3.652     0.212      1.41  -516641.5    -355.4    ++
K10a.1   196.095    53.097   203.156     0.766     1.190     5.037     0.301      1.76  -515472.5     813.6    +-
K10a.1   192.853    63.381   203.001     0.000     0.000     5.725     0.398      1.89  -515677.2     609.0    ++
 K1e.3    56.436    50.679    75.851     0.999    26.166   102.813     8.659      5.03  -399292.5       0.0    ++
 K1e.3    56.121    51.288    76.026     0.999    24.186   126.824    36.089      5.26  -399286.5       6.0    +-
 K1e.3    51.457    56.290    76.265     0.000     0.000    19.253     1.267      3.21  -399313.9     -21.4    ++
 K1e.2    51.430    56.289    76.246     0.998    15.732    19.206     1.263      3.21  -399303.9     -11.4    ++
 K1e.2    56.040    51.399    76.042     0.000     0.000    82.916    10.864      4.80  -399276.5      16.0    +-
 K1e.1    51.511    56.279    76.294     1.000   110.085    19.380     1.278      3.22  -399327.9     -35.4    ++
 K1e.1    56.247    51.109    75.999     0.968     3.831  1603.021  57769.634      8.01  -399300.6      -8.1    +-
 K1d.3    56.716    50.555    75.977     0.998    14.237    47.952     2.447      4.20  -399389.1       0.0    ++
 K1d.3    55.889    52.049    76.372     0.994     9.216    53.201     3.950      4.31  -399381.1       8.0    +-
 K1d.3    52.086    55.998    76.477     0.000     0.000    21.751     1.472      3.34  -399400.6     -11.5    ++
 K1d.2    52.135    55.946    76.472     0.990     7.085    22.135     1.503      3.36  -399393.5      -4.4    ++
 K1d.2    56.789    50.393    75.924     0.980     4.955    39.747     1.918      4.00  -399378.4      10.7    ++
 K1d.2    55.772    52.220    76.403     0.000     0.000    43.798     2.900      4.10  -399374.8      14.3    +-
 K1d.1    52.444    55.792    76.571     0.997    12.658    24.224     1.683      3.46  -399435.8     -46.7    ++
 K1d.1    55.690    52.485    76.525     0.985     5.804    42.813     2.653      4.08  -399417.2     -28.2    +-
 K1d.1    56.866    50.438    76.011     0.000     0.000    36.951     1.755      3.92  -399422.4     -33.3    ++
 K1c.3    57.104    49.505    75.575     0.994     8.869    21.325     0.965      3.32  -399319.8       0.0    ++
 K1c.3    55.147    52.946    76.449     0.944     2.872    27.452     1.500      3.60  -399314.7       5.1    +-
 K1c.3    52.378    55.606    76.390     0.000     0.000    25.033     1.743      3.50  -399318.9       0.9    ++
 K1c.2    57.171    49.244    75.455     0.986     5.904    18.952     0.860      3.19  -399292.4      27.4    ++
 K1c.2    52.466    55.470    76.351     0.921     2.366    26.504     1.867      3.56  -399290.2      29.6    ++
 K1c.2    54.956    53.117    76.430     0.000     0.000    26.396     1.419      3.55  -399283.8      36.0    +-
 K1c.1    53.035    55.180    76.535     0.997    12.296    36.823     2.944      3.92  -399366.7     -46.9    ++
 K1c.1    57.255    49.462    75.661     0.000     0.000    19.501     0.888      3.23  -399372.4     -52.6    ++
 K1b.3    57.332    49.327    75.632     0.999    19.132    18.120     0.828      3.15  -399374.9       0.0    ++
 K1b.3    53.416    54.860    76.570     0.000     0.000    60.993     6.666      4.46  -399363.2      11.7    ++
 K1b.2    57.318    49.380    75.656     0.998    14.463    18.505     0.845      3.17  -399380.6      -5.7    ++
 K1b.2    53.359    54.922    76.575     0.917     2.296    54.256     5.425      4.34  -399370.2       4.6    ++
 K1b.1    57.523    49.343    75.787     0.000     0.000    16.877     0.778      3.07  -399455.8     -81.0    ++
 N5b.3    34.623    13.325    37.099     0.954     3.176    17.982     0.832      3.14  -390792.8       0.0    ++
 N5b.3    23.488    24.416    33.879     0.383     0.415     5.416     0.310      1.83  -390412.1     380.7    +-
 N5b.3    -1.251    38.703    38.723     0.000     0.000     4.806     0.067      1.70  -393598.9   -2806.0    ++
 N5b.1    -0.577    39.073    39.077     0.975     4.349     4.961     0.072      1.74  -393319.5   -2526.7    ++
 N5b.1    23.388    25.136    34.334     0.954     3.184     5.092     0.355      1.77  -390352.2     440.7    +-
 N5b.1    35.518    13.012    37.827     0.000     0.000    21.908     1.175      3.35  -390812.1     -19.3    ++
 N5a.3    36.593    11.264    38.288     0.888     1.931    11.346     0.396      2.64  -390884.8       0.0    ++
 N5a.3    22.767    24.916    33.751     0.276     0.287     4.747     0.342      1.69  -390246.8     638.0    +-
 N5a.3    -0.573    38.411    38.415     0.000     0.000     5.000     0.073      1.75  -392995.6   -2110.8    ++
 N5a.1    -0.077    38.785    38.785     0.870     1.768     5.130     0.076      1.78  -392833.7   -1949.0    ++
 N5a.1    22.820    25.457    34.188     0.800     1.332     4.474     0.349      1.63  -390203.3     681.5    +-
 N5a.1    37.114    11.381    38.820     0.000     0.000    10.769     0.367      2.58  -390909.6     -24.8    ++
 K3b.3    36.650    25.701    44.763     0.993     8.133    34.287     2.347      3.84  -391189.0       0.0    ++
 K3b.3    34.635    28.419    44.802     0.982     5.135    20.214     1.112      3.26  -391185.3       3.7    +-
 K3b.3     8.124    46.421    47.126     0.000     0.000     7.405     0.169      2.17  -393393.8   -2204.8    ++
 K3b.2     7.546    46.209    46.821     0.993     8.153     7.286     0.163      2.16  -393423.1   -2234.1    ++
 K3b.2    34.395    28.224    44.493     0.509     0.591    20.957     1.109      3.30  -391151.1      37.9    +-
 K3b.2    36.461    25.356    44.411     0.000     0.000    33.752     2.300      3.82  -391150.9      38.1    ++
 K3b.1     7.614    46.266    46.888     0.988     6.319     7.283     0.163      2.16  -393441.6   -2252.6    ++
 K3b.1    36.350    25.638    44.482     0.533     0.630    37.730     2.775      3.94  -391158.3      30.7    ++
 K3b.1    34.549    28.118    44.545     0.000     0.000    24.838     1.633      3.49  -391160.5      28.5    +-
 K3a.3    38.330    23.064    44.734     0.985     5.766    21.414     1.079      3.33  -391170.3       0.0    ++
 K3a.3    33.660    29.883    45.011     0.959     3.379    10.055     0.346      2.51  -391107.3      63.1    +-
 K3a.3     8.938    46.118    46.977     0.000     0.000     7.866     0.188      2.24  -392959.0   -1788.7    ++
 K3a.2     8.678    45.863    46.677     0.981     5.035     7.985     0.191      2.26  -392855.7   -1685.4    ++
 K3a.2    33.186    30.233    44.892     0.311     0.328    11.013     0.436      2.60  -391048.9     121.4    +-
 K3a.2    38.615    22.112    44.498     0.000     0.000    18.842     0.936      3.19  -391144.3      26.0    ++
 K3a.1     8.542    45.930    46.717     0.964     3.607     7.887     0.187      2.24  -392937.0   -1766.7    ++
 K3a.1    38.339    22.549    44.478     0.394     0.429    20.196     1.012      3.26  -391131.2      39.1    ++
 K3a.1    33.350    29.962    44.832     0.000     0.000    10.594     0.388      2.56  -391069.6     100.7    +-
 K8b.3     2.940    31.725    31.861     0.449     0.503     7.714     0.136      2.22  -388814.1       0.0    ++
 K8b.3    14.549    24.485    28.481     0.236     0.242     5.129     0.120      1.78  -388348.6     465.4    +-
 K8b.3    42.092     2.088    42.144     0.000     0.000     5.269     0.091      1.80  -392442.0   -3628.0    ++
 K8b.2    41.968     1.967    42.014     0.233     0.240     5.276     0.091      1.81  -392446.3   -3632.2    ++
 K8b.2     2.741    31.600    31.719     0.226     0.232     7.582     0.131      2.20  -388854.8     -40.8    ++
 K8b.2    14.496    24.309    28.303     0.000     0.000     5.140     0.118      1.78  -388375.1     439.0    +-
 K8b.1    42.144     1.402    42.167     0.447     0.500     5.199     0.089      1.79  -392576.0   -3761.9    ++
 K8b.1    13.951    24.273    27.997     0.242     0.250     6.074     0.129      1.96  -388245.3     568.8    +-
 K8b.1     2.944    31.060    31.199     0.000     0.000     7.948     0.139      2.25  -388631.6     182.5    ++
 K8a.3     2.760    32.433    32.551     0.426     0.471     7.360     0.128      2.17  -389078.2       0.0    ++
 K8a.3    15.185    24.615    28.922     0.273     0.284     4.479     0.112      1.63  -388509.9     568.3    +-
 K8a.3    41.919     2.840    42.015     0.000     0.000     5.372     0.095      1.83  -392283.4   -3205.1    ++
 K8a.2    41.428     2.882    41.528     0.269     0.279     5.455     0.098      1.84  -392208.3   -3130.1    ++
 K8a.2     2.082    32.438    32.504     0.181     0.184     6.864     0.114      2.09  -389353.4    -275.1    ++
 K8a.2    15.363    24.169    28.638     0.000     0.000     4.314     0.108      1.59  -388668.8     409.4    +-
 K8a.1    41.804     2.337    41.869     0.409     0.448     5.338     0.094      1.82  -392356.3   -3278.1    ++
 K8a.1    14.842    24.293    28.468     0.215     0.220     4.718     0.113      1.68  -388473.4     604.8    +-
 K8a.1     2.541    31.945    32.046     0.000     0.000     7.319     0.125      2.16  -389027.7      50.5    ++
K13b.2   189.479    30.867   191.976     0.444     0.495     3.251     0.186      1.28  -510586.8       0.0    ++
K13b.2   186.816    64.256   197.558     0.393     0.428     5.617     0.406      1.87  -508735.4    1851.4    ++
K13b.2   191.150    53.530   198.504     0.000     0.000     6.332     0.225      2.00  -508388.8    2198.0    +-
K13b.1   189.532    30.383   191.952     0.688     0.949     3.165     0.177      1.25  -510798.0    -211.2    ++
K13b.1   190.790    54.397   198.393     0.320     0.338     8.650     0.287      2.34  -508356.9    2229.9    +-
K13b.1   187.131    63.417   197.585     0.000     0.000     6.258     0.466      1.99  -508585.2    2001.6    ++
K13a.3   186.958    64.128   197.650     0.673     0.909     5.711     0.415      1.89  -508811.4       0.0    ++
K13a.3   191.204    53.689   198.599     0.476     0.542     6.731     0.239      2.07  -508487.0     324.5    +-
K13a.3   189.575    30.819   192.063     0.000     0.000     3.240     0.185      1.28  -510709.0   -1897.6    ++
K13a.2   189.601    30.282   192.004     0.548     0.655     3.146     0.175      1.24  -510910.2   -2098.7    ++
K13a.2   187.277    63.195   197.652     0.297     0.311     6.464     0.485      2.03  -508614.4     197.1    ++
K13a.2   190.728    54.671   198.409     0.000     0.000     9.465     0.305      2.44  -508412.1     399.3    +-
K13a.1   189.589    29.822   191.920     0.732     1.073     3.071     0.167      1.22  -511060.4   -2249.0    ++
K13a.1   190.141    55.328   198.027     0.440     0.490     6.154     0.221      1.97  -508296.3     515.2    +-
K13a.1   187.541    62.319   197.624     0.000     0.000     7.450     0.575      2.18  -508417.5     393.9    ++
 K15.3    47.444    49.860    68.825     0.904     2.111    30.473     2.748      3.71  -396550.5       0.0    +-
 K15.3    40.732    56.717    69.827     0.786     1.271    15.547     0.899      2.98  -396632.2     -81.7    ++
 K15.3    52.831    42.462    67.780     0.000     0.000    11.342     0.672      2.64  -396631.5     -81.0    ++
 K15.2    42.720    56.014    70.445     0.997    12.660    25.395     1.518      3.51  -396598.6     -48.1    ++
 K15.2    53.687    42.049    68.195     0.950     3.048     9.921     0.572      2.49  -396734.6    -184.1    ++
 K15.2    47.083    51.925    70.092     0.000     0.000    56.362     6.826      4.38  -396592.3     -41.8    +-
 K15.1    47.233    51.698    70.026     0.997    13.386    56.680     6.891      4.38  -396609.2     -58.7    +-
 K15.1    53.691    42.098    68.227     0.910     2.193     9.940     0.573      2.49  -396746.5    -196.0    ++
 K15.1    42.731    56.048    70.479     0.000     0.000    25.093     1.499      3.50  -396616.0     -65.5    ++
  N6.3   178.615    67.322   190.881     0.391     0.425     7.894     0.560      2.24  -501844.1       0.0    ++
  N6.3   176.040    51.259   183.350     0.287     0.299     3.241     0.166      1.28  -500831.7    1012.4    +-
  N6.3   181.858    32.010   184.653     0.000     0.000     3.778     0.243      1.44  -502276.6    -432.4    ++
  N6.2   181.266    31.009   183.899     0.285     0.298     3.541     0.217      1.37  -501833.2      10.9    ++
  N6.2   177.882    66.016   189.737     0.236     0.242     5.656     0.409      1.88  -500633.2    1210.9    ++
  N6.2   175.207    52.100   182.789     0.000     0.000     2.777     0.149      1.11  -500012.3    1831.8    +-
  N6.1   180.276    32.499   183.182     0.556     0.669     3.985     0.265      1.50  -500829.6    1014.5    ++
  N6.1   174.774    50.745   181.992     0.317     0.335     3.169     0.189      1.25  -499633.5    2210.6    +-
  N6.1   176.880    68.150   189.555     0.000     0.000     5.526     0.416      1.86  -500646.9    1197.2    ++
 N7b.3     9.382    17.103    19.507     0.527     0.621     7.161     0.153      2.14  -388490.6       0.0    +-
 N7b.3    -2.491    24.300    24.427     0.380     0.411     7.090     0.094      2.13  -388981.8    -491.1    ++
 N7b.3    41.273    -6.440    41.773     0.000     0.000     6.014     0.141      1.95  -393978.6   -5487.9    ++
 N7b.2    40.868    -7.101    41.480     0.544     0.648     6.311     0.165      2.00  -394041.4   -5550.7    ++
 N7b.2    -3.018    23.737    23.928     0.197     0.201     6.901     0.090      2.10  -389179.0    -688.4    ++
 N7b.2     9.222    16.375    18.794     0.000     0.000     6.448     0.129      2.02  -388644.9    -154.2    +-
 N7b.1    40.860    -6.465    41.368     0.448     0.500     6.615     0.177      2.05  -393913.5   -5422.8    ++
 N7b.1     9.626    16.583    19.174     0.176     0.179     6.218     0.124      1.98  -388681.0    -190.3    +-
 N7b.1    -3.030    24.256    24.444     0.000     0.000     6.755     0.088      2.07  -389273.2    -782.5    ++
 N7a.3     9.075    16.273    18.632     0.525     0.617     6.504     0.129      2.03  -388638.1       0.0    +-
 N7a.3    -3.028    23.532    23.726     0.385     0.417     6.952     0.091      2.11  -389152.0    -513.9    ++
 N7a.3    40.844    -7.337    41.497     0.000     0.000     6.180     0.159      1.98  -394091.3   -5453.3    ++
 N7a.2    40.455    -8.338    41.306     0.385     0.417     5.735     0.134      1.90  -394276.7   -5638.7    ++
 N7a.2    -3.318    22.606    22.849     0.211     0.215     7.022     0.092      2.12  -389171.7    -533.7    ++
 N7a.2     8.551    15.583    17.775     0.000     0.000     6.456     0.123      2.02  -388694.3     -56.3    +-
 N7a.1    40.374    -7.939    41.147     0.400     0.437     6.190     0.160      1.98  -394143.0   -5504.9    ++
 N7a.1     8.967    15.635    18.024     0.199     0.203     6.140     0.116      1.97  -388778.0    -140.0    +-
 N7a.1    -3.490    23.054    23.316     0.000     0.000     6.790     0.087      2.08  -389327.5    -689.4    ++
 N8b.3   -15.468     4.521    16.115     0.647     0.849     5.876     0.061      1.92  -396281.0       0.0    ++
 N8b.3    -4.897    -9.327    10.535     0.595     0.740     9.599     0.227      2.46  -395628.8     652.2    +-
 N8b.3    27.994   -21.924    35.557     0.000     0.000     5.105     0.106      1.77  -398847.4   -2566.4    ++
 N8b.2    -6.302    -7.121     9.509     0.773     1.218    10.999     0.243      2.60  -394829.5    1451.5    +-
 N8b.2    29.514   -21.967    36.792     0.647     0.849     4.866     0.099      1.72  -398859.4   -2578.4    ++
 N8b.2   -14.322     4.531    15.022     0.000     0.000     6.407     0.068      2.02  -395282.8     998.2    ++
 N8b.1   -14.706     5.296    15.631     0.797     1.320     6.039     0.063      1.95  -395553.7     727.3    ++
 N8b.1    29.030   -21.486    36.116     0.562     0.679     4.996     0.104      1.75  -398616.9   -2335.9    ++
 N8b.1    -5.184    -7.986     9.521     0.000     0.000     9.132     0.204      2.40  -394953.1    1327.9    +-
 N8a.3   -15.675     4.143    16.213     0.648     0.850     5.869     0.061      1.92  -396492.1       0.0    ++
 N8a.3    -4.904    -9.719    10.886     0.617     0.784     9.879     0.238      2.49  -395847.6     644.6    +-
 N8a.3    27.707   -22.151    35.473     0.000     0.000     5.125     0.106      1.77  -398967.1   -2474.9    ++
 N8a.2    -6.568    -7.284     9.808     0.799     1.328    12.651     0.314      2.76  -395002.4    1489.7    +-
 N8a.2    29.307   -22.179    36.754     0.647     0.849     4.868     0.099      1.72  -398967.7   -2475.5    ++
 N8a.2   -14.471     4.171    15.060     0.000     0.000     6.423     0.068      2.02  -395436.2    1055.9    ++
 N8a.1   -14.892     4.950    15.694     0.818     1.422     6.031     0.063      1.95  -395738.5     753.6    ++
 N8a.1    28.779   -21.690    36.037     0.598     0.746     5.006     0.104      1.75  -398721.7   -2229.6    ++
 N8a.1    -5.295    -8.292     9.838     0.000     0.000     9.754     0.231      2.47  -395147.2    1344.9    +-
 N9b.2   -20.753    12.863    24.416     0.952     3.093     4.365     0.039      1.60  -401743.2       0.0    ++
 N9b.2     8.993   -12.505    15.403     0.215     0.220     9.242     0.187      2.41  -396366.6    5376.5    +-
 N9b.2    16.813   -15.111    22.606     0.000     0.000    14.571     0.279      2.91  -396449.5    5293.7    ++
 N9b.1   -20.803    12.919    24.488     0.939     2.739     4.361     0.038      1.60  -401807.7     -64.5    ++
 N9b.1    16.546   -15.012    22.341     0.203     0.207    15.440     0.298      2.97  -396439.8    5303.4    ++
 N9b.1     9.194   -12.551    15.558     0.000     0.000    10.119     0.210      2.51  -396383.0    5360.1    +-
 N9a.2   -21.009    13.012    24.713     0.979     4.746     4.355     0.039      1.60  -402054.0       0.0    ++
 N9a.2    10.141   -12.867    16.383     0.128     0.129    16.750     0.438      3.06  -396427.0    5627.1    +-
 N9a.2    15.348   -14.657    21.223     0.000     0.000    21.349     0.471      3.32  -396440.8    5613.3    ++
 N9a.1   -21.095    13.045    24.803     0.986     5.931     4.354     0.039      1.60  -402155.9    -101.8    ++
 N9a.1    14.660   -14.446    20.581     0.098     0.099    28.091     0.785      3.62  -396437.4    5616.6    ++
 N9a.1    10.730   -13.073    16.912     0.000     0.000    23.974     0.783      3.45  -396443.6    5610.4    +-
