#This catalogue provides the latest version of the cluster member catalogue with spectroscopic redshifts and references, used for the 2026arXiv260122245R lens model
#last update: 6.2.2026.
#The updated version includes additional photometric cluster member id=250
#We note that the cluster member id=40 is a confirmed foreground object, despite being
#photometrically selected as a cluster member in the submitted version of the paper.

#======================================================================
#Redshifts from Barrena+2002 (2002A&A...386..816B), Foex+2017 (2017A&A...606A.122F), 
#Guzzo+2009 (2009A&A...499..357G) were compiled using NED database (https://ned.ipac.caltech.edu/).
#Some redshifts were obtained by several studies, in which case we quote the earliest publication as specz_ref.
#Richard+2021 MUSE redshifts were obtained from 2021A&A...646A..83R MUSE catalogues.
#Chung+2010 redshifts were obtained by 2010ApJ...725.1536C, and were provided for this work by the authors of the study (Anthony H. Gonzales).
#Where new NIRSpec redshifts are available, we quote Rihtarsic+2026 specz regardless of whether previous redshifts were available.
#for the individual redshift uncertainties refer directly to the references above.

#id ra dec mag_F277W specz specz_ref
1     104.6587173 -55.9571513 15.77     0.2987    Barrena+2002
2     104.6777425 -55.9765436 15.84     0.3001    Chung+2010
3     104.6467804 -55.9490486 16.05     0.2965    Barrena+2002
4     104.5664100 -55.9433565 16.25     0.2974    Barrena+2002
5     104.6374959 -55.9430606 16.81     0.2916    Foex+2017
6     104.6422242 -55.9383290 16.85     0.3009    Foex+2017
7     104.6295500 -55.9663229 16.88     0.2910    Barrena+2002
8     104.6560828 -55.9634102 17.14     0.3476    Chung+2010
9     104.6329332 -55.9435544 17.30     0.2898    Barrena+2002
10    104.6561237 -55.9507482 17.34     0.2958    Chung+2010
11    104.5580363 -55.9433370 17.39     0.2981    Barrena+2002
12    104.6501784 -55.9495087 17.46     0.2983    Barrena+2002
13    104.5748232 -55.9431942 17.52     0.2984    Barrena+2002
14    104.5702388 -55.9423774 17.63     0.2959    Chung+2010
15    104.6534419 -55.9379494 17.64     0.2980    Foex+2017
16    104.6354286 -55.9332298 17.66     0.3103    Guzzo+2009
17    104.6513276 -55.9547020 17.72     0.2899    Foex+2017
18    104.5896183 -55.9531392 17.75     0.2919    Chung+2010
19    104.6510028 -55.9587699 17.82     0.3473    Chung+2010
20    104.5459841 -55.9579947 17.84     0.2611    Chung+2010
21    104.6895260 -55.9763666 17.86     0.3015    Foex+2017
22    104.6549215 -55.9464664 17.88     0.2946    Barrena+2002
23    104.6581673 -55.9562454 17.89     0.2915    Barrena+2002
24    104.6200541 -55.9474917 17.92     0.2925    Rihtarsic+2026
25    104.6726996 -55.9534496 18.00     0.2978    Chung+2010
26    104.6308103 -55.9678909 18.01     -1        None
27    104.6591234 -55.9406224 18.06     0.2987    Barrena+2002
28    104.6614728 -55.9679410 18.06     -1        None
29    104.6046837 -55.9474519 18.07     0.2939    Barrena+2002
30    104.6822754 -55.9514308 18.12     0.3044    Chung+2010
31    104.6639181 -55.9587377 18.15     0.2978    Foex+2017
32    104.5872697 -55.9605599 18.15     -1        None
33    104.5731041 -55.9395059 18.16     -1        None
34    104.6541703 -55.9419385 18.18     0.3025    Barrena+2002
35    104.6771829 -55.9640530 18.23     0.2982    Foex+2017
36    104.5725762 -55.9373227 18.25     0.2998    Foex+2017
37    104.6232803 -55.9644127 18.26     0.2946    Rihtarsic+2026
38    104.6584205 -55.9625503 18.30     0.3028    Barrena+2002
39    104.5615321 -55.9306644 18.38     0.2986    Chung+2010
40    104.6308757 -55.9342524 18.38     0.1469    Barrena+2002
41    104.5619338 -55.9530600 18.40     0.2928    Chung+2010
42    104.6475247 -55.9553578 18.41     0.3001    Foex+2017
43    104.5368744 -55.9370766 18.41     0.3494    Chung+2010
44    104.6167259 -55.9593212 18.43     0.2919    Foex+2017
45    104.6726884 -55.9496944 18.49     0.2944    Chung+2010
46    104.5420771 -55.9558889 18.54     0.2966    Chung+2010
47    104.6235394 -55.9346073 18.61     0.2880    Barrena+2002
48    104.6077601 -55.9480511 18.67     -1        None
49    104.5501515 -55.9413397 18.71     0.3064    Chung+2010
50    104.6282510 -55.9610082 18.71     0.3474    Chung+2010
51    104.5923184 -55.9442945 18.74     0.3070    Chung+2010
52    104.6478872 -55.9510844 18.75     0.3068    Chung+2010
53    104.6238048 -55.9566678 18.75     0.3467    Chung+2010
54    104.6011956 -55.9411826 18.79     0.3013    Barrena+2002
55    104.5601653 -55.9326941 18.83     0.3472    Chung+2010
56    104.5882224 -55.9459639 18.83     0.2997    Chung+2010
57    104.6538861 -55.9463745 18.83     0.3002    Richard+2021
58    104.5586624 -55.9422405 18.84     -1        None
59    104.6649340 -55.9365751 18.87     0.2963    Foex+2017
60    104.6869329 -55.9657461 18.87     0.2921    Barrena+2002
61    104.6705892 -55.9501584 18.87     0.2943    Barrena+2002
62    104.5508534 -55.9517151 18.88     0.2947    Chung+2010
63    104.5654384 -55.9334678 18.88     0.2976    Foex+2017
64    104.6528118 -55.9397015 18.91     0.2895    Chung+2010
65    104.5840608 -55.9420917 18.92     0.2986    Barrena+2002
66    104.5820014 -55.9393558 18.92     0.3450    Chung+2010
67    104.6033090 -55.9673641 18.94     0.2919    Rihtarsic+2026
68    104.5374551 -55.9395877 18.94     -1        None
69    104.5848673 -55.9439604 18.97     -1        None
70    104.6159388 -55.9291487 18.99     0.2853    Foex+2017
71    104.5840898 -55.9319161 19.02     0.2995    Barrena+2002
72    104.5793644 -55.9309118 19.02     0.2930    Barrena+2002
73    104.5667461 -55.9443220 19.06     0.2975    Chung+2010
74    104.6299545 -55.9475163 19.12     0.2856    Foex+2017
75    104.5941715 -55.9463734 19.17     -1        None
76    104.5517080 -55.9432287 19.19     -1        None
77    104.6224690 -55.9322221 19.22     0.2864    Rihtarsic+2026
78    104.5821639 -55.9605912 19.24     0.2967    Chung+2010
79    104.6543996 -55.9597542 19.25     -1        None
80    104.6237391 -55.9314760 19.26     0.2933    Rihtarsic+2026
81    104.6070060 -55.9362760 19.27     -1        None
82    104.6275172 -55.9663622 19.28     -1        None
83    104.6407084 -55.9729122 19.30     0.3503    Chung+2010
84    104.6883370 -55.9778816 19.36     -1        None
85    104.6847400 -55.9559100 19.37     0.2988    Foex+2017
86    104.6491348 -55.9728947 19.37     -1        None
87    104.5825465 -55.9428617 19.38     0.3001    Chung+2010
88    104.5739398 -55.9389644 19.39     -1        None
89    104.6516070 -55.9514233 19.43     0.2983    Richard+2021
90    104.6395504 -55.9589656 19.44     0.2979    Foex+2017
91    104.5740739 -55.9423197 19.44     -1        None
92    104.6720589 -55.9594500 19.45     0.2918    Foex+2017
93    104.6067423 -55.9582057 19.47     0.3496    Chung+2010
94    104.6259613 -55.9602396 19.48     -1        None
95    104.5521198 -55.9490649 19.48     0.3014    Chung+2010
96    104.5593659 -55.9515257 19.48     -1        None
97    104.6594119 -55.9359608 19.49     0.2892    Chung+2010
98    104.6325428 -55.9428900 19.50     0.2907    Richard+2021
99    104.6481060 -55.9638914 19.51     -1        None
100   104.6620446 -55.9627761 19.51     0.3069    Foex+2017
101   104.6281151 -55.9378796 19.53     0.2975    Rihtarsic+2026
102   104.5752392 -55.9352679 19.54     -1        None
103   104.6708327 -55.9747504 19.58     0.2904    Chung+2010
104   104.6569481 -55.9703954 19.61     0.3484    Chung+2010
105   104.6376920 -55.9533036 19.62     0.2931    Richard+2021
106   104.6805315 -55.9413470 19.64     0.2931    Chung+2010
107   104.6612419 -55.9630567 19.65     0.3094    Rihtarsic+2026
108   104.6706910 -55.9585128 19.66     0.2918    Barrena+2002
109   104.5384584 -55.9311814 19.66     -1        None
110   104.5465507 -55.9175112 19.67     0.2988    Chung+2010
111   104.5640447 -55.9414177 19.69     0.3462    Chung+2010
112   104.6826700 -55.9479083 19.70     0.2896    Chung+2010
113   104.6528376 -55.9388510 19.71     0.3020    Rihtarsic+2026
114   104.6483487 -55.9389899 19.74     0.2939    Richard+2021
115   104.6952476 -55.9514706 19.74     0.3498    Chung+2010
116   104.5635178 -55.9380543 19.75     -1        None
117   104.6349938 -55.9296862 19.77     0.3005    Foex+2017
118   104.5779967 -55.9371776 19.80     -1        None
119   104.6513699 -55.9341188 19.83     -1        None
120   104.6297957 -55.9402415 19.84     0.3029    Richard+2021
121   104.6418165 -55.9657394 19.88     -1        None
122   104.5865600 -55.9365447 19.88     -1        None
123   104.6466106 -55.9529256 19.89     0.2840    Richard+2021
124   104.6618476 -55.9650495 19.90     0.2923    Rihtarsic+2026
125   104.6478125 -55.9480684 19.93     0.2944    Foex+2017
126   104.6488028 -55.9436987 19.94     0.2967    Foex+2017
127   104.6230431 -55.9544889 19.97     -1        None
128   104.6519830 -55.9573298 20.00     -1        None
129   104.6401671 -55.9531403 20.01     0.2933    Richard+2021
130   104.5457962 -55.9416573 20.02     -1        None
131   104.6475097 -55.9683491 20.02     -1        None
132   104.6523103 -55.9521865 20.03     0.2946    Richard+2021
133   104.6568952 -55.9619878 20.04     -1        None
134   104.6319008 -55.9491022 20.12     0.2982    Richard+2021
135   104.5986668 -55.9549631 20.12     0.2930    Foex+2017
136   104.6226210 -55.9636699 20.15     -1        None
137   104.6751770 -55.9368604 20.15     0.2945    Chung+2010
138   104.6518473 -55.9681434 20.17     -1        None
139   104.6250812 -55.9632337 20.24     -1        None
140   104.6420783 -55.9615753 20.25     -1        None
141   104.5850145 -55.9531999 20.26     -1        None
250   104.5524108 -55.9248884 20.28     -1        None
142   104.6501718 -55.9565422 20.31     0.3000    Rihtarsic+2026
143   104.6311777 -55.9491722 20.31     0.3512    Chung+2010
144   104.6821736 -55.9546114 20.32     -1        None
145   104.5574653 -55.9559672 20.33     -1        None
146   104.5784594 -55.9237837 20.34     -1        None
147   104.6678446 -55.9631909 20.34     -1        None
148   104.6769709 -55.9671051 20.38     -1        None
149   104.5318178 -55.9326881 20.39     -1        None
150   104.6745856 -55.9447964 20.39     0.2962    Rihtarsic+2026
151   104.6371507 -55.9520241 20.40     0.3013    Foex+2017
152   104.5595514 -55.9469439 20.40     -1        None
153   104.6516043 -55.9493558 20.42     0.2979    Richard+2021
154   104.5506902 -55.9423098 20.43     -1        None
155   104.6581997 -55.9588488 20.45     0.3055    Barrena+2002
156   104.5847064 -55.9601707 20.48     -1        None
157   104.6538669 -55.9497648 20.48     0.3493    Richard+2021
158   104.6053930 -55.9436377 20.51     -1        None
159   104.6147082 -55.9606968 20.52     -1        None
160   104.5699930 -55.9458306 20.52     -1        None
161   104.5373649 -55.9328409 20.54     -1        None
162   104.6112796 -55.9677040 20.55     -1        None
163   104.6411377 -55.9487356 20.57     0.3049    Richard+2021
164   104.5872324 -55.9574581 20.57     -1        None
165   104.6427389 -55.9550351 20.61     0.3035    Richard+2021
166   104.6484307 -55.9643705 20.62     -1        None
167   104.6848269 -55.9699646 20.62     -1        None
168   104.6240138 -55.9602236 20.63     -1        None
169   104.5700778 -55.9381969 20.65     -1        None
170   104.6564282 -55.9425625 20.65     0.3070    Richard+2021
171   104.6985329 -55.9478990 20.65     0.2963    Chung+2010
172   104.5472810 -55.9450200 20.66     -1        None
173   104.6757385 -55.9807671 20.66     -1        None
174   104.6545204 -55.9491007 20.67     0.3008    Rihtarsic+2026
175   104.5948177 -55.9367287 20.69     -1        None
176   104.5434792 -55.9168206 20.69     -1        None
177   104.6463697 -55.9552462 20.72     0.3058    Richard+2021
178   104.6408591 -55.9364517 20.72     0.3119    Rihtarsic+2026
179   104.6578484 -55.9585595 20.75     -1        None
180   104.5649480 -55.9603959 20.77     -1        None
181   104.6384766 -55.9506358 20.77     0.2963    Richard+2021
182   104.5630843 -55.9286578 20.80     0.3071    Chung+2010
183   104.6649617 -55.9607148 20.83     -1        None
184   104.6286595 -55.9332991 20.84     -1        None
185   104.6240625 -55.9369614 20.84     0.3000    Rihtarsic+2026
186   104.6442798 -55.9375436 20.85     -1        None
187   104.6414788 -55.9469822 20.85     0.2947    Richard+2021
188   104.5964329 -55.9569367 20.86     -1        None
189   104.6081660 -55.9521488 20.86     -1        None
190   104.5625287 -55.9464342 20.87     -1        None
191   104.6265824 -55.9381796 20.90     -1        None
192   104.5552721 -55.9540813 20.91     0.2843    Rihtarsic+2026
193   104.6553672 -55.9645181 20.91     -1        None
194   104.6735735 -55.9784531 20.94     -1        None
195   104.6661509 -55.9740118 20.97     -1        None
196   104.6762103 -55.9782989 20.99     -1        None
197   104.6579927 -55.9629713 21.00     -1        None
198   104.6450523 -55.9498542 21.01     0.2978    Richard+2021
199   104.6597891 -55.9489859 21.01     0.2897    Richard+2021
200   104.6672515 -55.9659863 21.02     -1        None
201   104.5434282 -55.9575750 21.02     -1        None
202   104.6654089 -55.9574612 21.03     -1        None
203   104.6462454 -55.9410565 21.05     0.3009    Rihtarsic+2026
204   104.5624398 -55.9402969 21.06     -1        None
205   104.6354549 -55.9477214 21.14     0.2995    Richard+2021
206   104.6385186 -55.9518669 21.14     0.3000    Richard+2021
207   104.6541766 -55.9699401 21.16     -1        None
208   104.6852159 -55.9774868 21.18     -1        None
209   104.6132859 -55.9523667 21.18     -1        None
210   104.6184096 -55.9349013 21.18     -1        None
211   104.5557153 -55.9233908 21.20     -1        None
212   104.6249042 -55.9658259 21.21     0.2960    Foex+2017
213   104.5425608 -55.9445579 21.23     -1        None
214   104.5959167 -55.9341488 21.24     -1        None
215   104.6180830 -55.9535481 21.24     -1        None
216   104.6802520 -55.9736832 21.25     -1        None
217   104.6454311 -55.9476566 21.26     0.2947    Richard+2021
218   104.6657154 -55.9770945 21.27     -1        None
219   104.6429236 -55.9679294 21.27     -1        None
