run,evt,date,time,dsttype,ecm,nctrk,nntrk,nvecp,ncvecp,nnvecp,sum_px_ch,sum_py_ch,sum_pz_ch,sum_e_ch,sum_p_ch,mean_p_ch,sum_px_all,sum_py_all,sum_pz_all,sum_e_all,echar,emneu,ehneu,nhpc,ehpc_sum,nemf,eemf_sum,nemclu,eemclu_sum,nphot,ephot_sum,ephot_min,ephot_max,nstic,estic_sum,ihad4,sample,file_id
-21041,1060,20227,203903,94C2, 9.125000E+01,23,17,40,23,17, 2.541343E+00,-6.804161E+00,-2.030585E+01, 4.110464E+01, 4.075422E+01, 1.771923E+00,-1.454254E+00, 3.156556E+00, 2.002510E+00, 9.165541E+01, 3.065657E+01, 4.496287E+01, 5.564972E+00,1, 0.000000E+00,16, 5.545558E+00,0, 0.000000E+00,1, 5.281360E-01, 5.281360E-01, 5.281360E-01,1, 0.000000E+00,1,mc_qqps,53
-21041,1061,20227,203914,94C2, 9.125000E+01,20,17,37,20,17, 8.729878E+00,-1.025004E+01,-7.913218E+00, 4.855602E+01, 4.820128E+01, 2.410064E+00, 4.842967E+00,-2.223919E+00,-4.836246E+00, 8.255649E+01, 4.673996E+01, 2.997078E+01, 3.161517E+00,19, 2.293881E+01,2, 0.000000E+00,0, 0.000000E+00,14, 2.551973E+01, 5.715622E-01, 3.520318E+00,NULL,NULL,1,mc_qqps,53
-21041,1062,20227,203928,94C2, 9.125000E+01,46,15,61,46,15, 1.131224E+01, 4.820264E+00,-6.906562E-01, 5.485197E+01, 5.391009E+01, 1.171959E+00, 5.268922E+00, 2.313966E+00, 3.112301E+00, 7.261838E+01, 3.982877E+01, 1.737814E+01, 3.882678E-01,11, 6.464588E-01,5, 1.017651E+00,0, 0.000000E+00,6, 1.022972E+01, 4.365709E-01, 4.378953E+00,2, 0.000000E+00,1,mc_qqps,53
-21041,1063,20227,203950,94C2, 9.125000E+01,28,11,39,28,11, 1.295839E+00,-3.316243E+00, 2.990380E+00, 8.555344E+01, 8.527899E+01, 3.045678E+00, 4.496335E+00,-1.625219E+01, 7.134406E+00, 1.107595E+02, 7.139557E+01, 1.286758E+01, 5.132527E+00,13, 1.265966E+01,0, 0.000000E+00,0, 0.000000E+00,8, 1.948425E+01, 3.696622E-01, 6.937427E+00,NULL,NULL,1,mc_qqps,53
-21041,1064,20227,204005,94C2, 9.125000E+01,24,15,39,24,15,-5.064994E-01,-1.339990E+01,-2.222224E+01, 5.827548E+01, 5.802406E+01, 2.417669E+00,-1.045311E+00,-6.035435E+00,-9.230928E+00, 8.142788E+01, 5.740116E+01, 2.125762E+01, 8.801981E-01,11, 8.018969E-01,6, 0.000000E+00,0, 0.000000E+00,7, 7.178081E+00, 5.226829E-01, 1.763559E+00,NULL,NULL,1,mc_qqps,53
-21041,1065,20227,204023,94C2, 9.125000E+01,9,11,20,9,11,-4.658345E+01,-5.709852E+01,-1.083040E+02, 1.487011E+02, 1.485819E+02, 1.650910E+01,-4.711124E+01,-6.385232E+01,-1.131453E+02, 1.716517E+02, 2.568071E+01, 1.923639E+01, 3.714194E+00,3, 0.000000E+00,5, 0.000000E+00,0, 0.000000E+00,3, 6.516965E+00, 2.073844E+00, 2.221958E+00,NULL,NULL,1,mc_qqps,53
-21041,1066,20227,204038,94C2, 9.125000E+01,15,3,18,15,3, 4.435875E+00,-5.058410E+00,-2.853804E-01, 3.341756E+01, 3.312493E+01, 2.208329E+00, 5.160203E+00,-8.867980E+00,-3.841850E-01, 3.857021E+01, 3.189009E+01, 6.893502E-01, 0.000000E+00,6, 1.314901E+00,0, 0.000000E+00,0, 0.000000E+00,3, 5.152658E+00, 6.893502E-01, 2.492777E+00,NULL,NULL,1,mc_qqps,53
-21041,1067,20227,204052,94C2, 9.125000E+01,21,12,33,21,12,-2.586409E+00, 6.228927E-01, 9.043795E-01, 5.519310E+01, 5.494167E+01, 2.616270E+00, 6.587111E+00,-2.156832E+00, 2.078622E+00, 7.131133E+01, 5.338483E+01, 1.574145E+01, 3.767691E-01,16, 4.378884E+00,0, 0.000000E+00,0, 0.000000E+00,11, 1.574145E+01, 6.072694E-01, 3.054490E+00,NULL,NULL,1,mc_qqps,53
-21041,1068,20227,204106,94C2, 9.125000E+01,26,6,32,26,6,-3.125826E-01, 7.613590E-01,-7.106956E-01, 8.121880E+01, 8.092771E+01, 3.112604E+00, 3.377572E-02, 1.103495E+00,-1.687264E+00, 8.531237E+01, 7.697830E+01, 4.093579E+00, 0.000000E+00,0, 0.000000E+00,11, 7.658663E+00,0, 0.000000E+00,NULL,NULL,NULL,NULL,NULL,NULL,1,mc_qqps,53
-21041,1069,20227,204121,94C2, 9.125000E+01,19,21,40,19,21, 1.214203E+01, 7.867957E+00, 1.313245E+01, 6.417843E+01, 6.382740E+01, 3.359337E+00, 6.741541E+00, 4.449418E+00, 6.592573E+00, 1.085459E+02, 6.189202E+01, 3.100127E+01, 9.315903E-01,17, 3.472745E+00,5, 3.301520E-01,0, 0.000000E+00,13, 3.780188E+01, 5.347290E-01, 6.913307E+00,NULL,NULL,1,mc_qqps,53
-21041,1070,20227,204136,94C2, 9.125000E+01,35,19,54,35,19,-4.438644E-01, 3.274486E+00, 3.320003E-01, 6.652229E+01, 6.587141E+01, 1.882040E+00,-3.167238E+00,-4.456712E+00,-6.327461E+00, 1.056469E+02, 5.685132E+01, 2.936812E+01, 6.956450E+00,21, 8.600662E+00,0, 0.000000E+00,0, 0.000000E+00,13, 1.854913E+01, 3.641850E-01, 4.438479E+00,NULL,NULL,1,mc_qqps,53
-21041,1071,20227,204153,94C2, 9.125000E+01,29,19,48,29,19, 1.121749E+01,-2.156863E-01,-8.349880E+00, 7.339227E+01, 7.290005E+01, 2.513795E+00, 1.179215E+01,-1.052868E+00,-8.361446E+00, 1.062202E+02, 4.833986E+01, 2.606342E+01, 0.000000E+00,25, 5.987270E+00,0, 0.000000E+00,0, 0.000000E+00,18, 3.230843E+01, 5.245509E-01, 5.752723E+00,NULL,NULL,1,mc_qqps,53
-21041,1072,20227,204207,94C2, 9.125000E+01,21,20,41,21,20,-9.008395E+00, 4.432213E+00,-9.429579E+00, 4.081559E+01, 4.048793E+01, 1.927997E+00, 1.053684E+00,-1.809663E+00, 1.932047E+00, 8.759949E+01, 3.979420E+01, 3.993681E+01, 7.689352E-02,12, 6.419082E-01,3, 0.000000E+00,0, 0.000000E+00,11, 3.332553E+01, 7.117956E-01, 1.165586E+01,NULL,NULL,1,mc_qqps,53
-21041,1073,20227,204227,94C2, 9.125000E+01,30,20,50,30,20, 1.125032E+00,-1.286098E+01, 4.046507E+00, 4.638330E+01, 4.560090E+01, 1.520030E+00,-1.973366E+00,-1.755326E+01, 1.124414E+01, 9.294730E+01, 4.331331E+01, 3.393237E+01, 1.215875E+01,19, 2.218541E+00,1, 0.000000E+00,0, 0.000000E+00,13, 2.959625E+01, 5.745122E-01, 5.617950E+00,NULL,NULL,1,mc_qqps,53
-21041,1074,20227,204244,94C2, 9.125000E+01,47,17,64,47,17, 1.628008E+01,-1.570934E+01, 8.614924E+00, 7.149125E+01, 7.005748E+01, 1.490585E+00, 2.285129E+01,-2.682402E+01, 9.215880E+00, 1.268970E+02, 5.667144E+01, 3.028029E+01, 1.483148E+01,22, 5.862045E+00,0, 0.000000E+00,0, 0.000000E+00,13, 4.030688E+01, 6.104035E-01, 8.824021E+00,NULL,NULL,1,mc_qqps,53
-21041,1075,20227,204259,94C2, 9.125000E+01,37,21,58,37,21,-2.606963E+00,-4.714789E+00, 5.694082E+00, 4.135128E+01, 4.044378E+01, 1.093075E+00, 2.692430E+00,-3.077406E+00, 1.462923E+00, 7.552435E+01, 3.760711E+01, 2.343301E+01, 1.079064E+01,15, 1.263019E-01,3, 0.000000E+00,0, 0.000000E+00,13, 2.241287E+01, 3.691595E-01, 6.216228E+00,2, 0.000000E+00,1,mc_qqps,53
-21041,1076,20227,204319,94C2, 9.125000E+01,22,13,35,22,13, 5.438768E+00,-1.302866E+01,-1.093379E+01, 5.516594E+01, 5.479706E+01, 2.490776E+00, 8.285028E-02, 2.952777E+00,-6.064371E-01, 9.457106E+01, 4.737801E+01, 3.853384E+01, 0.000000E+00,14, 1.570727E+00,3, 0.000000E+00,0, 0.000000E+00,9, 3.383071E+01, 4.734065E-01, 1.395689E+01,NULL,NULL,1,mc_qqps,53
-21041,1077,20227,204333,94C2, 9.125000E+01,25,22,47,25,22, 9.266706E+00, 2.194664E+00,-1.607505E+01, 6.727589E+01, 6.673901E+01, 2.669560E+00, 8.940111E+00, 2.072743E+00,-1.137340E+01, 9.341156E+01, 3.219679E+01, 1.986429E+01, 6.297812E+00,4, 0.000000E+00,16, 2.854231E+00,0, 0.000000E+00,4, 3.275623E+00, 5.072830E-01, 1.126707E+00,4, 0.000000E+00,1,mc_qqps,53
-21041,1078,20227,204351,94C2, 9.125000E+01,43,13,56,43,13,-8.768926E+00,-9.109026E-01, 3.043731E+00, 7.634419E+01, 7.518185E+01, 1.748415E+00, 2.283391E+00, 9.203323E-01,-1.013865E+00, 9.739336E+01, 6.704232E+01, 1.070824E+01, 8.729393E+00,15, 7.021379E+00,0, 0.000000E+00,0, 0.000000E+00,9, 1.126555E+01, 6.323236E-01, 2.436875E+00,NULL,NULL,1,mc_qqps,53
-21041,1079,20227,204406,94C2, 9.125000E+01,23,10,33,23,10,-5.481979E-01,-2.010090E+00,-3.166557E+00, 8.781547E+01, 8.748401E+01, 3.803653E+00,-1.855929E-01,-1.582679E+00,-2.479058E+00, 9.528996E+01, 8.484081E+01, 5.595786E+00, 9.126377E-01,5, 1.079213E+00,8, 4.469163E+00,0, 0.000000E+00,3, 1.929914E+00, 3.760270E-01, 9.660705E-01,NULL,NULL,1,mc_qqps,53
-21041,1080,20227,204417,94C2, 9.125000E+01,37,18,55,37,18,-1.895543E-01, 3.942330E+00,-7.334823E+00, 6.517126E+01, 6.457938E+01, 1.745389E+00, 1.674039E+00,-9.804010E-01,-1.424864E+01, 8.770392E+01, 3.028683E+01, 1.282010E+01, 9.869907E+00,2, 0.000000E+00,24, 6.325612E+00,0, 0.000000E+00,1, 8.461908E-01, 8.461908E-01, 8.461908E-01,NULL,NULL,1,mc_qqps,53
-21041,1081,20227,204434,94C2, 9.125000E+01,45,22,67,45,22, 4.488928E+00, 3.830524E+00, 5.471416E+00, 4.379363E+01, 4.253403E+01, 9.452006E-01, 4.405789E+00, 3.572486E+00,-1.580323E+00, 6.926885E+01, 3.101561E+01, 2.274457E+01, 2.730655E+00,5, 8.012467E-02,10, 0.000000E+00,0, 0.000000E+00,4, 4.306372E+00, 7.195005E-01, 1.696604E+00,2, 0.000000E+00,1,mc_qqps,53
-21041,1082,20227,204456,94C2, 9.125000E+01,30,18,48,30,18,-7.255625E+00, 2.526732E+00,-1.139203E+00, 3.486670E+01, 3.422658E+01, 1.140886E+00,-3.600764E-01, 1.411143E+00, 1.452991E+00, 8.169279E+01, 3.237250E+01, 3.522473E+01, 8.351594E+00,17, 7.021377E+00,0, 0.000000E+00,0, 0.000000E+00,13, 3.762363E+01, 5.365636E-01, 8.750642E+00,NULL,NULL,1,mc_qqps,53
-21041,1083,20227,204510,94C2, 9.125000E+01,34,18,52,34,18, 1.454139E+01, 1.310316E+01,-8.404957E+00, 4.437290E+01, 4.345880E+01, 1.278200E+00, 4.147930E+00, 3.063536E+00,-3.481518E+00, 8.340482E+01, 3.489486E+01, 1.725594E+01, 2.037498E+01,18, 4.419833E+00,1, 7.033171E-01,0, 0.000000E+00,11, 1.651369E+01, 4.319136E-01, 5.662143E+00,NULL,NULL,1,mc_qqps,53
-21041,1084,20227,204527,94C2, 9.125000E+01,33,17,50,33,17, 5.109360E+00, 5.106250E+00, 5.566621E+00, 6.241196E+01, 6.182632E+01, 1.873525E+00, 1.634793E+00, 1.696374E+00,-4.789178E+00, 9.685758E+01, 4.508351E+01, 2.836258E+01, 6.088597E+00,5, 0.000000E+00,14, 4.323627E+00,0, 0.000000E+00,3, 7.191094E+00, 1.256714E+00, 3.895261E+00,1, 0.000000E+00,1,mc_qqps,53
-21041,1085,20227,204548,94C2, 9.125000E+01,51,10,61,51,10, 6.642338E+00, 7.151525E+00, 8.042951E+00, 6.231334E+01, 6.092778E+01, 1.194662E+00, 4.951449E+00,-1.230244E+00,-6.121316E-01, 7.855280E+01, 5.497520E+01, 5.220088E+00, 1.101937E+01,12, 1.460514E+00,1, 0.000000E+00,0, 0.000000E+00,4, 3.562962E+00, 4.185228E-01, 1.971071E+00,NULL,NULL,1,mc_qqps,53
-21041,1086,20227,204610,94C2, 9.125000E+01,24,9,33,24,9,-2.304246E+00, 1.903349E+00,-1.869682E+00, 5.046030E+01, 5.024391E+01, 2.093496E+00,-5.862606E+00, 6.899416E+00, 2.650433E+00, 8.646886E+01, 4.632710E+01, 1.336001E+01, 2.200061E+01,11, 1.883101E+00,0, 0.000000E+00,0, 0.000000E+00,3, 1.410389E+01, 7.438839E-01, 1.257027E+01,NULL,NULL,1,mc_qqps,53
-21041,1087,20227,204622,94C2, 9.125000E+01,24,25,49,24,25,-2.766327E-01, 1.551133E+00, 1.210912E+01, 4.917822E+01, 4.892181E+01, 2.038409E+00, 2.274210E-01, 1.610301E+00, 1.482663E+01, 7.782790E+01, 1.849275E+01, 2.107913E+01, 7.570566E+00,1, 0.000000E+00,24, 2.233927E+01,0, 0.000000E+00,1, 4.203842E-01, 4.203842E-01, 4.203842E-01,NULL,NULL,1,mc_qqps,53
-21041,1088,20227,204638,94C2, 9.125000E+01,44,11,55,44,11,-1.863771E+01,-4.520796E+00,-1.292793E+01, 8.134332E+01, 8.029755E+01, 1.824944E+00,-1.705774E+01,-3.467403E+00,-1.598104E+01, 1.097139E+02, 6.010191E+01, 5.297647E+00, 1.224031E+01,11, 1.380465E+00,2, 5.717985E-01,0, 0.000000E+00,8, 1.613026E+01, 5.138481E-01, 8.022066E+00,NULL,NULL,1,mc_qqps,53
-21041,1089,20227,204656,94C2, 9.125000E+01,26,7,33,26,7,-5.674880E+00, 5.976411E+00, 5.657176E+00, 6.742873E+01, 6.677506E+01, 2.568272E+00, 3.964975E+00,-3.525392E+00,-2.431628E+00, 9.240250E+01, 6.100237E+01, 1.813723E+01, 3.165684E+00,11, 4.893871E+00,0, 0.000000E+00,0, 0.000000E+00,6, 2.180810E+01, 4.758740E-01, 1.629992E+01,NULL,NULL,1,mc_qqps,53
-21041,1090,20227,204708,94C2, 9.125000E+01,36,15,51,36,15,-1.636459E+02, 9.400630E+01,-5.416776E+02, 6.302829E+02, 6.294508E+02, 1.748475E+01,-1.641217E+02, 9.298764E+01,-5.483280E+02, 6.495536E+02, 7.098396E+00, 1.501789E+01, 1.665780E+00,1, 0.000000E+00,16, 1.134465E+01,0, 0.000000E+00,1, 2.587054E+00, 2.587054E+00, 2.587054E+00,2, 0.000000E+00,0,mc_qqps,53
-21041,1091,20227,204724,94C2, 9.125000E+01,31,11,42,31,11, 3.541584E+00,-6.332200E+00, 4.621485E+00, 8.089325E+01, 8.045819E+01, 2.595426E+00, 2.803585E+00,-7.400992E+00, 3.376251E+00, 9.546861E+01, 7.081267E+01, 6.326170E+00, 7.472216E+00,10, 6.999714E+00,4, 0.000000E+00,0, 0.000000E+00,5, 4.548502E+00, 4.741445E-01, 1.342914E+00,NULL,NULL,1,mc_qqps,53
-21041,1092,20227,204737,94C2, 9.125000E+01,40,11,51,40,11,-3.433880E+00, 3.826776E+00, 3.679354E-01, 8.204955E+01, 8.130087E+01, 2.032522E+00, 9.090940E+00,-1.434321E+01, 3.352778E+00, 1.073735E+02, 7.470834E+01, 1.928949E+01, 7.123618E-01,14, 3.182015E+00,0, 0.000000E+00,0, 0.000000E+00,7, 1.612730E+01, 5.118876E-01, 5.322079E+00,NULL,NULL,1,mc_qqps,53
-21041,1093,20227,204754,94C2, 9.125000E+01,35,15,50,35,15,-2.032519E+00, 2.222035E+00,-6.716356E+00, 6.542532E+01, 6.468001E+01, 1.848000E+00,-2.577423E+00,-2.314940E-01,-4.126435E+00, 7.906709E+01, 5.722033E+01, 1.223711E+01, 1.404657E+00,10, 1.372609E+00,8, 5.416140E-01,0, 0.000000E+00,6, 6.170705E+00, 5.361840E-01, 1.281191E+00,NULL,NULL,1,mc_qqps,53
-21041,1094,20227,204811,94C2, 9.125000E+01,31,9,40,31,9,-1.961197E+00, 2.346831E+00, 1.009375E+00, 6.647387E+01, 6.586449E+01, 2.124661E+00,-2.027451E+00, 5.056219E-01, 2.141326E+00, 7.559121E+01, 5.925036E+01, 7.641790E+00, 0.000000E+00,14, 2.944059E+00,1, 0.000000E+00,0, 0.000000E+00,7, 5.921375E+00, 3.083248E-01, 1.735971E+00,NULL,NULL,1,mc_qqps,53
-21041,1095,20227,204825,94C2, 9.125000E+01,44,17,61,44,17, 4.981027E+00, 2.710351E-01,-3.212649E+00, 7.488823E+01, 7.327808E+01, 1.665411E+00, 7.599255E+00, 2.218035E+00,-5.104774E+00, 1.042962E+02, 6.690985E+01, 1.998605E+01, 5.964890E+00,15, 3.516555E+00,6, 0.000000E+00,0, 0.000000E+00,11, 2.046848E+01, 3.942161E-01, 5.775924E+00,NULL,NULL,1,mc_qqps,53
-21041,1096,20227,204842,94C2, 9.125000E+01,37,16,53,37,16, 1.500127E+00,-4.716916E+00, 9.569763E+00, 6.838661E+01, 6.781221E+01, 1.832762E+00, 1.752540E+00,-4.603359E+00, 1.085010E+01, 8.197000E+01, 5.736096E+01, 1.216044E+01, 1.422933E+00,0, 0.000000E+00,19, 1.723518E+01,0, 0.000000E+00,NULL,NULL,NULL,NULL,NULL,NULL,1,mc_qqps,53
-21041,1097,20227,204856,94C2, 9.125000E+01,37,15,52,37,15,-2.974474E-01, 9.227208E-01,-2.803765E+00, 7.097475E+01, 7.020126E+01, 1.897331E+00,-2.043405E-01,-1.160899E+00,-5.040098E+00, 8.489400E+01, 5.439464E+01, 1.268038E+01, 4.919066E-01,5, 2.417208E-01,15, 1.094123E+01,0, 0.000000E+00,2, 1.506325E+00, 7.469583E-01, 7.593664E-01,1, 0.000000E+00,1,mc_qqps,53
-21041,1098,20227,204917,94C2, 9.125000E+01,22,7,29,22,7,-5.558859E+00,-1.651566E+01,-1.174536E+01, 6.425650E+01, 6.383763E+01, 2.901711E+00,-2.225550E-01, 5.958179E-01, 2.065116E-01, 8.770901E+01, 6.247358E+01, 1.863176E+01, 0.000000E+00,13, 9.923399E+00,0, 0.000000E+00,0, 0.000000E+00,5, 1.756550E+01, 6.463359E-01, 1.141887E+01,NULL,NULL,1,mc_qqps,53
-21041,1099,20227,204932,94C2, 9.125000E+01,37,13,50,37,13, 7.530427E-01,-6.574974E-01, 6.153212E+00, 7.831161E+01, 7.762397E+01, 2.097945E+00,-2.571085E+00, 1.039903E+01, 6.059182E-02, 1.025571E+02, 6.612743E+01, 1.026320E+01, 1.080124E+00,12, 1.194808E+00,6, 0.000000E+00,0, 0.000000E+00,7, 2.087340E+01, 1.653746E+00, 7.636259E+00,NULL,NULL,1,mc_qqps,53
-21041,1100,20227,204949,94C2, 9.125000E+01,49,23,72,49,23, 3.158586E+00,-2.157697E+00,-7.968691E+00, 7.433864E+01, 7.331322E+01, 1.496188E+00, 7.999150E+00,-8.763376E-01,-1.184198E+01, 9.727045E+01, 6.536818E+01, 1.810688E+01, 4.104768E+00,16, 9.757132E-02,6, 0.000000E+00,0, 0.000000E+00,14, 1.458257E+01, 5.021323E-01, 2.732616E+00,NULL,NULL,1,mc_qqps,53
-21041,1101,20227,205008,94C2, 9.125000E+01,31,20,51,31,20,-2.211961E-02, 1.705882E+01,-4.387537E+00, 6.067493E+01, 6.020110E+01, 1.941971E+00,-1.254576E-01, 8.359337E+00,-1.602682E+00, 8.494286E+01, 5.212314E+01, 1.889424E+01, 2.700028E+00,25, 5.591068E+00,0, 0.000000E+00,0, 0.000000E+00,18, 2.004822E+01, 3.569441E-01, 3.406271E+00,NULL,NULL,1,mc_qqps,53
-21041,1102,20227,205023,94C2, 9.125000E+01,45,23,68,45,23,-4.700440E+00,-2.992229E+00,-5.423779E+00, 5.944030E+01, 5.817685E+01, 1.292819E+00, 6.917123E-01, 4.202822E-01,-3.797014E-01, 9.535905E+01, 5.529352E+01, 2.025066E+01, 1.393320E+01,16, 5.368341E+00,4, 0.000000E+00,0, 0.000000E+00,10, 1.151921E+01, 5.166321E-01, 1.933945E+00,NULL,NULL,1,mc_qqps,53
-21041,1103,20227,205041,94C2, 9.125000E+01,19,13,32,19,13,-2.553506E+01, 7.408172E+00,-9.494206E+00, 3.824818E+01, 3.802516E+01, 2.001324E+00,-2.444798E+00,-1.487082E+00,-6.028200E-01, 7.241031E+01, 3.350526E+01, 2.709978E+01, 6.015285E+00,16, 1.049642E+00,0, 0.000000E+00,0, 0.000000E+00,10, 2.814684E+01, 2.641797E-01, 1.702463E+01,NULL,NULL,1,mc_qqps,53
-21041,1104,20227,205053,94C2, 9.125000E+01,42,18,60,42,18, 3.251283E+00,-7.661334E+00, 8.356347E-01, 8.823650E+01, 8.758760E+01, 2.085419E+00, 2.822159E+00,-6.275183E+00, 9.323781E-01, 1.185412E+02, 6.084015E+01, 2.130637E+01, 8.001066E+00,20, 3.006938E+00,0, 0.000000E+00,0, 0.000000E+00,10, 1.254908E+01, 7.060651E-01, 2.647415E+00,NULL,NULL,1,mc_qqps,53
-21041,1105,20227,205112,94C2, 9.125000E+01,25,25,50,25,25,-2.582250E+00, 4.456563E+00,-3.639530E+00, 2.136514E+01, 2.074429E+01, 8.297716E-01,-2.199168E+00, 1.970610E-01, 9.984505E+00, 7.317695E+01, 1.512544E+01, 4.540239E+01, 6.409423E+00,3, 0.000000E+00,13, 0.000000E+00,0, 0.000000E+00,3, 2.964989E+00, 6.099578E-01, 1.654500E+00,3, 0.000000E+00,1,mc_qqps,53
-21041,1106,20227,205128,94C2, 9.125000E+01,30,23,53,30,23,-4.119823E+00, 4.437126E+00,-2.819757E+00, 5.011658E+01, 4.948726E+01, 1.649575E+00,-2.897042E+00, 7.609692E-01,-7.935246E-01, 9.343476E+01, 4.925008E+01, 4.138559E+01, 1.436926E+00,25, 2.476354E+00,0, 0.000000E+00,0, 0.000000E+00,18, 3.749401E+01, 5.863971E-01, 6.956007E+00,NULL,NULL,1,mc_qqps,53
-21041,1107,20227,205142,94C2, 9.125000E+01,40,28,68,40,28, 2.137878E+00,-1.093653E+00, 5.137763E+00, 4.011813E+01, 3.916313E+01, 9.790783E-01, 3.420557E+00,-8.612169E-01, 5.714419E+00, 7.597453E+01, 1.137013E+01, 2.882405E+01, 7.036573E+00,0, 0.000000E+00,24, 6.134634E-01,0, 0.000000E+00,NULL,NULL,NULL,NULL,1, 0.000000E+00,1,mc_qqps,53
-21041,1108,20227,205206,94C2, 9.125000E+01,19,11,30,19,11,-1.620461E+00, 8.132898E+00,-5.707321E+00, 7.148630E+01, 7.126006E+01, 3.750529E+00, 2.359536E+00,-1.790557E+00, 1.133722E+00, 9.133879E+01, 6.806568E+01, 1.834624E+01, 0.000000E+00,12, 5.886412E+00,2, 0.000000E+00,0, 0.000000E+00,8, 1.763498E+01, 5.713446E-01, 6.154291E+00,NULL,NULL,1,mc_qqps,53
-21041,1109,20227,205218,94C2, 9.125000E+01,22,10,32,22,10, 7.150336E+00,-6.993156E+00,-6.287431E+00, 4.663660E+01, 4.644812E+01, 2.111278E+00,-5.695648E+00, 2.989864E-01, 2.440868E+00, 7.806979E+01, 4.398282E+01, 2.176674E+01, 8.651737E+00,12, 3.827445E+00,1, 0.000000E+00,0, 0.000000E+00,6, 2.252946E+01, 9.203703E-01, 1.042768E+01,NULL,NULL,1,mc_qqps,53
-21041,1110,20227,205229,94C2, 9.125000E+01,33,16,49,33,16, 6.847729E-01,-3.389531E+00,-2.234822E+00, 6.357837E+01, 6.304312E+01, 1.910398E+00,-1.875298E+00,-2.415035E+00,-8.704308E+00, 9.540096E+01, 4.422081E+01, 1.733178E+01, 1.412192E+01,7, 1.293848E+00,14, 1.130221E+00,0, 0.000000E+00,3, 1.762922E+00, 3.688657E-01, 1.018356E+00,2, 0.000000E+00,1,mc_qqps,53
-21041,1111,20227,205245,94C2, 9.125000E+01,29,11,40,29,11, 2.569072E+01, 2.439242E+00,-1.870988E+01, 6.728658E+01, 6.684083E+01, 2.304856E+00, 2.150131E+01, 1.416322E+00,-1.774468E+01, 7.961661E+01, 4.651814E+01, 9.998451E+00, 2.331579E+00,4, 0.000000E+00,5, 0.000000E+00,0, 0.000000E+00,2, 6.304374E+00, 9.450969E-01, 5.359277E+00,NULL,NULL,1,mc_qqps,53
-21041,1112,20227,205257,94C2, 9.125000E+01,31,10,41,31,10, 3.830145E+00, 1.203213E+01, 3.406998E+00, 5.087538E+01, 5.025826E+01, 1.621234E+00, 2.073459E+00, 1.182026E+01, 9.961803E-01, 6.729163E+01, 4.933287E+01, 1.578651E+01, 6.297394E-01,14, 6.002664E-01,2, 0.000000E+00,0, 0.000000E+00,6, 1.392719E+01, 5.947967E-01, 5.525537E+00,NULL,NULL,1,mc_qqps,53
-21041,1113,20227,205311,94C2, 9.125000E+01,44,21,65,44,21, 3.320341E+00, 1.247735E+00, 2.694491E+00, 8.185953E+01, 8.127441E+01, 1.847146E+00, 4.263170E+00, 6.686202E+00, 1.210857E+01, 1.167097E+02, 5.891722E+01, 9.349299E+00, 2.392758E+01,5, 1.710586E+00,18, 4.251965E-01,0, 0.000000E+00,2, 1.862359E+00, 3.530773E-01, 1.509282E+00,NULL,NULL,1,mc_qqps,53
-21041,1114,20227,205329,94C2, 9.125000E+01,24,15,39,24,15,-7.880844E+00, 2.056025E+00,-2.041180E+00, 3.923732E+01, 3.886570E+01, 1.619404E+00, 1.656561E+01,-7.461585E+00, 8.141142E+00, 1.159806E+02, 3.638065E+01, 6.784639E+01, 6.216326E+00,11, 7.203048E-01,1, 0.000000E+00,0, 0.000000E+00,8, 4.435474E+01, 8.888074E-01, 2.235637E+01,NULL,NULL,1,mc_qqps,53
-21041,1115,20227,205342,94C2, 9.125000E+01,41,15,56,41,15, 3.688258E+00,-2.678241E+00, 4.525726E-01, 6.992061E+01, 6.937956E+01, 1.692184E+00, 3.429447E+00,-1.149832E+00, 1.797930E+00, 1.047485E+02, 5.891515E+01, 2.499826E+01, 7.517455E+00,16, 1.295531E+00,1, 0.000000E+00,0, 0.000000E+00,11, 2.713003E+01, 5.632140E-01, 7.106588E+00,NULL,NULL,1,mc_qqps,53
-21041,1116,20227,205356,94C2, 9.125000E+01,31,16,47,31,16, 8.200490E-01, 2.158442E+00, 7.692157E+00, 6.110862E+01, 6.068200E+01, 1.957484E+00,-3.714100E+00,-2.166679E-01, 5.215080E-01, 8.170450E+01, 4.728123E+01, 1.433767E+01, 5.819197E+00,5, 7.043217E-01,13, 0.000000E+00,0, 0.000000E+00,3, 4.213983E+00, 4.695222E-01, 2.320736E+00,NULL,NULL,1,mc_qqps,53
-21041,1117,20227,205411,94C2, 9.125000E+01,40,13,53,40,13, 7.574063E+00, 1.881659E+00, 9.233253E+00, 7.076199E+01, 7.003555E+01, 1.750889E+00, 1.164118E+01, 5.945258E+00, 1.579137E+01, 1.060301E+02, 6.509261E+01, 1.357910E+01, 1.845487E+01,12, 5.825180E-01,3, 0.000000E+00,0, 0.000000E+00,6, 1.107618E+01, 4.761364E-01, 3.330687E+00,NULL,NULL,1,mc_qqps,53
-21041,1118,20227,205429,94C2, 9.125000E+01,20,11,31,20,11,-7.367122E+00,-3.633503E+00, 9.839846E+00, 5.730343E+01, 5.712653E+01, 2.856327E+00,-3.139684E+00, 1.999957E-01, 5.168599E+00, 8.445760E+01, 4.621436E+01, 1.978462E+01, 6.326404E+00,11, 4.125229E+00,2, 0.000000E+00,0, 0.000000E+00,8, 1.967177E+01, 6.793068E-01, 7.343263E+00,NULL,NULL,1,mc_qqps,53
-21041,1119,20227,205443,94C2, 9.125000E+01,16,15,31,16,15,-1.334565E+01, 2.542293E+00, 4.564436E+00, 5.316680E+01, 5.285234E+01, 3.303271E+00, 1.073143E+01,-2.686943E+00,-6.861506E+00, 9.633225E+01, 5.143386E+01, 4.205525E+01, 1.110199E+00,18, 1.342788E+01,0, 0.000000E+00,0, 0.000000E+00,12, 3.396461E+01, 6.281575E-01, 1.241918E+01,NULL,NULL,1,mc_qqps,53
-21041,1120,20227,205457,94C2, 9.125000E+01,23,10,33,23,10, 1.910267E+00, 4.756346E-01, 7.044053E+00, 7.009339E+01, 6.978451E+01, 3.034109E+00, 1.953097E+00,-1.823701E-01, 5.640922E+00, 7.770326E+01, 6.696038E+01, 7.334158E+00, 2.757093E-01,3, 0.000000E+00,6, 0.000000E+00,0, 0.000000E+00,2, 2.079383E+00, 5.140762E-01, 1.565307E+00,2, 0.000000E+00,1,mc_qqps,53
-21041,1121,20227,205512,94C2, 9.125000E+01,66,13,79,66,13,-3.517085E+01,-2.037453E+01,-4.093207E+00, 1.057548E+02, 1.040607E+02, 1.576677E+00,-2.596960E+01,-1.781590E+01,-1.381932E+00, 1.204813E+02, 4.863173E+01, 6.495535E+00, 7.309800E+00,11, 7.695882E-01,3, 0.000000E+00,0, 0.000000E+00,5, 4.158482E+00, 4.527767E-01, 2.005075E+00,NULL,NULL,1,mc_qqps,53
-21041,1122,20227,205536,94C2, 9.125000E+01,15,15,30,15,15,-3.572218E+00,-2.648672E+00, 1.711738E+00, 3.976661E+01, 3.959356E+01, 2.639571E+00, 3.248540E+00, 6.289059E+00,-9.472783E-01, 7.448481E+01, 3.973656E+01, 1.812692E+01, 1.544768E+01,18, 2.249257E+01,0, 0.000000E+00,0, 0.000000E+00,12, 1.642270E+01, 4.702111E-01, 3.976770E+00,NULL,NULL,1,mc_qqps,53
-21041,1123,20227,205547,94C2, 9.125000E+01,45,17,62,45,17, 4.678697E+00,-1.175114E+00,-2.397527E+00, 7.252909E+01, 7.147721E+01, 1.588382E+00,-1.908833E+00, 2.050644E+00, 4.197814E+00, 1.021035E+02, 6.017928E+01, 1.136378E+01, 1.031280E+01,17, 1.316750E+00,0, 0.000000E+00,0, 0.000000E+00,9, 1.453924E+01, 5.001662E-01, 4.615067E+00,1, 0.000000E+00,1,mc_qqps,53
-21041,1124,20227,205604,94C2, 9.125000E+01,25,6,31,25,6, 2.312812E+00,-1.550532E+00, 2.754515E+00, 6.559195E+01, 6.521346E+01, 2.608538E+00, 4.222027E+00,-5.869771E+00, 5.908565E+00, 7.142326E+01, 5.761703E+01, 4.302547E+00, 1.607726E+00,10, 4.980533E+00,0, 0.000000E+00,0, 0.000000E+00,3, 2.776259E+00, 4.478228E-01, 1.763152E+00,NULL,NULL,1,mc_qqps,53
-21041,1125,20227,205617,94C2, 9.125000E+01,31,12,43,31,12,-1.992381E+00,-3.746480E-03,-8.807848E-01, 5.811649E+01, 5.753021E+01, 1.855813E+00,-3.935331E+00,-2.507806E-01,-4.612915E-01, 8.038507E+01, 5.557734E+01, 2.165346E+01, 6.151253E-01,12, 1.600328E+01,1, 0.000000E+00,0, 0.000000E+00,8, 1.902267E+01, 8.356650E-01, 5.004661E+00,NULL,NULL,1,mc_qqps,53
-21041,1126,20227,205634,94C2, 9.125000E+01,81,20,101,81,20,-1.964930E+01,-1.615653E+01, 1.179618E+01, 7.886847E+01, 7.585847E+01, 9.365244E-01,-1.930439E+01,-1.323503E+01, 9.920234E+00, 1.176397E+02, 4.329466E+01, 2.874148E+01, 8.279003E+00,18, 0.000000E+00,2, 3.920059E-01,0, 0.000000E+00,17, 3.049224E+01, 2.932114E-01, 1.032807E+01,NULL,NULL,1,mc_qqps,53
-21041,1127,20227,205655,94C2, 9.125000E+01,43,27,70,43,27, 2.476608E+00, 1.130780E+01, 4.070707E+00, 6.341902E+01, 6.257309E+01, 1.455188E+00,-2.451794E+00, 1.044442E+00,-7.747238E-01, 9.660983E+01, 5.646704E+01, 3.055379E+01, 1.710744E-01,32, 1.102713E+01,0, 0.000000E+00,0, 0.000000E+00,22, 2.513646E+01, 4.234104E-01, 3.673806E+00,NULL,NULL,1,mc_qqps,53
-21041,1128,20227,205712,94C2, 9.125000E+01,33,16,49,33,16, 5.214191E+00,-7.001987E+00, 3.500950E+00, 6.483794E+01, 6.416276E+01, 1.944326E+00, 1.655498E+00,-1.790634E+00, 2.301228E+00, 8.354971E+01, 5.859282E+01, 1.325711E+01, 3.006925E+00,18, 4.496390E+00,0, 0.000000E+00,0, 0.000000E+00,11, 1.401881E+01, 7.703918E-01, 2.221342E+00,NULL,NULL,1,mc_qqps,53
-21041,1129,20227,205727,94C2, 9.125000E+01,23,16,39,23,16,-1.179218E+01, 9.292636E+00, 7.450162E+01, 8.137175E+01, 8.094865E+01, 3.519507E+00,-1.132916E+01, 4.771134E+00, 6.591692E+01, 1.071863E+02, 6.529603E+00, 2.090149E+01, 4.913067E+00,2, 0.000000E+00,9, 4.709914E+00,0, 0.000000E+00,2, 3.024887E+00, 1.196346E+00, 1.828541E+00,5, 0.000000E+00,0,mc_qqps,53
-21041,1130,20227,205746,94C2, 9.125000E+01,20,9,29,20,9, 2.084830E+01, 1.191128E+00,-2.591442E+01, 4.975271E+01, 4.945376E+01, 2.472688E+00,-6.588809E+00, 1.114002E+00,-5.241743E+00, 1.089138E+02, 2.702842E+01, 5.862902E+01, 5.320323E-01,10, 4.114917E+00,2, 0.000000E+00,0, 0.000000E+00,6, 5.184399E+01, 4.668100E-01, 4.543316E+01,NULL,NULL,1,mc_qqps,53
-21041,1131,20227,205759,94C2, 9.125000E+01,24,5,29,24,5,-3.027985E+01, 5.453742E+00, 6.770548E+00, 5.106807E+01, 5.062947E+01, 2.109561E+00, 5.936475E+00, 4.641182E-01,-1.799580E+00, 9.019971E+01, 4.775521E+01, 2.049494E+01, 1.812541E+01,5, 5.096848E-02,0, 0.000000E+00,0, 0.000000E+00,3, 2.100624E+01, 5.113011E-01, 1.969471E+01,NULL,NULL,1,mc_qqps,53
-21041,1132,20227,205812,94C2, 9.125000E+01,40,14,54,40,14,-4.256212E+00,-4.493650E+00,-4.750923E+00, 5.312281E+01, 5.226771E+01, 1.306693E+00,-2.838109E+00,-5.116050E+00,-4.268558E+00, 9.855717E+01, 3.720833E+01, 2.645183E+01, 0.000000E+00,14, 0.000000E+00,0, 0.000000E+00,0, 0.000000E+00,12, 4.386109E+01, 7.721643E-01, 1.669090E+01,NULL,NULL,1,mc_qqps,53
-21041,1133,20227,205828,94C2, 9.125000E+01,10,15,25,10,15,-8.677170E-01, 1.082247E+00,-2.046870E+00, 1.217222E+01, 1.196520E+01, 1.196520E+00,-2.022155E-01, 4.210411E-01,-7.779392E+00, 3.263876E+01, 3.933409E+00, 1.958059E+01, 8.859517E-01,0, 0.000000E+00,9, 4.292842E+00,0, 0.000000E+00,NULL,NULL,NULL,NULL,7, 0.000000E+00,0,mc_qqps,53
-21041,1134,20227,205842,94C2, 9.125000E+01,32,10,42,32,10,-6.975317E+00, 6.825578E+00,-7.302681E+00, 7.562157E+01, 7.509702E+01, 2.346782E+00,-8.144987E+00, 6.596056E+00,-7.766714E+00, 8.967951E+01, 6.027932E+01, 7.745199E+00, 6.429461E+00,16, 1.278559E+01,0, 0.000000E+00,0, 0.000000E+00,7, 7.312458E+00, 6.035038E-01, 1.720008E+00,NULL,NULL,1,mc_qqps,53
-21041,1135,20227,205856,94C2, 9.125000E+01,27,20,47,27,20, 6.882054E+00,-1.513879E+01, 6.816800E+00, 4.836883E+01, 4.799720E+01, 1.777674E+00, 8.841149E+00,-1.384923E+01, 6.186777E+00, 9.868507E+01, 3.589922E+01, 4.731186E+01, 3.004377E+00,21, 1.270273E+01,0, 0.000000E+00,0, 0.000000E+00,14, 4.357874E+01, 5.915335E-01, 1.703547E+01,NULL,NULL,1,mc_qqps,53
-21041,1136,20227,205909,94C2, 9.125000E+01,11,7,18,11,7,-1.671999E+01,-3.206693E+01,-8.025101E-01, 4.086798E+01, 4.071074E+01, 3.700976E+00,-7.457328E-01,-1.370177E-01,-1.177863E+00, 8.197104E+01, 4.023517E+01, 3.384901E+01, 5.586165E-01,8, 5.784539E+00,0, 0.000000E+00,0, 0.000000E+00,6, 4.054444E+01, 4.874216E-01, 3.028813E+01,NULL,NULL,1,mc_qqps,53
-21041,1137,20227,205922,94C2, 9.125000E+01,15,10,25,15,10,-2.831020E+00, 1.531434E+01,-6.142242E+00, 2.044267E+01, 2.017920E+01, 1.345280E+00,-6.717141E-01, 9.585583E+00,-7.916378E-01, 7.287316E+01, 1.885858E+01, 2.913137E+01, 2.329913E+01,12, 3.794000E+00,0, 0.000000E+00,0, 0.000000E+00,8, 2.284192E+01, 8.164866E-01, 6.105623E+00,NULL,NULL,1,mc_qqps,53
-21041,1138,20227,205933,94C2, 9.125000E+01,24,13,37,24,13, 1.957051E+00, 5.439178E+00,-4.717092E+00, 6.465562E+01, 6.424982E+01, 2.677076E+00, 4.322054E-01,-4.822781E+00,-1.648333E+00, 7.874901E+01, 5.832088E+01, 1.289494E+01, 6.060856E-01,15, 4.991477E+00,1, 0.000000E+00,0, 0.000000E+00,8, 1.203207E+01, 5.923542E-01, 3.385582E+00,2, 0.000000E+00,1,mc_qqps,53
-21041,1139,20227,205948,94C2, 9.125000E+01,18,19,37,18,19, 7.116713E+00, 1.832018E+00,-6.788632E+00, 5.507489E+01, 5.481438E+01, 3.045243E+00,-5.020601E+00,-2.954541E+00, 9.107875E+00, 1.010737E+02, 5.418820E+01, 2.702020E+01, 1.261332E+01,10, 4.727700E-01,5, 0.000000E+00,0, 0.000000E+00,9, 2.506818E+01, 6.364024E-01, 8.916883E+00,NULL,NULL,1,mc_qqps,53
-21041,1140,20227,210003,94C2, 9.125000E+01,22,5,27,22,5,-7.399250E+00, 3.123312E+00, 1.020269E+01, 7.821263E+01, 7.798038E+01, 3.544563E+00,-8.654352E+00, 2.538177E+00, 9.274591E+00, 9.543899E+01, 7.422135E+01, 8.795815E+00, 8.430532E+00,4, 0.000000E+00,2, 0.000000E+00,0, 0.000000E+00,3, 8.487734E+00, 9.633077E-01, 5.362683E+00,NULL,NULL,1,mc_qqps,53
-21041,1141,20227,210021,94C2, 9.125000E+01,24,15,39,24,15,-4.456602E-01,-9.540421E-01,-7.127803E-01, 4.058435E+01, 4.017141E+01, 1.673809E+00, 8.056501E+00,-4.707533E+00,-9.296850E+00, 9.606256E+01, 3.415590E+01, 4.984505E+01, 2.316371E+00,11, 0.000000E+00,1, 0.000000E+00,0, 0.000000E+00,10, 4.575140E+01, 4.250785E-01, 1.644636E+01,NULL,NULL,1,mc_qqps,53
-21041,1142,20227,210034,94C2, 9.125000E+01,39,11,50,39,11, 3.340051E+00, 4.270959E+00,-1.542517E+01, 8.598349E+01, 8.518758E+01, 2.184297E+00, 5.295158E+00, 1.460108E+00,-1.817808E+01, 1.005416E+02, 5.071437E+01, 9.649683E+00, 5.057985E+00,2, 0.000000E+00,16, 7.662076E+00,0, 0.000000E+00,2, 9.993137E-01, 4.690420E-01, 5.302718E-01,NULL,NULL,1,mc_qqps,53
-21041,1143,20227,210049,94C2, 9.125000E+01,30,5,35,30,5,-1.875369E+00, 9.049911E+00,-4.163393E+00, 7.311760E+01, 7.214430E+01, 2.404810E+00,-2.520398E+00, 9.785490E+00,-5.894625E+00, 7.710571E+01, 6.939367E+01, 3.988110E+00, 0.000000E+00,8, 6.655700E+00,0, 0.000000E+00,0, 0.000000E+00,3, 3.212622E+00, 5.969960E-01, 2.017236E+00,NULL,NULL,1,mc_qqps,53
-21041,1144,20227,210106,94C2, 9.125000E+01,25,8,33,25,8,-4.874695E+00, 2.385386E+01,-7.730322E+00, 6.610893E+01, 6.558521E+01, 2.623408E+00,-2.846878E+00, 6.054804E+00,-9.320951E-01, 9.282236E+01, 6.234657E+01, 2.582190E+01, 8.915312E-01,10, 8.524541E+00,0, 0.000000E+00,0, 0.000000E+00,5, 2.331178E+01, 4.762975E-01, 1.288997E+01,NULL,NULL,1,mc_qqps,53
-21041,1145,20227,210118,94C2, 9.125000E+01,24,13,37,24,13, 1.679213E+01, 1.639985E+01, 2.641591E+01, 5.867725E+01, 5.836306E+01, 2.431794E+00, 1.230989E+01, 1.420500E+01, 2.148677E+01, 7.713989E+01, 5.498132E+01, 1.256907E+01, 1.440139E+00,12, 0.000000E+00,1, 0.000000E+00,0, 0.000000E+00,10, 1.627498E+01, 6.313252E-01, 3.440027E+00,NULL,NULL,1,mc_qqps,53
-21041,1146,20227,210135,94C2, 9.125000E+01,30,4,34,30,4, 2.827024E+00, 8.041946E-01,-4.196981E+00, 7.877663E+01, 7.835748E+01, 2.611916E+00, 5.186688E+00, 2.469664E+00,-6.032810E+00, 8.767886E+01, 7.587357E+01, 1.770537E+00, 7.153195E+00,6, 1.951235E+01,0, 0.000000E+00,0, 0.000000E+00,1, 1.770537E+00, 1.770537E+00, 1.770537E+00,NULL,NULL,1,mc_qqps,53
-21041,1147,20227,210146,94C2, 9.125000E+01,28,14,42,28,14,-9.006351E+00, 1.012384E+01, 8.581778E+00, 6.851681E+01, 6.812045E+01, 2.432873E+00,-8.622131E+00, 7.930737E+00, 6.802120E+00, 8.653854E+01, 4.384030E+01, 1.366149E+01, 3.545278E+00,2, 0.000000E+00,14, 2.496902E+00,0, 0.000000E+00,2, 1.422300E+00, 6.073188E-01, 8.149817E-01,NULL,NULL,1,mc_qqps,53
-21041,1148,20227,210200,94C2, 9.125000E+01,39,23,62,39,23, 1.753303E-01, 4.486767E-01,-2.409183E-01, 6.334214E+01, 6.210506E+01, 1.592438E+00,-6.137099E-01,-1.252047E-01,-1.388882E+00, 9.522102E+01, 5.992471E+01, 2.291312E+01, 4.587664E+00,26, 1.266174E+01,1, 0.000000E+00,0, 0.000000E+00,16, 2.484815E+01, 4.399532E-01, 6.405084E+00,NULL,NULL,1,mc_qqps,53
-21041,1149,20227,210215,94C2, 9.125000E+01,17,17,34,17,17, 1.456830E+00, 8.046774E-01, 2.132432E+00, 2.392856E+01, 2.346056E+01, 1.380033E+00,-8.315031E+00, 2.206647E+00, 3.030771E+01, 7.409364E+01, 5.893315E+00, 1.339473E+01, 3.677035E+01,0, 0.000000E+00,12, 4.183765E+00,0, 0.000000E+00,NULL,NULL,NULL,NULL,2, 0.000000E+00,0,mc_qqps,53
-21041,1150,20227,210232,94C2, 9.125000E+01,32,22,54,32,22, 8.991276E+00, 2.588228E+00, 2.309686E+01, 6.148484E+01, 6.074073E+01, 1.898148E+00,-3.755975E-01, 8.070592E-01, 1.381046E+00, 9.145624E+01, 5.361368E+01, 1.981314E+01, 1.015824E+01,3, 0.000000E+00,15, 4.245282E+00,0, 0.000000E+00,3, 2.419569E+00, 3.874772E-01, 1.401706E+00,2, 0.000000E+00,1,mc_qqps,53
-21041,1151,20227,210257,94C2, 9.125000E+01,26,10,36,26,10,-3.102114E+01,-1.767957E+01,-1.740780E+01, 5.632227E+01, 5.565322E+01, 2.140508E+00,-1.423592E+01,-6.576348E+00,-6.594028E+00, 9.183353E+01, 2.701813E+01, 2.918923E+01, 1.566568E+00,8, 1.146908E+00,0, 0.000000E+00,0, 0.000000E+00,6, 3.335504E+01, 8.385971E-01, 2.193483E+01,NULL,NULL,1,mc_qqps,53
-21041,1152,20227,210309,94C2, 9.125000E+01,22,10,32,22,10,-1.015161E+01, 1.085001E+01, 1.492804E+01, 4.651009E+01, 4.614066E+01, 2.097302E+00,-2.604195E+00, 3.208765E+00, 5.581983E+00, 8.811228E+01, 4.013293E+01, 4.160220E+01, 0.000000E+00,4, 0.000000E+00,4, 0.000000E+00,0, 0.000000E+00,4, 2.759111E+01, 4.794786E-01, 2.092399E+01,NULL,NULL,1,mc_qqps,53
-21041,1153,20227,210331,94C2, 9.125000E+01,29,12,41,29,12,-3.756145E+00, 1.007328E+01,-6.819149E+00, 5.583385E+01, 5.514848E+01, 1.901672E+00, 2.963840E+00,-5.680923E+00, 5.636853E+00, 8.404682E+01, 5.168808E+01, 1.161058E+01, 1.440455E+01,13, 7.950600E+00,0, 0.000000E+00,0, 0.000000E+00,6, 1.065843E+01, 1.040246E+00, 2.997949E+00,NULL,NULL,1,mc_qqps,53
-21041,1154,20227,210346,94C2, 9.125000E+01,20,15,35,20,15,-6.522348E+00,-6.148501E+00,-7.443055E+00, 6.793516E+01, 6.758974E+01, 3.379487E+00, 7.596292E+00,-4.062933E+00,-7.476553E-01, 1.007192E+02, 5.170607E+01, 2.419035E+01, 8.724236E+00,19, 6.189701E+00,0, 0.000000E+00,0, 0.000000E+00,12, 2.346374E+01, 1.017268E+00, 4.415609E+00,NULL,NULL,1,mc_qqps,53
-21041,1155,20227,210358,94C2, 9.125000E+01,50,19,69,50,19, 1.018219E+00,-6.828482E+00,-4.925516E+00, 6.920393E+01, 6.800338E+01, 1.360068E+00,-3.479700E+00, 3.374930E+00, 4.824604E-01, 9.582670E+01, 5.772068E+01, 1.748102E+01, 4.199758E+00,23, 4.424925E+00,0, 0.000000E+00,0, 0.000000E+00,15, 1.963730E+01, 4.176895E-01, 3.952605E+00,NULL,NULL,1,mc_qqps,53
-21041,1156,20227,210414,94C2, 9.125000E+01,31,11,42,31,11,-7.367638E-01, 3.657404E+00,-8.653393E-01, 6.678725E+01, 6.625179E+01, 2.137155E+00,-3.500404E-01, 9.651810E+00,-3.619778E+00, 8.512682E+01, 6.201112E+01, 5.547831E+00, 9.565879E+00,8, 5.184047E+00,4, 0.000000E+00,0, 0.000000E+00,3, 4.071819E+00, 7.781735E-01, 2.431209E+00,NULL,NULL,1,mc_qqps,53
-21041,1157,20227,210431,94C2, 9.125000E+01,31,15,46,31,15, 1.796127E+01, 8.647336E+00, 1.682764E+01, 6.899544E+01, 6.844355E+01, 2.207856E+00, 8.368032E+00, 3.184431E+00, 8.097040E+00, 1.080398E+02, 5.688906E+01, 3.156277E+01, 7.507604E+00,16, 1.205165E+01,1, 0.000000E+00,0, 0.000000E+00,9, 2.696302E+01, 4.450127E-01, 1.162776E+01,NULL,NULL,1,mc_qqps,53
-21041,1158,20227,210443,94C2, 9.125000E+01,40,15,55,40,15, 1.120269E+01, 1.888607E+01, 5.494356E-01, 6.125573E+01, 6.022266E+01, 1.505566E+00,-1.104546E+00, 4.942093E-01, 2.258322E+00, 1.023445E+02, 5.403540E+01, 1.748777E+01, 5.507856E+00,17, 1.644015E+00,0, 0.000000E+00,0, 0.000000E+00,11, 3.522881E+01, 5.792444E-01, 1.754540E+01,NULL,NULL,1,mc_qqps,53
-21041,1159,20227,210458,94C2, 9.125000E+01,28,9,37,28,9,-4.232965E+00, 6.978116E+00,-1.783982E+01, 6.697301E+01, 6.640779E+01, 2.371707E+00,-3.522793E+00, 6.948386E+00,-1.797045E+01, 7.181904E+01, 6.212112E+01, 3.923007E+00, 9.230266E-01,1, 0.000000E+00,13, 2.217294E+00,0, 0.000000E+00,NULL,NULL,NULL,NULL,1, 0.000000E+00,1,mc_qqps,53
-21041,1160,20227,210517,94C2, 9.125000E+01,36,19,55,36,19, 2.099557E+01, 4.243054E+00,-5.096605E+00, 5.975484E+01, 5.916223E+01, 1.643395E+00,-1.591704E-01,-2.715629E+00, 2.923201E+00, 9.416626E+01, 5.781293E+01, 2.989333E+01, 2.807415E+00,22, 1.178428E+00,0, 0.000000E+00,0, 0.000000E+00,13, 2.899253E+01, 4.654610E-01, 9.023800E+00,NULL,NULL,1,mc_qqps,53
-21041,1161,20227,210536,94C2, 9.125000E+01,49,16,65,49,16,-1.238356E+01, 5.464324E+00, 1.505250E+01, 5.430440E+01, 5.265003E+01, 1.074490E+00,-9.637043E+00, 6.847225E+00, 1.400294E+01, 8.764240E+01, 4.206102E+01, 2.569728E+01, 7.939221E+00,4, 1.010662E-01,12, 0.000000E+00,0, 0.000000E+00,2, 8.636377E+00, 1.636485E+00, 6.999893E+00,2, 0.000000E+00,1,mc_qqps,53
-21041,1162,20227,210600,94C2, 9.125000E+01,25,12,37,25,12,-1.274639E+00, 5.315760E+00, 1.352859E+01, 7.663514E+01, 7.613114E+01, 3.045246E+00,-3.819450E-01, 7.785530E+00, 1.317278E+01, 8.982709E+01, 6.570531E+01, 6.337804E+00, 3.900967E+00,7, 1.901347E-01,7, 6.459184E-01,0, 0.000000E+00,5, 4.958781E+00, 5.870254E-01, 1.380979E+00,NULL,NULL,1,mc_qqps,53
-21041,1163,20227,210616,94C2, 9.125000E+01,31,20,51,31,20, 1.199347E+00,-7.100428E+00,-1.626718E+00, 4.878983E+01, 4.821888E+01, 1.555448E+00, 3.398952E+00,-6.197212E+00, 4.484967E+00, 8.566345E+01, 4.075585E+01, 2.382268E+01, 1.219388E+01,15, 7.027157E+00,5, 5.023866E-01,0, 0.000000E+00,12, 2.080147E+01, 4.735759E-01, 4.369242E+00,NULL,NULL,1,mc_qqps,53
-21041,1164,20227,210631,94C2, 9.125000E+01,29,18,47,29,18,-9.315633E+00, 3.568502E+00,-6.139714E+00, 6.023849E+01, 5.969439E+01, 2.058427E+00, 3.502915E+00,-7.720702E-01, 5.281146E-01, 9.740667E+01, 5.761554E+01, 3.354535E+01, 3.623676E+00,20, 8.413013E+00,0, 0.000000E+00,0, 0.000000E+00,11, 2.587759E+01, 6.177407E-01, 1.067756E+01,NULL,NULL,1,mc_qqps,53
-21041,1165,20227,210645,94C2, 9.125000E+01,44,13,57,44,13, 3.288960E+00, 1.033851E+01, 1.319119E+01, 6.290415E+01, 6.207646E+01, 1.410829E+00, 1.358739E+00, 2.037156E+00, 4.049119E+00, 8.304211E+01, 5.162541E+01, 2.013795E+01, 0.000000E+00,9, 1.246605E+00,8, 0.000000E+00,0, 0.000000E+00,5, 1.088200E+01, 8.068286E-01, 3.157350E+00,NULL,NULL,1,mc_qqps,53
-21041,1166,20227,210705,94C2, 9.125000E+01,23,12,35,23,12, 1.215874E+01,-1.810935E+01,-8.864148E-01, 5.460991E+01, 5.416987E+01, 2.355212E+00, 2.918468E+00,-2.525489E+00, 5.501791E-01, 8.133827E+01, 5.359607E+01, 6.645023E+00, 1.802641E+01,16, 1.580945E+01,0, 0.000000E+00,0, 0.000000E+00,8, 7.484344E+00, 4.853366E-01, 1.989729E+00,NULL,NULL,1,mc_qqps,53
-21041,1167,20227,210718,94C2, 9.125000E+01,31,7,38,31,7, 2.728893E+00,-2.200247E+00,-1.783986E+00, 5.067934E+01, 4.982290E+01, 1.607190E+00, 2.856282E+00,-7.702314E-01, 7.783198E-02, 7.266164E+01, 4.391676E+01, 1.828554E+01, 3.696760E+00,10, 8.881363E+00,0, 0.000000E+00,0, 0.000000E+00,5, 1.828554E+01, 3.318758E-01, 7.946475E+00,NULL,NULL,1,mc_qqps,53
-21041,1168,20227,210732,94C2, 9.125000E+01,32,18,50,32,18,-3.206861E+00, 3.307848E+00, 9.070127E+00, 6.430494E+01, 6.361445E+01, 1.987952E+00,-1.162951E+01, 1.715641E+01, 9.196193E+00, 1.018039E+02, 5.731537E+01, 2.403269E+01, 1.258147E+01,7, 6.841437E-01,10, 0.000000E+00,0, 0.000000E+00,4, 6.188350E+00, 5.363478E-01, 3.869352E+00,NULL,NULL,1,mc_qqps,53
-21041,1169,20227,210749,94C2, 9.125000E+01,33,22,55,33,22,-9.930579E+00,-2.140085E+00,-6.555131E+01, 1.067759E+02, 1.064100E+02, 3.224546E+00,-8.083660E+00,-2.419191E+00,-6.315971E+01, 1.452932E+02, 4.996560E+01, 3.851740E+01, 0.000000E+00,1, 0.000000E+00,27, 8.376119E+00,0, 0.000000E+00,NULL,NULL,NULL,NULL,NULL,NULL,1,mc_qqps,53
-21041,1170,20227,210804,94C2, 9.125000E+01,27,8,35,27,8, 3.773598E+00, 4.044427E-02, 4.891590E+00, 8.359689E+01, 8.330860E+01, 3.085504E+00, 3.102200E+00, 1.388584E+00, 4.827379E+00, 1.048453E+02, 3.705995E+01, 1.513735E+01, 6.322518E+00,11, 1.439089E+01,1, 0.000000E+00,0, 0.000000E+00,2, 1.433888E+01, 5.456059E+00, 8.882818E+00,NULL,NULL,1,mc_qqps,53
-21041,1171,20227,210817,94C2, 9.125000E+01,27,21,48,27,21,-1.840372E+01, 3.941329E+00,-1.529142E+00, 4.753008E+01, 4.692283E+01, 1.737883E+00,-1.928293E+01, 5.190035E+00,-3.212240E+00, 1.030202E+02, 4.512239E+01, 3.950975E+01, 1.519717E+01,24, 1.386027E+00,0, 0.000000E+00,0, 0.000000E+00,18, 4.029292E+01, 5.283252E-01, 1.047971E+01,NULL,NULL,1,mc_qqps,53
-21041,1172,20227,210836,94C2, 9.125000E+01,18,14,32,18,14, 2.590824E+00, 2.155014E+00,-2.084015E+01, 3.693305E+01, 3.662363E+01, 2.034646E+00, 2.113656E+00, 1.488795E+00,-1.889576E+01, 4.875105E+01, 7.933505E+00, 9.888188E+00, 1.929805E+00,0, 0.000000E+00,14, 1.186508E+01,0, 0.000000E+00,NULL,NULL,NULL,NULL,3, 0.000000E+00,0,mc_qqps,53
-21041,1173,20227,210849,94C2, 9.125000E+01,20,6,26,20,6, 1.167530E+01,-1.176088E+01, 1.170925E+01, 6.709956E+01, 6.691462E+01, 3.345731E+00,-1.270197E+00, 2.010541E-01, 1.372496E+00, 9.151420E+01, 5.927924E+01, 1.695120E+01, 5.761379E+00,10, 7.174906E+00,0, 0.000000E+00,0, 0.000000E+00,4, 1.839744E+01, 3.790957E-01, 1.572571E+01,1, 0.000000E+00,1,mc_qqps,53
-21041,1174,20227,210901,94C2, 9.125000E+01,42,17,59,42,17, 1.926512E+00, 1.593172E+00,-6.356710E+00, 7.414217E+01, 7.353834E+01, 1.750913E+00,-2.151182E+00, 1.745742E+00,-9.727612E+00, 1.060306E+02, 6.254721E+01, 1.483896E+01, 9.302712E+00,4, 2.834406E-01,12, 4.049531E-01,0, 0.000000E+00,2, 8.483676E+00, 7.172143E-01, 7.766461E+00,NULL,NULL,1,mc_qqps,53
-21041,1175,20227,210922,94C2, 9.125000E+01,26,16,42,26,16, 2.471588E+00,-3.201603E+00,-6.030967E+00, 6.364145E+01, 6.315563E+01, 2.429063E+00, 2.033480E+00,-1.070900E+00,-1.151499E+01, 8.420284E+01, 6.165914E+01, 1.680594E+01, 3.252382E+00,14, 3.633868E+00,2, 0.000000E+00,0, 0.000000E+00,10, 1.575782E+01, 5.030740E-01, 4.340937E+00,3, 0.000000E+00,1,mc_qqps,53
-21041,1176,20227,210938,94C2, 9.125000E+01,22,20,42,22,20,-1.380460E+00,-1.171564E+00, 4.839285E+02, 5.243087E+02, 5.239481E+02, 2.381582E+01,-1.934885E+00,-1.882313E+00, 4.872087E+02, 5.412615E+02, 1.619398E+01, 1.328858E+01, 3.664408E+00,0, 0.000000E+00,22, 4.951384E+00,0, 0.000000E+00,NULL,NULL,NULL,NULL,2, 0.000000E+00,0,mc_qqps,53
-21041,1177,20227,210951,94C2, 9.125000E+01,18,6,24,18,6,-1.557994E+01,-8.550952E+00,-9.763663E+01, 2.308709E+02, 2.306609E+02, 1.281449E+01,-1.650745E+01,-7.451067E+00,-9.733266E+01, 2.347652E+02, 2.345116E+01, 3.538043E+00, 3.561714E-01,2, 0.000000E+00,6, 1.918005E+00,0, 0.000000E+00,1, 1.863937E+00, 1.863937E+00, 1.863937E+00,2, 0.000000E+00,0,mc_qqps,53
-21041,1178,20227,211004,94C2, 9.125000E+01,30,7,37,30,7, 3.567701E+00,-4.021166E+00,-1.851086E+01, 4.095071E+01, 4.045963E+01, 1.348654E+00, 3.376536E+00,-6.270823E+00,-1.823388E+01, 5.694572E+01, 3.357414E+01, 1.453378E+01, 1.461229E+00,3, 0.000000E+00,4, 0.000000E+00,0, 0.000000E+00,NULL,NULL,NULL,NULL,3, 0.000000E+00,1,mc_qqps,53
-21041,1179,20227,211021,94C2, 9.125000E+01,32,19,51,32,19, 9.365624E-01,-7.817722E+00,-9.930449E-01, 7.199915E+01, 7.131599E+01, 2.228625E+00,-6.499429E+00,-7.490667E+00,-6.544090E-01, 1.001448E+02, 5.016908E+01, 1.182381E+01, 1.129972E+01,18, 4.920249E+00,1, 0.000000E+00,0, 0.000000E+00,11, 1.501100E+01, 5.859982E-01, 3.352184E+00,NULL,NULL,1,mc_qqps,53
-21041,1180,20227,211038,94C2, 9.125000E+01,64,18,82,64,18, 3.130126E+00,-2.820248E+00, 4.586255E+00, 7.054015E+01, 6.866839E+01, 1.072944E+00, 3.161837E+00,-1.080646E+01, 9.713544E+00, 1.096277E+02, 5.415960E+01, 2.265326E+01, 4.381623E+00,22, 5.795496E+00,1, 0.000000E+00,0, 0.000000E+00,13, 3.317752E+01, 3.377105E-01, 8.795005E+00,NULL,NULL,1,mc_qqps,53
-21041,1181,20227,211104,94C2, 9.125000E+01,12,6,18,12,6, 2.172841E+00,-5.734332E+00,-3.776845E+00, 8.932444E+01, 8.921938E+01, 7.434948E+00,-5.888870E+00, 1.040956E+01, 6.172095E+00, 1.109204E+02, 5.894496E+01, 7.649895E+00, 1.395487E+01,8, 2.464463E-01,0, 0.000000E+00,0, 0.000000E+00,5, 7.649895E+00, 4.431200E-01, 3.689240E+00,NULL,NULL,1,mc_qqps,53
-21041,1182,20227,211112,94C2, 9.125000E+01,28,14,42,28,14,-3.610197E-01, 4.687169E+00,-8.896651E+00, 4.447791E+01, 4.386674E+01, 1.566669E+00,-3.818856E+00, 7.962906E+00,-1.282239E+01, 6.260996E+01, 4.245032E+01, 5.644855E+00, 1.172184E+01,7, 4.792185E-01,4, 0.000000E+00,0, 0.000000E+00,4, 4.921047E+00, 7.227252E-01, 1.820442E+00,NULL,NULL,1,mc_qqps,53
-21041,1183,20227,211129,94C2, 9.125000E+01,43,14,57,43,14, 8.524148E+00,-4.500782E+00,-9.661777E-02, 6.809196E+01, 6.713226E+01, 1.561215E+00,-7.223919E+00, 8.481340E+00,-2.895213E+00, 9.868089E+01, 4.526215E+01, 1.429691E+01, 1.499580E+01,12, 1.475975E-01,0, 0.000000E+00,0, 0.000000E+00,6, 1.233212E+01, 4.575665E-01, 8.235813E+00,1, 0.000000E+00,1,mc_qqps,53
-21041,1184,20227,211148,94C2, 9.125000E+01,30,14,44,30,14,-1.278682E+01,-5.496051E+00,-9.013430E+00, 6.355627E+01, 6.267921E+01, 2.089307E+00,-2.196889E+01,-1.032435E+01,-1.722510E+01, 9.243891E+01, 6.008133E+01, 8.231503E+00, 1.754924E+00,14, 4.106666E+00,0, 0.000000E+00,0, 0.000000E+00,10, 2.685965E+01, 1.062237E+00, 1.032699E+01,NULL,NULL,1,mc_qqps,53
-21041,1185,20227,211203,94C2, 9.125000E+01,52,11,63,52,11, 1.057243E+00,-3.478840E+00, 2.781497E+01, 8.317274E+01, 8.197308E+01, 1.576405E+00,-2.765868E+00,-1.056988E+01, 2.936897E+01, 1.048845E+02, 3.648185E+01, 1.889281E+01, 5.242813E-01,8, 2.139657E-01,7, 0.000000E+00,0, 0.000000E+00,4, 1.001107E+01, 2.157165E+00, 3.191777E+00,NULL,NULL,1,mc_qqps,53
-21041,1186,20227,211226,94C2, 9.125000E+01,45,22,67,45,22, 6.138437E-01,-9.799070E-01, 1.334478E+01, 5.092021E+01, 4.992286E+01, 1.109397E+00,-1.484505E+00, 1.312100E+00, 1.018316E+01, 8.328949E+01, 4.031299E+01, 2.152721E+01, 9.773376E+00,13, 3.355716E-01,9, 0.000000E+00,0, 0.000000E+00,10, 1.539193E+01, 3.899428E-01, 5.915936E+00,NULL,NULL,1,mc_qqps,53
-21041,1187,20227,221715,94C2, 9.125000E+01,9,12,21,9,12,-1.241035E+00, 3.102061E-01, 4.226575E+00, 6.275758E+00, 6.037430E+00, 6.708256E-01, 2.064717E-02, 8.027639E-01, 7.063789E-01, 7.326533E+01, 1.009111E+00, 5.128603E+01, 1.570354E+01,0, 0.000000E+00,5, 0.000000E+00,0, 0.000000E+00,NULL,NULL,NULL,NULL,4, 0.000000E+00,0,mc_qqps,53
-21041,1188,20227,221742,94C2, 9.125000E+01,28,11,39,28,11,-7.703418E+00,-4.907503E+00,-2.015105E-01, 4.707919E+01, 4.659905E+01, 1.664252E+00,-5.935950E+00,-4.268268E+00,-9.505174E-01, 7.037219E+01, 4.470671E+01, 1.840861E+01, 4.927608E+00,15, 7.046509E+00,0, 0.000000E+00,0, 0.000000E+00,6, 1.776206E+01, 5.831025E-01, 7.177642E+00,NULL,NULL,1,mc_qqps,53
-21041,1189,20227,221757,94C2, 9.125000E+01,22,9,31,22,9, 4.130374E+00,-3.918600E+00,-2.216934E-01, 4.819112E+01, 4.777365E+01, 2.171530E+00, 2.583363E+00, 1.545432E+00,-5.662025E+00, 8.938914E+01, 4.712449E+01, 1.340015E+01, 0.000000E+00,7, 1.006101E+00,3, 0.000000E+00,0, 0.000000E+00,6, 3.520979E+01, 1.162158E+00, 1.867979E+01,NULL,NULL,1,mc_qqps,53
-21041,1190,20227,221812,94C2, 9.125000E+01,42,16,58,42,16, 8.865931E+00, 4.122720E+00,-1.084638E+01, 7.160613E+01, 7.077581E+01, 1.685138E+00, 6.764621E+00, 3.866173E+00,-8.090224E+00, 8.624012E+01, 6.406088E+01, 1.195586E+01, 1.279710E+00,14, 3.243687E-01,5, 0.000000E+00,0, 0.000000E+00,9, 8.331942E+00, 5.214171E-01, 1.655335E+00,1, 0.000000E+00,1,mc_qqps,53
-21041,1191,20227,221835,94C2, 9.125000E+01,45,14,59,45,14, 2.654012E+00,-2.540713E+00, 7.090954E+00, 5.595154E+01, 5.486300E+01, 1.219178E+00,-1.099174E+00,-7.599897E+00, 8.821783E+00, 1.034741E+02, 4.318392E+01, 3.724269E+01, 1.029197E+01,16, 1.696747E-01,0, 0.000000E+00,0, 0.000000E+00,12, 3.597491E+01, 5.793597E-01, 8.851150E+00,NULL,NULL,1,mc_qqps,53
-21041,1192,20227,221851,94C2, 9.125000E+01,14,13,27,14,13, 5.901340E+00, 7.820632E+00,-1.479247E+01, 3.740365E+01, 3.721474E+01, 2.658195E+00, 8.906317E-02, 1.418965E+00,-7.531701E+00, 7.986704E+01, 3.216764E+01, 2.911789E+01, 1.334550E+01,0, 0.000000E+00,14, 2.603177E+00,0, 0.000000E+00,NULL,NULL,NULL,NULL,NULL,NULL,1,mc_qqps,53
-21041,1193,20227,221902,94C2, 9.125000E+01,44,22,66,44,22, 1.046109E+01,-3.270778E+00, 4.356178E-01, 6.717294E+01, 6.626003E+01, 1.505910E+00,-3.697341E+00,-4.104758E+00, 5.964403E+00, 9.465501E+01, 5.849186E+01, 1.930785E+01, 5.219330E+00,19, 7.214723E+00,0, 0.000000E+00,0, 0.000000E+00,14, 1.615321E+01, 3.545435E-01, 2.644200E+00,NULL,NULL,1,mc_qqps,53
-21041,1194,20227,221921,94C2, 9.125000E+01,11,10,21,11,10,-2.513226E+00,-4.083195E+00,-3.479277E+00, 3.240453E+01, 3.224477E+01, 2.931343E+00,-7.365870E-01, 4.672065E-01, 1.777931E+01, 6.717393E+01, 3.467050E+00, 3.361763E+01, 1.151766E+00,2, 0.000000E+00,7, 5.570154E-01,0, 0.000000E+00,2, 1.235036E+00, 3.890418E-01, 8.459940E-01,2, 0.000000E+00,0,mc_qqps,53
-21041,1195,20227,221951,94C2, 9.125000E+01,27,11,38,27,11,-7.482741E+00,-3.276617E+00, 1.104013E+01, 6.322873E+01, 6.258570E+01, 2.317989E+00,-6.264391E+00,-3.935710E+00, 1.035604E+01, 7.076470E+01, 5.596643E+01, 5.865182E+00, 6.175866E-01,1, 0.000000E+00,10, 6.791965E+00,0, 0.000000E+00,1, 1.053204E+00, 1.053204E+00, 1.053204E+00,2, 0.000000E+00,1,mc_qqps,53
-21041,1196,20227,222009,94C2, 9.125000E+01,29,14,43,29,14, 6.742038E-01, 5.385886E+00,-4.930163E+00, 6.113867E+01, 6.071806E+01, 2.093726E+00, 7.550982E-01,-2.313494E+00, 2.660429E+00, 7.771576E+01, 5.261319E+01, 1.091365E+01, 0.000000E+00,12, 8.591241E-01,6, 0.000000E+00,0, 0.000000E+00,9, 1.296788E+01, 5.585549E-01, 5.026464E+00,NULL,NULL,1,mc_qqps,53
-21041,1197,20227,222026,94C2, 9.125000E+01,22,8,30,22,8, 3.831849E+00, 3.682236E+00,-2.469371E+00, 6.750172E+01, 6.722220E+01, 3.055554E+00, 1.118306E+00, 2.645595E+00,-1.871804E+00, 7.995387E+01, 6.637959E+01, 8.638573E+00, 0.000000E+00,17, 1.341359E+01,0, 0.000000E+00,0, 0.000000E+00,8, 1.245215E+01, 3.773321E-01, 2.856101E+00,NULL,NULL,1,mc_qqps,53
-21041,1198,20227,222040,94C2, 9.125000E+01,20,4,24,20,4, 2.171478E-01, 2.485534E+01,-8.048026E+00, 4.612084E+01, 4.583285E+01, 2.291642E+00, 2.082371E+00, 3.603397E+01,-1.136201E+01, 6.235529E+01, 4.007695E+01, 1.390616E+01, 2.940905E+00,11, 1.078090E+01,0, 0.000000E+00,0, 0.000000E+00,2, 1.390616E+01, 2.714887E+00, 1.119127E+01,NULL,NULL,1,mc_qqps,53
-21041,1199,20227,222048,94C2, 9.125000E+01,34,18,52,34,18,-4.925336E+00, 4.210316E+00, 6.945653E+00, 6.067193E+01, 6.014740E+01, 1.769041E+00,-8.184122E+00, 5.371663E+00, 6.824622E+00, 8.694035E+01, 5.087904E+01, 1.520856E+01, 8.310940E+00,12, 0.000000E+00,3, 0.000000E+00,0, 0.000000E+00,10, 1.461339E+01, 5.757757E-01, 6.249326E+00,NULL,NULL,1,mc_qqps,53
-21041,1200,20227,222104,94C2, 9.125000E+01,23,19,42,23,19, 1.908491E+00, 6.859108E-01,-4.463680E+00, 4.565496E+01, 4.525795E+01, 1.967737E+00, 8.561290E+00, 1.428869E+00, 9.401066E+00, 7.112778E+01, 3.807627E+01, 2.537504E+01, 9.777346E-02,2, 0.000000E+00,15, 4.402860E+00,0, 0.000000E+00,2, 2.670348E+00, 8.804025E-01, 1.789945E+00,NULL,NULL,1,mc_qqps,53
-21041,1201,20227,222121,94C2, 9.125000E+01,28,15,43,28,15,-1.051710E+01, 6.831209E+00,-7.364997E+00, 4.051441E+01, 4.007454E+01, 1.431233E+00,-8.342831E+00, 4.190676E+00,-6.158909E+00, 7.929317E+01, 2.707531E+01, 3.226280E+01, 4.858999E+00,15, 1.550421E-01,0, 0.000000E+00,0, 0.000000E+00,12, 3.198893E+01, 4.879780E-01, 1.760889E+01,NULL,NULL,1,mc_qqps,53
-21041,1202,20227,222135,94C2, 9.125000E+01,34,23,57,34,23, 9.024458E+00,-2.431385E+00,-1.052890E+01, 7.083517E+01, 7.026228E+01, 2.066538E+00, 2.229107E+00,-1.873127E+00,-3.237189E+00, 9.473984E+01, 6.629025E+01, 9.150045E+00, 6.541886E+00,13, 1.985380E+00,6, 0.000000E+00,0, 0.000000E+00,8, 9.316006E+00, 4.426539E-01, 2.937837E+00,1, 0.000000E+00,1,mc_qqps,53
-21041,1203,20227,222155,94C2, 9.125000E+01,17,21,38,17,21,-2.802496E-01,-1.368752E-01,-6.554112E-01, 4.300457E+01, 4.279604E+01, 2.517414E+00,-5.078590E+00,-2.876765E+00,-5.428827E+00, 7.693491E+01, 4.212964E+01, 2.582774E+01, 6.005153E+00,9, 0.000000E+00,5, 0.000000E+00,0, 0.000000E+00,9, 1.603487E+01, 4.668884E-01, 5.408593E+00,NULL,NULL,1,mc_qqps,53
-21041,1204,20227,222210,94C2, 9.125000E+01,23,16,39,23,16, 6.663712E+00,-9.747289E+00,-5.440831E+00, 3.596752E+01, 3.557605E+01, 1.546785E+00, 5.198049E+00,-3.282157E+00,-4.667366E+00, 9.696573E+01, 3.398220E+01, 6.074312E+01, 2.550929E-01,15, 8.684199E+00,1, 0.000000E+00,0, 0.000000E+00,13, 5.749353E+01, 5.948039E-01, 2.113460E+01,NULL,NULL,1,mc_qqps,53
-21041,1205,20227,222222,94C2, 9.125000E+01,30,19,49,30,19,-2.730821E+01, 5.712559E+00, 1.204608E+01, 5.585705E+01, 5.528371E+01, 1.842790E+00,-2.433000E+01, 5.591237E+00, 9.022694E+00, 7.415629E+01, 4.111976E+01, 1.283972E+01, 2.392086E+00,18, 1.073122E+00,2, 0.000000E+00,0, 0.000000E+00,14, 1.343337E+01, 4.675722E-01, 2.448062E+00,NULL,NULL,1,mc_qqps,53
-21041,1206,20227,222236,94C2, 9.125000E+01,36,17,53,36,17,-6.742992E+00,-8.891223E+00,-1.573632E+01, 6.138546E+01, 6.057706E+01, 1.682696E+00,-3.152355E+00,-6.779970E+00,-1.064495E+01, 7.847926E+01, 5.609431E+01, 1.268813E+01, 3.387516E+00,5, 2.017337E-01,15, 2.694763E+00,0, 0.000000E+00,3, 2.562218E+00, 6.878194E-01, 1.018159E+00,NULL,NULL,1,mc_qqps,53
-21041,1207,20227,222256,94C2, 9.125000E+01,21,12,33,21,12, 1.254957E+01,-5.527104E+00, 1.204825E+01, 5.518030E+01, 5.478806E+01, 2.608955E+00, 7.048758E+00,-3.536815E+00, 4.899001E+00, 8.086742E+01, 5.283981E+01, 5.547505E+00, 1.790615E+01,11, 3.198681E+00,1, 0.000000E+00,0, 0.000000E+00,6, 7.034142E+00, 6.377246E-01, 2.233460E+00,NULL,NULL,1,mc_qqps,53
-21041,1208,20227,222311,94C2, 9.125000E+01,32,25,57,32,25,-1.127261E-01, 9.125642E-01, 3.657969E+00, 3.996094E+01, 3.937944E+01, 1.230607E+00, 1.136570E+00, 3.655933E-01, 5.427070E+00, 6.488219E+01, 3.396744E+01, 1.852881E+01, 6.396000E+00,0, 0.000000E+00,24, 4.528615E+00,0, 0.000000E+00,NULL,NULL,NULL,NULL,NULL,NULL,1,mc_qqps,53
-21041,1209,20227,222330,94C2, 9.125000E+01,18,4,22,18,4,-2.307085E+01,-9.704970E+00,-1.642451E+01, 5.291462E+01, 5.250147E+01, 2.916749E+00,-2.966733E+00,-1.400881E+00,-1.940239E+00, 8.174078E+01, 5.118712E+01, 2.838511E+01, 0.000000E+00,7, 2.541111E+00,0, 0.000000E+00,0, 0.000000E+00,4, 2.882617E+01, 4.410617E-01, 2.706152E+01,NULL,NULL,1,mc_qqps,53
-21041,1210,20227,222341,94C2, 9.125000E+01,14,11,25,14,11, 1.365035E+00,-5.769489E+00, 7.483880E+00, 4.923554E+01, 4.904369E+01, 3.503121E+00, 1.862544E+00,-3.851245E-02, 4.167843E-01, 6.711922E+01, 4.847723E+01, 1.590212E+01, 1.981567E+00,1, 0.000000E+00,8, 3.064254E-01,0, 0.000000E+00,1, 3.705081E+00, 3.705081E+00, 3.705081E+00,NULL,NULL,1,mc_qqps,53
-21041,1211,20227,222353,94C2, 9.125000E+01,26,17,43,26,17,-1.277082E+00,-1.507946E+01,-9.584499E+00, 6.637154E+01, 6.594434E+01, 2.536321E+00, 1.118183E+00, 4.091073E+00, 4.007883E+00, 9.570512E+01, 6.045374E+01, 2.449130E+01, 4.872954E+00,21, 1.878225E+01,0, 0.000000E+00,0, 0.000000E+00,13, 2.159372E+01, 6.958615E-01, 3.610077E+00,NULL,NULL,1,mc_qqps,53
-21041,1212,20227,222405,94C2, 9.125000E+01,25,17,42,25,17, 5.335451E+00, 2.103203E+00,-1.196210E+01, 7.761133E+01, 7.722884E+01, 3.089154E+00,-7.156374E-01,-1.167645E+00, 8.603171E-01, 1.051743E+02, 6.583442E+01, 2.548066E+01, 2.082292E+00,0, 0.000000E+00,20, 2.007998E+01,0, 0.000000E+00,NULL,NULL,NULL,NULL,NULL,NULL,1,mc_qqps,53
-21041,1213,20227,222418,94C2, 9.125000E+01,51,22,73,51,22,-7.033530E+00, 1.404001E+00,-8.617370E-02, 5.983353E+01, 5.750996E+01, 1.127646E+00,-1.826168E+01, 1.101879E+01, 3.471658E+00, 1.027379E+02, 5.455952E+01, 2.806117E+01, 9.142440E+00,22, 3.790044E+00,0, 0.000000E+00,0, 0.000000E+00,16, 3.069293E+01, 4.196186E-01, 5.566360E+00,NULL,NULL,1,mc_qqps,53
-21041,1214,20227,222435,94C2, 9.125000E+01,25,10,35,25,10,-4.249058E+00, 1.355126E+00, 1.014048E+00, 6.542136E+01, 6.522893E+01, 2.609157E+00,-2.464017E+00, 1.646570E+00, 5.157889E-01, 8.374717E+01, 5.376044E+01, 1.629208E+01, 0.000000E+00,13, 6.048833E-01,0, 0.000000E+00,0, 0.000000E+00,9, 1.670712E+01, 3.717972E-01, 4.539128E+00,NULL,NULL,1,mc_qqps,53
-21041,1215,20227,222447,94C2, 9.125000E+01,37,13,50,37,13, 1.138138E+00,-1.355382E+01,-5.276473E+00, 7.256696E+01, 7.193282E+01, 1.944130E+00, 4.093692E+00,-2.064622E+01,-8.087789E+00, 9.548674E+01, 6.734290E+01, 2.135356E+01, 1.643148E+00,15, 3.969171E+00,0, 0.000000E+00,0, 0.000000E+00,8, 1.146154E+01, 3.412169E-01, 4.385613E+00,NULL,NULL,1,mc_qqps,53
-21041,1216,20227,222501,94C2, 9.125000E+01,25,12,37,25,12, 4.150216E+00,-4.536968E+00, 6.856709E+00, 5.133133E+01, 5.088637E+01, 2.035455E+00, 2.108081E+00,-3.260238E+00, 2.940140E+00, 8.393671E+01, 4.862780E+01, 2.950718E+01, 2.158946E+00,14, 1.736961E+00,1, 0.000000E+00,0, 0.000000E+00,9, 3.044642E+01, 5.642599E-01, 1.536136E+01,NULL,NULL,1,mc_qqps,53
-21041,1217,20227,222513,94C2, 9.125000E+01,10,6,16,10,6,-1.420699E+01,-1.825899E+01,-7.924045E+00, 6.168318E+01, 6.157955E+01, 6.157955E+00,-6.737801E-01,-3.031589E+00,-1.113675E+00, 8.558890E+01, 6.137210E+01, 6.765421E+00, 1.721134E+01,4, 3.834987E+00,0, 0.000000E+00,0, 0.000000E+00,2, 5.871910E+00, 1.002107E+00, 4.869803E+00,NULL,NULL,1,mc_qqps,53
-21041,1218,20227,222526,94C2, 9.125000E+01,28,5,33,28,5, 3.300482E+00,-8.212004E-01,-7.425348E+00, 9.231635E+01, 9.183748E+01, 3.279910E+00, 2.767690E+00, 2.026361E+00,-4.221008E+00, 9.695994E+01, 8.611712E+01, 2.094676E+00, 2.853389E+00,1, 0.000000E+00,7, 3.014395E+00,0, 0.000000E+00,NULL,NULL,NULL,NULL,NULL,NULL,1,mc_qqps,53
-21041,1219,20227,222543,94C2, 9.125000E+01,19,11,30,19,11, 5.146285E-01,-2.145559E+00, 1.355440E+00, 7.616223E+01, 7.592989E+01, 3.996310E+00,-1.716894E+00, 1.021676E+00,-8.541619E-01, 9.107571E+01, 7.562786E+01, 1.414968E+01, 0.000000E+00,16, 1.410524E+01,0, 0.000000E+00,0, 0.000000E+00,10, 1.388417E+01, 4.744191E-01, 3.639847E+00,NULL,NULL,1,mc_qqps,53
-21041,1220,20227,222554,94C2, 9.125000E+01,31,23,54,31,23,-1.661769E+00, 1.422289E+01,-6.733172E+00, 5.669900E+01, 5.610257E+01, 1.809760E+00,-1.763124E+00, 1.592008E+01,-1.758036E+01, 1.025571E+02, 4.658117E+01, 2.596624E+01, 1.553584E+01,15, 4.119966E+00,4, 0.000000E+00,0, 0.000000E+00,12, 2.467353E+01, 5.864776E-01, 8.482095E+00,NULL,NULL,1,mc_qqps,53
-21041,1221,20227,222609,94C2, 9.125000E+01,46,25,71,46,25,-5.750735E+00,-6.017098E+00,-4.548743E+01, 9.469981E+01, 9.370781E+01, 2.037126E+00,-4.022243E+00,-4.723813E+00,-3.607045E+01, 1.127867E+02, 9.340266E+00, 1.808694E+01, 0.000000E+00,0, 0.000000E+00,35, 6.722352E+00,0, 0.000000E+00,NULL,NULL,NULL,NULL,NULL,NULL,0,mc_qqps,53
-21041,1222,20227,222626,94C2, 9.125000E+01,25,17,42,25,17, 1.068106E+01,-9.446727E+00,-3.903726E+00, 6.067609E+01, 6.031761E+01, 2.412704E+00, 1.547558E+01,-3.058290E+00,-1.944939E+00, 8.234701E+01, 4.182150E+01, 1.553318E+01, 4.178661E+00,18, 5.369347E+00,3, 3.381096E-01,0, 0.000000E+00,12, 1.518768E+01, 5.724626E-01, 2.759236E+00,NULL,NULL,1,mc_qqps,53
-21041,1223,20227,222641,94C2, 9.125000E+01,23,13,36,23,13, 3.608377E+00,-1.322177E+01,-1.377989E+01, 4.181409E+01, 4.143684E+01, 1.801602E+00, 5.759137E-01,-5.764684E+00,-1.093877E+01, 6.607712E+01, 3.495197E+01, 1.245568E+01, 6.149602E+00,9, 7.144207E+00,5, 0.000000E+00,0, 0.000000E+00,4, 9.228808E+00, 5.336418E-01, 5.130054E+00,NULL,NULL,1,mc_qqps,53
-21041,1224,20227,222655,94C2, 9.125000E+01,38,16,54,38,16, 7.709095E+00,-1.169192E+00,-3.359349E+00, 6.980179E+01, 6.904411E+01, 1.816950E+00,-1.134654E+01, 3.305929E+00, 1.868133E+00, 9.816472E+01, 6.385098E+01, 1.154833E+01, 7.215701E+00,9, 2.056768E+01,8, 0.000000E+00,0, 0.000000E+00,6, 1.274518E+01, 4.353697E-01, 8.187403E+00,NULL,NULL,1,mc_qqps,53
-21041,1225,20227,222710,94C2, 9.125000E+01,29,21,50,29,21,-8.386381E-01,-1.036983E+00, 2.275673E+01, 3.274141E+02, 3.270583E+02, 1.127787E+01,-9.305657E-01,-6.416162E+00, 3.728155E+01, 3.642495E+02, 2.420815E+01, 1.995526E+01, 1.514676E+01,2, 0.000000E+00,20, 9.563735E+00,0, 0.000000E+00,2, 2.575229E+00, 8.329741E-01, 1.742255E+00,3, 0.000000E+00,1,mc_qqps,53
-21041,1226,20227,222732,94C2, 9.125000E+01,55,18,73,55,18, 7.421847E+00, 2.336646E+01,-3.046021E+01, 8.871800E+01, 8.741490E+01, 1.589362E+00, 5.521127E+00, 1.859097E+01,-2.455765E+01, 1.127412E+02, 4.763202E+01, 1.157862E+01, 1.300489E+01,4, 0.000000E+00,9, 0.000000E+00,0, 0.000000E+00,3, 2.819001E+00, 2.885171E-01, 2.020359E+00,NULL,NULL,1,mc_qqps,53
-21041,1227,20227,222752,94C2, 9.125000E+01,27,11,38,27,11,-5.988402E+00, 9.303280E+00,-1.004457E+00, 7.333343E+01, 7.279408E+01, 2.696077E+00,-6.557096E+00, 9.748798E+00,-1.241230E+00, 8.813219E+01, 6.042806E+01, 1.023880E+01, 3.048354E+00,13, 2.348982E+00,0, 0.000000E+00,0, 0.000000E+00,8, 1.129979E+01, 4.705909E-01, 2.273038E+00,NULL,NULL,1,mc_qqps,53
-21041,1228,20227,222810,94C2, 9.125000E+01,27,6,33,27,6,-2.093858E+01,-7.647155E+00,-7.006787E+00, 9.879304E+01, 9.835594E+01, 3.642813E+00,-1.553561E+01,-7.346339E+00,-5.433715E+00, 1.096903E+02, 6.862517E+01, 8.907646E+00, 1.008507E+00,13, 5.044154E+00,0, 0.000000E+00,0, 0.000000E+00,5, 9.888773E+00, 9.811266E-01, 3.496499E+00,NULL,NULL,1,mc_qqps,53
-21041,1229,20227,222822,94C2, 9.125000E+01,26,13,39,26,13, 2.740158E+01, 2.840819E+00, 2.827553E+01, 4.934962E+01, 4.892344E+01, 1.881671E+00, 1.307185E+01, 2.571084E+00, 1.482882E+01, 8.555977E+01, 4.241926E+01, 2.667765E+01, 7.738006E+00,8, 0.000000E+00,2, 0.000000E+00,0, 0.000000E+00,7, 2.777528E+01, 8.195000E-01, 1.668571E+01,NULL,NULL,1,mc_qqps,53
-21041,1230,20227,222833,94C2, 9.125000E+01,38,13,51,38,13,-9.993862E+00,-5.631173E+00, 3.363131E+00, 6.183543E+01, 6.116825E+01, 1.609691E+00,-1.178026E+01,-5.449951E+00, 2.064036E+00, 7.466540E+01, 5.788947E+01, 7.203495E+00, 3.478192E+00,18, 6.997980E+00,0, 0.000000E+00,0, 0.000000E+00,9, 7.598232E+00, 4.691991E-01, 1.538778E+00,NULL,NULL,1,mc_qqps,53
-21041,1231,20227,222849,94C2, 9.125000E+01,19,15,34,19,15,-3.310446E+00, 1.026867E+01, 1.987197E+01, 4.081448E+01, 4.053030E+01, 2.133174E+00,-1.477982E-01,-3.671900E+00,-7.739392E+00, 7.512846E+01, 3.005076E+01, 2.017860E+01, 1.413538E+01,0, 0.000000E+00,13, 1.349789E+01,0, 0.000000E+00,NULL,NULL,NULL,NULL,1, 0.000000E+00,1,mc_qqps,53
-21041,1232,20227,222902,94C2, 9.125000E+01,23,15,38,23,15, 6.477239E+00, 1.386593E+01, 4.613521E+00, 5.028961E+01, 4.999805E+01, 2.173828E+00, 4.987592E+00, 8.646075E+00, 1.582152E+00, 7.679110E+01, 4.965712E+01, 2.001745E+01, 6.484041E+00,16, 1.087180E+00,2, 0.000000E+00,0, 0.000000E+00,9, 1.830127E+01, 9.099160E-01, 3.807532E+00,NULL,NULL,1,mc_qqps,53
-21041,1233,20227,222915,94C2, 9.125000E+01,28,19,47,28,19, 9.370251E+00, 1.269966E+01, 2.283445E+01, 5.595053E+01, 5.535210E+01, 1.976861E+00, 7.757515E+00, 8.552940E+00, 1.796191E+01, 7.670142E+01, 4.751206E+01, 1.518615E+01, 5.597532E+00,3, 9.572131E-01,12, 5.631620E-01,0, 0.000000E+00,2, 2.275978E+00, 5.374017E-01, 1.738576E+00,NULL,NULL,1,mc_qqps,53
-21041,1234,20227,222938,94C2, 9.125000E+01,19,13,32,19,13,-3.397763E+00,-4.517016E+00,-6.071556E-01, 7.242331E+01, 7.228856E+01, 3.804661E+00,-1.861574E+00,-2.843126E+00,-4.299223E-01, 8.729395E+01, 7.269668E+01, 1.038957E+01, 4.496182E-01,14, 1.279754E+01,0, 0.000000E+00,0, 0.000000E+00,10, 1.417078E+01, 5.779732E-01, 3.453468E+00,NULL,NULL,1,mc_qqps,53
-21041,1235,20227,222951,94C2, 9.125000E+01,21,15,36,21,15, 2.099380E+00, 5.469664E-01,-1.176906E+00, 3.491325E+01, 3.451999E+01, 1.643809E+00, 2.076730E+00, 3.315864E-01,-2.467498E+00, 4.739016E+01, 9.130714E+00, 1.066136E+01, 1.815557E+00,0, 0.000000E+00,13, 6.828650E+00,0, 0.000000E+00,NULL,NULL,NULL,NULL,NULL,NULL,0,mc_qqps,53
-21041,1236,20227,223005,94C2, 9.125000E+01,32,15,47,32,15,-3.004971E+00, 3.199889E+00,-5.915177E+00, 7.468523E+01, 7.403450E+01, 2.313578E+00,-5.068183E-01,-8.950981E+00, 9.227428E-01, 1.053467E+02, 7.135205E+01, 1.253830E+01, 1.321306E+01,15, 3.203105E+00,1, 0.000000E+00,0, 0.000000E+00,9, 1.676326E+01, 7.451002E-01, 5.037738E+00,NULL,NULL,1,mc_qqps,53
-21041,1237,20227,223021,94C2, 9.125000E+01,44,11,55,44,11, 2.193720E+00,-3.238167E+00,-8.996153E-01, 8.892831E+01, 8.818276E+01, 2.004154E+00, 1.286470E+00,-1.686928E+00,-2.757129E+00, 1.127834E+02, 8.146399E+01, 2.449859E+00, 2.109655E+01,12, 5.985352E+00,0, 0.000000E+00,0, 0.000000E+00,3, 2.767447E+00, 6.881745E-01, 1.222311E+00,NULL,NULL,1,mc_qqps,53
-21041,1238,20227,223037,94C2, 9.125000E+01,42,14,56,42,14,-2.860016E+01,-3.101268E+01,-3.590101E+00, 1.033468E+02, 1.024298E+02, 2.438805E+00,-1.891258E+01,-2.360120E+01,-8.226290E-01, 1.293741E+02, 9.094012E+01, 2.352238E+01, 1.107322E+00,17, 1.514716E+01,0, 0.000000E+00,0, 0.000000E+00,10, 2.291423E+01, 4.215131E-01, 6.247208E+00,NULL,NULL,1,mc_qqps,53
-21041,1239,20227,223053,94C2, 9.125000E+01,44,20,64,44,20,-4.062373E-01,-3.182014E+00,-4.480156E+00, 6.178048E+01, 6.101202E+01, 1.386637E+00,-5.413004E+00,-4.223582E+00, 8.278614E-01, 9.703444E+01, 5.411521E+01, 2.588533E+01, 6.563657E+00,24, 1.265896E+00,0, 0.000000E+00,0, 0.000000E+00,12, 2.265592E+01, 4.628683E-01, 1.241963E+01,NULL,NULL,1,mc_qqps,53
-21041,1240,20227,223114,94C2, 9.125000E+01,41,11,52,41,11, 5.639131E+00,-3.450628E-01, 2.057504E+00, 6.794221E+01, 6.663055E+01, 1.625135E+00, 8.109258E+00,-8.685959E-01, 3.899103E+00, 1.037702E+02, 3.583435E+01, 2.601009E+01, 9.817925E+00,14, 8.553660E+00,0, 0.000000E+00,0, 0.000000E+00,8, 2.601009E+01, 1.303392E+00, 8.162895E+00,NULL,NULL,1,mc_qqps,53
-21041,1241,20227,223129,94C2, 9.125000E+01,15,13,28,15,13,-3.355044E+01,-5.492963E+01, 5.274858E+02, 5.358470E+02, 5.354471E+02, 3.569648E+01,-3.333222E+01,-5.304807E+01, 5.179445E+02, 5.659475E+02, 2.853510E+00, 2.793486E+01, 1.225068E+00,1, 0.000000E+00,2, 0.000000E+00,0, 0.000000E+00,1, 9.406128E-01, 9.406128E-01, 9.406128E-01,6, 0.000000E+00,0,mc_qqps,53
-21041,1242,20227,223152,94C2, 9.125000E+01,32,18,50,32,18, 1.205621E+00, 2.243330E-01,-4.794554E+00, 4.673094E+01, 4.619915E+01, 1.443723E+00, 9.608002E+00, 2.743099E+00,-1.497639E+00, 9.560733E+01, 3.902844E+01, 2.441278E+01, 2.264110E+01,17, 7.317694E+00,0, 0.000000E+00,0, 0.000000E+00,12, 2.587967E+01, 6.082166E-01, 9.817187E+00,NULL,NULL,1,mc_qqps,53
-21041,1243,20227,223207,94C2, 9.125000E+01,17,10,27,17,10, 1.171451E+01,-9.359379E+00, 4.327964E+00, 3.436732E+01, 3.395241E+01, 1.997200E+00, 2.557079E+01,-2.424846E+01, 1.054955E+01, 9.334606E+01, 3.039590E+01, 5.035595E+01, 5.959797E+00,11, 1.198022E-01,0, 0.000000E+00,0, 0.000000E+00,8, 3.656922E+01, 7.362944E-01, 1.591283E+01,NULL,NULL,1,mc_qqps,53
-21041,1244,20227,223218,94C2, 9.125000E+01,27,10,37,27,10, 3.553038E+00, 8.634543E+00, 4.735620E+00, 6.701549E+01, 6.669207E+01, 2.470077E+00, 2.631499E+00, 6.420419E+00, 2.692348E+00, 8.035859E+01, 6.452160E+01, 1.183826E+01, 1.648158E+00,6, 2.092049E+00,1, 0.000000E+00,0, 0.000000E+00,4, 9.595708E+00, 8.377433E-01, 6.037475E+00,1, 0.000000E+00,1,mc_qqps,53
-21041,1245,20227,223233,94C2, 9.125000E+01,19,12,31,19,12, 4.435677E+00,-8.518723E+00,-1.015441E+01, 4.657422E+01, 4.618118E+01, 2.430588E+00,-1.358330E+00, 1.237163E+00,-1.066147E+00, 8.651123E+01, 4.279434E+01, 3.776864E+01, 1.318265E+00,14, 1.182210E+01,0, 0.000000E+00,0, 0.000000E+00,10, 3.726589E+01, 6.987271E-01, 1.285897E+01,1, 0.000000E+00,1,mc_qqps,53
-21041,1246,20227,223248,94C2, 9.125000E+01,32,11,43,32,11,-9.793357E-01,-1.110682E+01, 1.785151E+01, 6.777383E+01, 6.710695E+01, 2.097092E+00,-2.748022E+00,-1.502775E+01, 3.395802E+01, 9.205093E+01, 2.220772E+01, 2.199374E+01, 2.288028E+00,4, 0.000000E+00,8, 2.922282E+00,0, 0.000000E+00,3, 2.066113E+00, 3.660660E-01, 1.260442E+00,3, 0.000000E+00,1,mc_qqps,53
-21041,1247,20227,223312,94C2, 9.125000E+01,36,14,50,36,14, 3.194228E+01, 1.000604E+01,-2.009851E+02, 2.499212E+02, 2.495564E+02, 6.932121E+00, 2.981006E+01, 1.144822E+01,-1.942918E+02, 2.630677E+02, 2.354306E+01, 1.197782E+01, 1.168749E+00,0, 0.000000E+00,22, 2.122603E+01,0, 0.000000E+00,NULL,NULL,NULL,NULL,NULL,NULL,1,mc_qqps,53
-21041,1248,20227,223329,94C2, 9.125000E+01,31,12,43,31,12, 6.551815E+00,-5.419829E+00,-8.548264E+01, 1.718208E+02, 1.713666E+02, 5.527954E+00, 6.012318E+00,-4.221500E+00,-8.686819E+01, 1.841943E+02, 1.352791E+01, 1.186587E+01, 0.000000E+00,4, 0.000000E+00,15, 7.728014E+00,0, 0.000000E+00,3, 1.677359E+00, 4.522094E-01, 7.175240E-01,1, 0.000000E+00,0,mc_qqps,53
-21041,1249,20227,223344,94C2, 9.125000E+01,15,11,26,15,11,-2.133734E+01, 1.342320E+01,-1.007025E+01, 5.983142E+01, 5.970398E+01, 3.980265E+00,-1.110139E+01, 7.958943E+00,-6.325538E+00, 1.001556E+02, 5.206832E+01, 2.784646E+01, 1.247773E+01,13, 5.225731E+00,0, 0.000000E+00,0, 0.000000E+00,8, 2.784646E+01, 6.152359E-01, 1.522705E+01,NULL,NULL,1,mc_qqps,53
-21041,1250,20227,223355,94C2, 9.125000E+01,23,13,36,23,13,-4.615229E+00, 1.311605E+01,-1.707943E+00, 4.771806E+01, 4.736486E+01, 2.059342E+00,-4.319790E+00, 1.150489E+01,-4.830176E-01, 5.710923E+01, 4.196117E+01, 7.516817E+00, 4.857351E-01,15, 4.101540E+00,0, 0.000000E+00,0, 0.000000E+00,9, 7.808173E+00, 4.343613E-01, 2.038258E+00,NULL,NULL,1,mc_qqps,53
-21041,1251,20227,223406,94C2, 9.125000E+01,16,10,26,16,10,-2.683452E+02, 7.530286E+02, 1.281169E+03, 1.590883E+03, 1.590724E+03, 9.942024E+01,-2.685422E+02, 7.501339E+02, 1.278624E+03, 1.602878E+03, 4.883084E+01, 8.735136E+00, 2.301691E+00,1, 0.000000E+00,14, 4.740529E+00,0, 0.000000E+00,1, 9.584136E-01, 9.584136E-01, 9.584136E-01,NULL,NULL,1,mc_qqps,53
-21041,1252,20227,223420,94C2, 9.125000E+01,35,8,43,35,8,-2.085842E+00,-2.589382E+00, 1.408983E+00, 6.921635E+01, 6.860930E+01, 1.960266E+00, 4.817184E+00,-9.315856E-01,-1.353472E+00, 8.234082E+01, 6.280838E+01, 1.159822E+01, 1.605401E+00,12, 4.143652E-01,0, 0.000000E+00,0, 0.000000E+00,6, 1.047217E+01, 9.887630E-01, 3.066658E+00,NULL,NULL,1,mc_qqps,53
-21041,1253,20227,223436,94C2, 9.125000E+01,35,8,43,35,8,-2.446151E+00, 2.452067E+00,-2.568779E+00, 6.207996E+01, 6.139191E+01, 1.754054E+00,-3.626730E+00, 2.713043E+00,-3.243138E+00, 7.999936E+01, 4.678263E+01, 1.076167E+01, 5.779533E+00,14, 3.272961E+00,0, 0.000000E+00,0, 0.000000E+00,6, 1.213986E+01, 5.465311E-01, 4.815027E+00,NULL,NULL,1,mc_qqps,53
-21041,1254,20227,223451,94C2, 9.125000E+01,24,12,36,24,12,-7.286968E+00,-2.811796E+01, 9.538523E+00, 1.111888E+02, 1.108435E+02, 4.618480E+00,-1.170935E+01,-3.143945E+01, 1.634332E+01, 1.387813E+02, 9.282925E+01, 2.039158E+01, 6.033455E+00,12, 3.516278E+00,2, 0.000000E+00,0, 0.000000E+00,8, 2.109261E+01, 8.225679E-01, 8.087247E+00,NULL,NULL,1,mc_qqps,53
-21041,1255,20227,223504,94C2, 9.125000E+01,18,16,34,18,16,-1.785126E+00, 2.045343E-01, 3.982563E+00, 1.567326E+01, 1.509632E+01, 8.386846E-01,-5.871342E-01, 5.392909E-01, 2.427947E+00, 5.333524E+01, 4.506634E+00, 3.457376E+01, 0.000000E+00,2, 0.000000E+00,12, 1.464995E+00,0, 0.000000E+00,2, 4.452656E+00, 1.364432E+00, 3.088224E+00,4, 0.000000E+00,0,mc_qqps,53
-21041,1256,20227,223521,94C2, 9.125000E+01,26,10,36,26,10, 3.714493E+00,-1.694394E+00,-4.866453E+00, 8.905064E+01, 8.859644E+01, 3.407555E+00, 5.393871E+00, 1.435349E+00,-6.861675E+00, 1.198221E+02, 8.406935E+01, 1.599196E+01, 1.202467E+01,7, 2.277909E+00,1, 0.000000E+00,0, 0.000000E+00,5, 1.806597E+01, 1.261225E+00, 8.281521E+00,NULL,NULL,1,mc_qqps,53
-21041,1257,20227,223535,94C2, 9.125000E+01,33,22,55,33,22, 2.566140E+00,-2.062816E+00,-7.688696E+00, 7.345493E+01, 7.302031E+01, 2.212737E+00,-1.351068E+00, 2.751680E+00,-1.753543E+01, 1.014975E+02, 4.692102E+01, 1.891646E+01, 9.150822E+00,8, 4.032409E-01,18, 5.920074E+00,0, 0.000000E+00,6, 4.188258E+00, 4.815426E-01, 1.155033E+00,NULL,NULL,1,mc_qqps,53
-21041,1258,20227,223551,94C2, 9.125000E+01,28,16,44,28,16,-1.683598E+00,-4.312075E+00,-2.437123E+00, 8.033335E+01, 7.971120E+01, 2.846829E+00,-2.910364E+00,-5.739950E+00,-5.029659E+00, 1.041823E+02, 7.462303E+01, 1.204656E+01, 7.040787E+00,16, 9.540932E-01,2, 0.000000E+00,0, 0.000000E+00,11, 1.587188E+01, 6.661073E-01, 3.128974E+00,NULL,NULL,1,mc_qqps,53
-21041,1259,20227,223606,94C2, 9.125000E+01,31,11,42,31,11, 3.843611E+00, 1.732113E-01, 9.490164E-01, 6.111806E+01, 6.046841E+01, 1.950594E+00, 1.164962E+01,-6.473097E+00, 1.698682E+00, 7.784191E+01, 3.903197E+01, 4.615227E+00, 8.406622E+00,15, 1.041580E+01,0, 0.000000E+00,0, 0.000000E+00,6, 7.224563E+00, 4.539245E-01, 3.249591E+00,NULL,NULL,1,mc_qqps,53
-21041,1260,20227,223633,94C2, 9.125000E+01,25,13,38,25,13, 2.094678E+00,-6.783342E+00,-9.054427E+00, 6.497054E+01, 6.461848E+01, 2.584739E+00, 2.444421E+00,-6.024924E+00,-9.225038E+00, 8.069482E+01, 5.796383E+01, 1.549261E+01, 2.316717E-01,2, 1.053728E-01,13, 3.267516E-01,0, 0.000000E+00,1, 4.923490E-01, 4.923490E-01, 4.923490E-01,NULL,NULL,1,mc_qqps,53
-21041,1261,20227,223649,94C2, 9.125000E+01,47,13,60,47,13,-3.691195E+00,-6.086068E+00,-3.718718E+00, 1.004226E+02, 9.952785E+01, 2.117614E+00, 1.054026E+00,-6.678372E+00,-6.310189E+00, 1.145258E+02, 7.601745E+01, 3.457137E+00, 8.777917E+00,17, 4.084846E-01,1, 0.000000E+00,0, 0.000000E+00,6, 4.657568E+00, 5.856968E-01, 9.587062E-01,NULL,NULL,1,mc_qqps,53
-21041,1262,20227,223707,94C2, 9.125000E+01,24,16,40,24,16,-1.890083E+00, 1.312970E+00, 6.523345E+01, 8.462446E+01, 8.423755E+01, 3.509898E+00,-8.025356E-01,-6.151691E+00, 5.591647E+01, 1.089203E+02, 1.367889E+01, 1.881762E+01, 2.267910E+00,6, 5.407016E-01,12, 1.828809E+01,0, 0.000000E+00,4, 7.475631E+00, 1.233391E+00, 3.266824E+00,2, 0.000000E+00,1,mc_qqps,53
-21041,1263,20227,223724,94C2, 9.125000E+01,30,6,36,30,6,-8.233096E+00,-1.508640E-01,-4.846076E+00, 9.123858E+01, 9.071946E+01, 3.023982E+00,-3.956532E+00, 1.838277E-01,-3.077012E+00, 1.007243E+02, 8.252116E+01, 4.941250E+00, 2.262329E+00,15, 1.468846E+01,0, 0.000000E+00,0, 0.000000E+00,5, 7.279202E+00, 3.805295E-01, 2.405143E+00,NULL,NULL,1,mc_qqps,53
-21041,1264,20227,223735,94C2, 9.125000E+01,60,26,86,60,26, 1.635085E+00, 9.271001E-01,-2.989116E+00, 7.013814E+01, 6.906343E+01, 1.151057E+00, 6.298020E+00, 5.815876E+00,-3.140167E+00, 1.011359E+02, 5.576271E+01, 2.289015E+01, 5.289815E+00,30, 7.549264E+00,1, 0.000000E+00,0, 0.000000E+00,19, 2.079737E+01, 4.098226E-01, 2.460817E+00,NULL,NULL,1,mc_qqps,53
-21041,1265,20227,223756,94C2, 9.125000E+01,17,11,28,17,11,-6.860747E+00, 1.326707E+00,-1.250872E+01, 3.034324E+01, 3.000517E+01, 1.765010E+00,-3.841702E+00, 2.137733E+00, 1.048712E+00, 6.235773E+01, 1.968023E+01, 3.055357E+01, 1.460928E+00,1, 0.000000E+00,8, 1.318386E+00,0, 0.000000E+00,NULL,NULL,NULL,NULL,3, 0.000000E+00,1,mc_qqps,53
-21041,1266,20227,223832,94C2, 9.125000E+01,7,12,19,7,12, 9.805623E-02, 2.388423E+00, 1.909347E+00, 3.434838E+01, 3.431950E+01, 4.902785E+00,-1.987573E+00,-1.372860E+01,-2.788118E+01, 6.881764E+01, 3.190096E+01, 2.906863E+01, 5.400639E+00,1, 0.000000E+00,12, 7.938379E+00,0, 0.000000E+00,1, 6.790125E-01, 6.790125E-01, 6.790125E-01,NULL,NULL,1,mc_qqps,53
-21041,1267,20227,223841,94C2, 9.125000E+01,32,18,50,32,18,-3.365559E+00,-1.355208E+00,-2.436915E+00, 6.434768E+01, 6.356198E+01, 1.986312E+00,-6.620314E+00,-9.971178E-01,-6.399362E+00, 1.034138E+02, 5.545624E+01, 3.682439E+01, 1.189062E+00,20, 4.396054E+00,0, 0.000000E+00,0, 0.000000E+00,14, 2.206159E+01, 3.627792E-01, 6.206063E+00,NULL,NULL,1,mc_qqps,53
-21041,1268,20227,223856,94C2, 9.125000E+01,47,25,72,47,25,-1.054470E+01, 2.815056E+00,-1.600970E+01, 6.669957E+01, 6.569225E+01, 1.397707E+00,-5.670697E+00, 3.039495E+00,-1.073805E+01, 1.013463E+02, 5.359574E+01, 2.527551E+01, 8.078486E+00,10, 0.000000E+00,11, 0.000000E+00,0, 0.000000E+00,10, 8.551263E+00, 4.568661E-01, 2.005167E+00,NULL,NULL,1,mc_qqps,53
-21041,1269,20227,223917,94C2, 9.125000E+01,32,23,55,32,23, 2.171465E+00,-2.056371E-01,-1.293711E+01, 5.232962E+01, 5.170728E+01, 1.615852E+00, 2.871474E+00,-1.588842E+00,-1.045580E+01, 7.689317E+01, 4.807315E+01, 1.999615E+01, 4.567406E+00,5, 0.000000E+00,18, 5.903373E+00,0, 0.000000E+00,2, 2.152221E+00, 9.775401E-01, 1.174681E+00,2, 0.000000E+00,1,mc_qqps,53
-21041,1270,20227,223941,94C2, 9.125000E+01,39,14,53,39,14, 7.372539E-01, 1.976730E+00, 9.188600E-01, 7.484199E+01, 7.406790E+01, 1.899177E+00,-1.287111E+00, 6.038808E-01,-4.646307E+00, 8.631214E+01, 4.622686E+01, 1.128003E+01, 1.901235E-01,1, 0.000000E+00,20, 8.761006E+00,0, 0.000000E+00,1, 1.533153E+00, 1.533153E+00, 1.533153E+00,1, 0.000000E+00,1,mc_qqps,53
-21041,1271,20227,223955,94C2, 9.125000E+01,17,9,26,17,9,-1.105861E+01,-5.061930E-01, 5.659032E+00, 5.655787E+01, 5.638031E+01, 3.316489E+00, 1.924217E+01,-8.177455E-01,-1.242419E+01, 1.147768E+02, 5.591353E+01, 4.280196E+01, 1.256268E+01,11, 2.661484E-01,0, 0.000000E+00,0, 0.000000E+00,7, 3.087726E+01, 1.518024E+00, 1.576569E+01,NULL,NULL,1,mc_qqps,53
-21041,1272,20227,224007,94C2, 9.125000E+01,31,14,45,31,14,-1.457595E+00,-3.940009E+00,-1.779150E+00, 5.854677E+01, 5.793594E+01, 1.868901E+00,-1.214360E+00,-2.814890E+00, 1.612570E+00, 8.738261E+01, 5.175345E+01, 2.534189E+01, 1.040953E+00,20, 2.524900E+01,0, 0.000000E+00,0, 0.000000E+00,12, 2.741174E+01, 6.101798E-01, 6.093031E+00,NULL,NULL,1,mc_qqps,53
-21041,1273,20227,224022,94C2, 9.125000E+01,35,21,56,35,21,-9.399295E+00, 8.221789E+00,-4.248418E+00, 6.641064E+01, 6.573135E+01, 1.878039E+00, 1.232012E+00,-2.430654E-01, 1.482628E+00, 9.372621E+01, 5.697015E+01, 1.389424E+01, 7.897642E+00,19, 4.797020E+00,2, 2.282934E-01,0, 0.000000E+00,13, 1.523936E+01, 3.379293E-01, 2.282322E+00,NULL,NULL,1,mc_qqps,53
-21041,1274,20227,224040,94C2, 9.125000E+01,18,12,30,18,12,-6.778972E+00,-5.281505E+00,-3.608319E+00, 3.085434E+01, 3.050923E+01, 1.694957E+00,-4.165828E-01, 5.577922E-02, 5.921154E-02, 6.558331E+01, 2.913393E+01, 8.501510E+00, 1.797941E+01,14, 6.417855E+00,0, 0.000000E+00,0, 0.000000E+00,9, 1.680415E+01, 7.219520E-01, 3.975514E+00,NULL,NULL,1,mc_qqps,53
-21041,1275,20227,224053,94C2, 9.125000E+01,14,7,21,14,7, 2.917162E+00, 5.070564E+00,-8.371667E+00, 7.643681E+01, 7.637103E+01, 5.455073E+00, 2.200688E+00,-2.450504E-01,-1.051575E+00, 9.329333E+01, 7.048462E+01, 1.283732E+01, 4.019202E+00,7, 1.984076E-01,4, 0.000000E+00,0, 0.000000E+00,5, 1.217737E+01, 1.526751E+00, 3.661999E+00,NULL,NULL,1,mc_qqps,53
-21041,1276,20227,224106,94C2, 9.125000E+01,43,10,53,43,10, 1.804263E-02, 1.167882E+00,-9.497670E+01, 1.530273E+02, 1.520439E+02, 3.535904E+00,-1.584672E+00, 1.042653E+00,-9.461017E+01, 1.612430E+02, 3.084934E+01, 8.215627E+00, 0.000000E+00,5, 1.404342E-01,9, 0.000000E+00,0, 0.000000E+00,2, 1.909348E+00, 6.725018E-01, 1.236846E+00,1, 0.000000E+00,1,mc_qqps,53
-21041,1277,20227,224120,94C2, 9.125000E+01,18,4,22,18,4,-3.810807E+00, 2.395318E+00, 1.051743E+00, 7.148068E+01, 7.127425E+01, 3.959681E+00,-3.401985E+00, 1.410851E+00, 6.834204E-01, 7.511404E+01, 7.043328E+01, 1.588592E+00, 7.824067E-01,10, 1.480664E+01,0, 0.000000E+00,0, 0.000000E+00,2, 1.659663E+00, 3.973004E-01, 1.262362E+00,NULL,NULL,1,mc_qqps,53
-21041,1278,20227,224129,94C2, 9.125000E+01,46,15,61,46,15, 6.611263E+00, 1.060238E+01,-1.353375E+00, 8.139635E+01, 8.036440E+01, 1.747052E+00, 7.411853E+00, 9.885938E+00,-1.069703E+00, 9.827468E+01, 6.026554E+01, 1.528720E+01, 3.984646E-01,17, 1.177888E+01,0, 0.000000E+00,0, 0.000000E+00,10, 1.328109E+01, 2.620755E-01, 3.478668E+00,NULL,NULL,1,mc_qqps,53
-21041,1279,20227,224146,94C2, 9.125000E+01,33,15,48,33,15, 4.291089E+00, 1.414714E+01, 6.014260E+00, 5.359619E+01, 5.282638E+01, 1.600799E+00,-1.852793E+00, 1.295060E+00, 2.978839E-01, 8.756536E+01, 4.841708E+01, 2.248714E+01, 7.854790E+00,14, 4.934930E+00,1, 0.000000E+00,0, 0.000000E+00,9, 2.633147E+01, 6.106522E-01, 6.522952E+00,NULL,NULL,1,mc_qqps,53
-21041,1280,20227,224201,94C2, 9.125000E+01,32,10,42,32,10, 2.657190E+00,-6.320456E-02,-5.286367E-01, 6.132330E+01, 6.059869E+01, 1.893709E+00,-1.549633E+00,-3.511153E+00, 1.993504E+00, 8.377827E+01, 5.529437E+01, 1.510738E+01, 2.856503E+00,13, 5.866298E+00,0, 0.000000E+00,0, 0.000000E+00,7, 1.970371E+01, 4.660397E-01, 8.457601E+00,NULL,NULL,1,mc_qqps,53
-21041,1281,20227,224215,94C2, 9.125000E+01,26,12,38,26,12, 1.180106E+00, 1.850710E+00, 1.570285E+00, 7.660631E+01, 7.607231E+01, 2.925858E+00,-7.608178E-02, 1.592823E+00, 6.023898E-01, 8.685070E+01, 7.051561E+01, 1.024438E+01, 0.000000E+00,15, 1.000939E+01,1, 0.000000E+00,0, 0.000000E+00,9, 9.073197E+00, 4.154466E-01, 1.812795E+00,NULL,NULL,1,mc_qqps,53
-21041,1282,20227,224232,94C2, 9.125000E+01,48,16,64,48,16,-4.512917E-01, 3.149444E+00, 1.877332E+00, 6.762925E+01, 6.663632E+01, 1.388257E+00, 1.028776E+00, 2.013154E+00,-2.935840E+00, 8.228456E+01, 4.280685E+01, 1.345889E+01, 1.196405E+00,5, 0.000000E+00,14, 0.000000E+00,0, 0.000000E+00,3, 3.746017E+00, 1.066192E+00, 1.365567E+00,2, 0.000000E+00,1,mc_qqps,53
-21041,1283,20227,224250,94C2, 9.125000E+01,28,12,40,28,12, 9.281166E-01, 4.989694E-01,-6.260839E-02, 6.408295E+01, 6.347723E+01, 2.267044E+00,-1.457261E-01,-1.625896E-01, 1.595164E+00, 8.549339E+01, 5.976344E+01, 2.015674E+01, 1.253681E+00,7, 2.465092E+00,5, 4.832940E-01,0, 0.000000E+00,5, 1.119431E+01, 6.896493E-01, 6.501652E+00,NULL,NULL,1,mc_qqps,53
-21041,1284,20227,224306,94C2, 9.125000E+01,42,10,52,42,10, 6.194408E+00, 7.621698E-01,-2.011752E+00, 5.923532E+01, 5.843454E+01, 1.391299E+00, 1.407456E+01, 7.295476E-01,-4.050701E+00, 7.797916E+01, 5.202379E+01, 1.398752E+01, 4.185474E+00,12, 8.721546E-02,1, 0.000000E+00,0, 0.000000E+00,7, 1.080625E+01, 5.708619E-01, 2.520682E+00,1, 0.000000E+00,1,mc_qqps,53
-21041,1285,20227,224328,94C2, 9.125000E+01,16,7,23,16,7, 1.245682E+00, 4.104845E+01,-4.447876E+01, 1.070793E+02, 1.069315E+02, 6.683216E+00, 2.303393E+00, 4.414981E+01,-4.990602E+01, 1.195988E+02, 4.223470E+01, 8.703352E+00, 3.816247E+00,1, 0.000000E+00,4, 0.000000E+00,0, 0.000000E+00,1, 6.795275E-01, 6.795275E-01, 6.795275E-01,NULL,NULL,1,mc_qqps,53
-21041,1286,20227,224342,94C2, 9.125000E+01,21,14,35,21,14, 1.794765E+00,-1.514556E+01,-7.230398E-02, 4.533419E+01, 4.497482E+01, 2.141658E+00,-5.890782E-01, 3.683584E+00, 3.843245E-02, 8.222534E+01, 4.275562E+01, 2.118431E+01, 0.000000E+00,16, 1.211959E+01,0, 0.000000E+00,0, 0.000000E+00,11, 3.170052E+01, 5.148989E-01, 1.331280E+01,1, 0.000000E+00,1,mc_qqps,53
-21041,1287,20227,224357,94C2, 9.125000E+01,27,14,41,27,14, 3.029727E+00,-1.081083E+00, 1.385282E+00, 5.337009E+01, 5.282349E+01, 1.956426E+00, 1.007789E+00, 1.709792E+00, 1.109849E+00, 8.456460E+01, 4.751269E+01, 3.055005E+01, 1.343005E-01,17, 6.256597E+00,0, 0.000000E+00,0, 0.000000E+00,13, 3.106022E+01, 5.101661E-01, 5.769804E+00,NULL,NULL,1,mc_qqps,53
-21041,1288,20227,224410,94C2, 9.125000E+01,39,14,53,39,14,-9.884892E-01,-4.706330E+00, 3.092601E+00, 4.475169E+01, 4.377589E+01, 1.122459E+00,-2.335000E+00, 8.034950E+00,-2.401599E+00, 7.824905E+01, 3.968074E+01, 1.587526E+01, 1.594590E+01,15, 5.308928E+00,1, 0.000000E+00,0, 0.000000E+00,8, 1.058311E+01, 3.210990E-01, 4.663231E+00,NULL,NULL,1,mc_qqps,53
-21041,1289,20227,224427,94C2, 9.125000E+01,47,21,68,47,21,-7.847013E+00,-1.392823E+01,-1.683540E+02, 2.474849E+02, 2.467058E+02, 5.249059E+00,-6.263379E+00,-1.829178E+01,-1.727332E+02, 2.720595E+02, 6.373735E+01, 1.703315E+01, 4.264724E+00,8, 0.000000E+00,14, 0.000000E+00,0, 0.000000E+00,6, 7.526394E+00, 4.741554E-01, 2.570383E+00,1, 0.000000E+00,1,mc_qqps,53
-21041,1290,20227,224449,94C2, 9.125000E+01,23,13,36,23,13,-3.726896E+00,-1.420231E+00, 4.193815E+00, 6.427962E+01, 6.393148E+01, 2.779630E+00, 2.535521E+00, 1.693813E+00,-4.326636E+00, 7.910523E+01, 6.307184E+01, 6.544667E+00, 4.773036E+00,7, 7.476602E-02,5, 0.000000E+00,0, 0.000000E+00,5, 4.985244E+00, 4.891317E-01, 2.274087E+00,1, 0.000000E+00,1,mc_qqps,53
-21041,1291,20227,224504,94C2, 9.125000E+01,36,11,47,36,11,-6.359487E+00, 5.804612E+00,-8.982464E+00, 3.700243E+01, 3.584693E+01, 9.957481E-01, 1.234810E+00,-3.769357E+00, 3.776567E+00, 6.325433E+01, 2.448254E+01, 5.242340E+00, 2.013552E+01,8, 4.083231E+00,4, 0.000000E+00,0, 0.000000E+00,4, 3.713342E+00, 6.871566E-01, 1.278074E+00,1, 0.000000E+00,1,mc_qqps,53
-21041,1292,20227,224522,94C2, 9.125000E+01,13,6,19,13,6,-6.691240E-01, 8.458019E+00,-5.183729E+00, 5.973391E+01, 5.948585E+01, 4.575834E+00, 3.192093E-01,-1.794777E+01, 7.588942E+00, 1.115892E+02, 4.992966E+01, 7.210451E+00, 3.726985E+01,5, 3.040464E-01,0, 0.000000E+00,0, 0.000000E+00,3, 1.458546E+01, 1.380485E+00, 7.375005E+00,NULL,NULL,1,mc_qqps,53
-21041,1293,20227,224534,94C2, 9.125000E+01,18,23,41,18,23, 2.194374E-01,-4.942486E+00,-1.795310E+01, 2.223912E+01, 2.199359E+01, 1.221866E+00, 1.114462E+00,-2.945081E+00,-9.373613E+00, 5.272909E+01, 1.362353E+01, 2.616507E+01, 4.324904E+00,0, 0.000000E+00,16, 1.767879E+00,0, 0.000000E+00,NULL,NULL,NULL,NULL,7, 0.000000E+00,1,mc_qqps,53
-21041,1294,20227,224607,94C2, 9.125000E+01,30,22,52,30,22, 7.543463E-01,-4.953246E+00, 3.327816E+00, 3.642138E+01, 3.584091E+01, 1.194697E+00,-9.653898E-01,-2.618052E+00,-1.560027E+00, 6.161143E+01, 1.361951E+01, 2.048697E+01, 4.703091E+00,1, 0.000000E+00,20, 7.796345E+00,0, 0.000000E+00,1, 4.943265E-01, 4.943265E-01, 4.943265E-01,NULL,NULL,1,mc_qqps,53
-21041,1295,20227,224623,94C2, 9.125000E+01,8,14,22,8,14, 7.676728E-01, 1.769370E+01, 9.602585E+00, 2.314939E+01, 2.303625E+01, 2.879532E+00,-1.360406E+00, 7.436924E+00, 3.975413E+00, 9.253913E+01, 1.827905E+01, 4.788649E+01, 1.620171E+01,10, 3.582709E+01,1, 0.000000E+00,0, 0.000000E+00,8, 4.949441E+01, 4.073124E-01, 3.646877E+01,NULL,NULL,1,mc_qqps,53
-21041,1296,20227,224635,94C2, 9.125000E+01,25,15,40,25,15, 2.051387E+01,-1.683175E+01, 6.756929E+00, 5.381159E+01, 5.326393E+01, 2.130557E+00, 1.646684E+01,-1.047763E+01, 7.993525E+00, 7.556657E+01, 4.659256E+01, 1.465771E+01, 5.186172E+00,13, 4.217731E+00,0, 0.000000E+00,0, 0.000000E+00,9, 1.269848E+01, 4.050089E-01, 3.625293E+00,1, 0.000000E+00,1,mc_qqps,53
-21041,1297,20227,224650,94C2, 9.125000E+01,20,13,33,20,13, 5.138919E+00,-2.799213E+00, 4.113142E-01, 5.167773E+01, 5.125976E+01, 2.562988E+00,-1.720916E+00, 4.187427E-01,-9.623803E-02, 8.246644E+01, 5.018879E+01, 2.975018E+01, 0.000000E+00,19, 1.122119E+01,0, 0.000000E+00,0, 0.000000E+00,11, 2.902313E+01, 4.600368E-01, 9.937871E+00,NULL,NULL,1,mc_qqps,53
-21041,1298,20227,224702,94C2, 9.125000E+01,26,17,43,26,17,-5.920545E+00, 2.333776E+01,-1.143003E+01, 7.969913E+01, 7.945317E+01, 3.055891E+00, 2.278835E+00, 5.416988E+00,-4.023101E+00, 1.148803E+02, 5.638038E+01, 3.125429E+01, 3.022939E+00,24, 6.866214E+00,0, 0.000000E+00,0, 0.000000E+00,14, 2.473785E+01, 5.601377E-01, 6.784595E+00,NULL,NULL,1,mc_qqps,53
-21041,1299,20227,224714,94C2, 9.125000E+01,12,5,17,12,5,-2.849645E+00, 1.881665E+00, 2.854484E+00, 8.302158E+01, 8.288453E+01, 6.907044E+00,-1.832220E+00, 1.034295E+00, 9.315204E-01, 8.873396E+01, 7.985397E+01, 4.400046E+00, 0.000000E+00,8, 9.719535E+00,0, 0.000000E+00,0, 0.000000E+00,4, 5.283777E+00, 6.801280E-01, 2.420618E+00,NULL,NULL,1,mc_qqps,53
-21041,1300,20227,224727,94C2, 9.125000E+01,40,19,59,40,19, 8.172522E+00, 1.382622E+00,-8.422931E-01, 6.512428E+01, 6.451640E+01, 1.612910E+00, 7.531200E+00,-1.673736E-01,-3.707082E+00, 8.926489E+01, 6.153433E+01, 2.226889E+01, 0.000000E+00,24, 3.667936E+00,0, 0.000000E+00,0, 0.000000E+00,14, 1.850986E+01, 4.480564E-01, 4.778874E+00,NULL,NULL,1,mc_qqps,53
-21041,1301,20227,224746,94C2, 9.125000E+01,39,9,48,39,9,-1.164851E+01, 5.148972E+01,-1.268621E+00, 9.168856E+01, 9.055791E+01, 2.321998E+00,-8.010736E+00, 3.355999E+01, 1.576184E+00, 1.318943E+02, 7.339375E+01, 3.601233E+01, 2.728047E+00,13, 9.552026E+00,1, 0.000000E+00,0, 0.000000E+00,7, 3.697509E+01, 3.398706E-01, 2.767761E+01,NULL,NULL,1,mc_qqps,53
-21041,1302,20227,224809,94C2, 9.125000E+01,27,6,33,27,6,-1.897899E+00, 3.553871E+00, 6.997969E+00, 6.638078E+01, 6.582546E+01, 2.437980E+00, 5.558124E+00,-3.453154E+00,-5.948512E+00, 8.479128E+01, 5.098798E+01, 2.142609E+00, 1.075654E+01,5, 0.000000E+00,2, 0.000000E+00,0, 0.000000E+00,4, 6.445714E+00, 8.254848E-01, 3.324263E+00,NULL,NULL,1,mc_qqps,53
-21041,1303,20227,224827,94C2, 9.125000E+01,24,14,38,24,14,-8.993587E+00,-6.694814E+00,-1.651543E+01, 6.611463E+01, 6.573419E+01, 2.738925E+00,-8.415573E+00,-7.918478E+00,-1.094540E+01, 8.471338E+01, 6.104366E+01, 1.500789E+01, 2.278858E+00,14, 4.368731E-01,2, 0.000000E+00,0, 0.000000E+00,12, 1.637815E+01, 3.831568E-01, 7.271453E+00,NULL,NULL,1,mc_qqps,53
-21041,1304,20227,224845,94C2, 9.125000E+01,40,14,54,40,14, 7.628818E-01,-1.042372E-01,-1.279169E+00, 8.189072E+01, 8.094623E+01, 2.023656E+00, 2.898959E+00,-4.252555E+00, 2.038559E-01, 9.675504E+01, 6.445724E+01, 1.218592E+01, 3.690452E-01,17, 1.146819E+00,0, 0.000000E+00,0, 0.000000E+00,11, 1.194123E+01, 4.300823E-01, 1.664514E+00,NULL,NULL,1,mc_qqps,53
-21041,1305,20227,224902,94C2, 9.125000E+01,31,19,50,31,19, 1.006143E+01, 1.498136E+00, 7.411839E+00, 6.616867E+01, 6.558647E+01, 2.115693E+00, 1.356285E+01, 9.369643E-01, 9.369789E+00, 9.400133E+01, 5.757532E+01, 2.643353E+01, 0.000000E+00,24, 9.650837E-01,0, 0.000000E+00,0, 0.000000E+00,16, 1.933602E+01, 4.068973E-01, 3.391094E+00,NULL,NULL,1,mc_qqps,53
-21041,1306,20227,224917,94C2, 9.125000E+01,18,16,34,18,16, 6.955169E-01, 8.612852E-01,-7.471423E-01, 5.635611E+01, 5.615851E+01, 3.119917E+00, 8.296172E+00, 2.841971E+00,-7.059023E+00, 7.944624E+01, 5.188448E+01, 1.463598E+01, 6.262165E+00,15, 1.521430E+01,0, 0.000000E+00,0, 0.000000E+00,13, 1.662270E+01, 4.471109E-01, 3.618979E+00,1, 0.000000E+00,1,mc_qqps,53
-21041,1307,20227,224926,94C2, 9.125000E+01,18,13,31,18,13,-1.278393E+01,-3.156928E+00, 6.174100E+00, 4.241407E+01, 4.209174E+01, 2.338430E+00, 4.454676E+00, 7.316443E-01,-2.684080E+00, 7.747624E+01, 3.889814E+01, 2.766505E+01, 7.440940E+00,7, 0.000000E+00,3, 7.058247E-01,0, 0.000000E+00,7, 2.505863E+01, 4.594664E-01, 7.796049E+00,NULL,NULL,1,mc_qqps,53
-21041,1308,20227,224938,94C2, 9.125000E+01,34,21,55,34,21, 1.131399E-01, 4.156267E+00,-9.846950E+00, 6.642249E+01, 6.587449E+01, 1.937485E+00,-2.807827E+00, 2.159324E-01,-3.904724E-01, 9.412366E+01, 6.367616E+01, 2.027194E+01, 7.456439E+00,8, 5.645126E-01,16, 1.570632E+00,0, 0.000000E+00,2, 1.302743E+00, 5.939890E-01, 7.087541E-01,NULL,NULL,1,mc_qqps,53
-21041,1309,20227,224953,94C2, 9.125000E+01,18,12,30,18,12,-8.048427E+00,-3.365262E+00,-3.893159E+01, 4.725041E+01, 4.690049E+01, 2.605583E+00,-3.781471E+00,-1.365172E+00,-2.500016E+01, 7.024641E+01, 9.324990E+00, 1.795468E+01, 5.041312E+00,0, 0.000000E+00,7, 0.000000E+00,0, 0.000000E+00,NULL,NULL,NULL,NULL,3, 0.000000E+00,0,mc_qqps,53
-21041,1310,20227,225033,94C2, 9.125000E+01,32,16,48,32,16,-1.231749E+00,-9.097901E-01, 9.530264E-01, 7.233973E+01, 7.194720E+01, 2.248350E+00,-2.157589E+00,-9.740024E-01,-1.099147E-01, 9.208529E+01, 6.152206E+01, 1.592886E+01, 3.878253E+00,21, 4.304924E+00,0, 0.000000E+00,0, 0.000000E+00,10, 1.464306E+01, 5.243937E-01, 2.785866E+00,NULL,NULL,1,mc_qqps,53
-21041,1311,20227,225047,94C2, 9.125000E+01,30,10,40,30,10, 4.081181E+00, 4.227971E+00,-2.009219E+00, 5.216852E+01, 5.163626E+01, 1.721209E+00, 9.020249E+00, 1.172901E+01,-7.771531E+00, 7.618871E+01, 4.712554E+01, 1.035349E+01, 1.068089E+01,12, 4.059896E+00,0, 0.000000E+00,0, 0.000000E+00,6, 1.336300E+01, 8.118846E-01, 6.257016E+00,NULL,NULL,1,mc_qqps,53
-21041,1312,20227,225102,94C2, 9.125000E+01,26,13,39,26,13,-5.442778E+00,-6.648050E+00,-7.171940E+00, 6.312406E+01, 6.266521E+01, 2.410200E+00,-3.066780E+00,-1.130005E+00,-2.595986E+00, 8.985166E+01, 5.508892E+01, 2.405903E+01, 2.668566E+00,5, 0.000000E+00,12, 3.587850E+00,0, 0.000000E+00,4, 1.404058E+01, 9.094238E-01, 1.024887E+01,NULL,NULL,1,mc_qqps,53
-21041,1313,20227,225115,94C2, 9.125000E+01,28,8,36,28,8, 1.864782E+01,-3.512749E+00, 1.802798E+00, 5.000499E+01, 4.932502E+01, 1.761608E+00,-6.154476E+00, 2.821084E+00, 6.383194E+00, 7.857263E+01, 4.476619E+01, 2.856808E+01, 0.000000E+00,12, 1.049120E+01,0, 0.000000E+00,0, 0.000000E+00,6, 2.711262E+01, 4.677301E-01, 2.104100E+01,1, 0.000000E+00,1,mc_qqps,53
-21041,1314,20227,225130,94C2, 9.125000E+01,32,16,48,32,16,-6.154318E+00, 1.269010E+01,-1.374015E+01, 4.923433E+01, 4.862692E+01, 1.519591E+00,-1.071208E+01, 1.830079E+01,-1.699730E+01, 7.188735E+01, 4.454224E+01, 2.011706E+01, 1.034477E+00,19, 1.603968E+00,0, 0.000000E+00,0, 0.000000E+00,14, 2.137402E+01, 6.173146E-01, 4.390875E+00,NULL,NULL,1,mc_qqps,53
-21041,1315,20227,225148,94C2, 9.125000E+01,33,14,47,33,14,-1.543235E+01, 7.483849E+00,-1.888407E+01, 5.319003E+01, 5.266884E+01, 1.596025E+00,-1.290232E+01, 7.161884E+00,-1.744129E+01, 7.917052E+01, 4.342718E+01, 1.333432E+01, 1.264619E+01,7, 0.000000E+00,5, 0.000000E+00,0, 0.000000E+00,5, 1.009490E+01, 4.608339E-01, 7.586070E+00,NULL,NULL,1,mc_qqps,53
-21041,1316,20227,225206,94C2, 9.125000E+01,23,16,39,23,16,-8.319787E+00,-1.560800E+00,-6.764143E+00, 5.099196E+01, 5.067356E+01, 2.203198E+00,-9.653922E-01, 1.874480E+00,-6.854540E-01, 7.730720E+01, 4.860486E+01, 2.260328E+01, 7.678397E-01,21, 5.294033E-01,0, 0.000000E+00,0, 0.000000E+00,14, 2.521241E+01, 3.159449E-01, 1.447544E+01,1, 0.000000E+00,1,mc_qqps,53
-21041,1317,20227,225217,94C2, 9.125000E+01,39,17,56,39,17,-6.559561E+00,-5.172372E+00, 6.826979E-01, 6.391326E+01, 6.301313E+01, 1.615721E+00, 3.653028E+00, 2.759489E+00, 2.334879E+00, 8.343210E+01, 5.500332E+01, 1.891733E+01, 0.000000E+00,15, 7.149855E+00,4, 0.000000E+00,0, 0.000000E+00,11, 1.358809E+01, 4.593822E-01, 3.607231E+00,1, 0.000000E+00,1,mc_qqps,53
-21041,1318,20227,225233,94C2, 9.125000E+01,26,18,44,26,18, 3.861616E+00, 7.977304E+00,-1.093476E+01, 6.048528E+01, 5.998154E+01, 2.306983E+00, 4.258966E+00, 8.378953E+00,-1.272189E+01, 9.749897E+01, 5.912447E+01, 1.675333E+01, 1.494722E+01,9, 0.000000E+00,1, 0.000000E+00,0, 0.000000E+00,6, 1.250277E+01, 1.174270E+00, 3.391891E+00,1, 0.000000E+00,1,mc_qqps,53
-21041,1319,20227,225249,94C2, 9.125000E+01,33,21,54,33,21,-2.449429E-02,-6.632850E+00, 1.149273E+01, 6.918443E+01, 6.866007E+01, 2.080608E+00, 3.941281E+00,-4.395603E+00, 1.317887E+01, 1.068849E+02, 5.660907E+01, 2.387306E+01, 9.532589E+00,11, 2.016303E+00,12, 4.499056E-01,0, 0.000000E+00,9, 1.275670E+01, 3.641552E-01, 4.528442E+00,NULL,NULL,1,mc_qqps,53
-21041,1320,20227,225304,94C2, 9.125000E+01,41,11,52,41,11, 3.672443E+00,-2.804533E+00,-1.080198E+00, 7.668220E+01, 7.535117E+01, 1.837833E+00,-2.418950E+00, 6.714156E+00, 1.044845E+00, 9.644848E+01, 6.478586E+01, 1.840802E+01, 7.044710E-01,15, 7.699676E-01,0, 0.000000E+00,0, 0.000000E+00,9, 1.906180E+01, 6.312038E-01, 9.345876E+00,NULL,NULL,1,mc_qqps,53
-21041,1321,20227,225324,94C2, 9.125000E+01,22,15,37,22,15, 4.819141E-01, 2.345921E+00, 2.058331E+00, 6.373205E+01, 6.344265E+01, 2.883757E+00, 2.315074E+00, 1.692745E+01, 1.129484E+01, 1.007971E+02, 5.793902E+01, 1.698977E+01, 1.546070E+01,12, 1.092184E+01,1, 0.000000E+00,0, 0.000000E+00,10, 2.113353E+01, 4.561417E-01, 6.424126E+00,NULL,NULL,1,mc_qqps,53
-21041,1322,20227,225336,94C2, 9.125000E+01,28,20,48,28,20, 1.063624E+01,-5.689431E+00,-1.499577E+01, 4.620925E+01, 4.566199E+01, 1.630785E+00, 4.346249E+00,-1.498322E+00,-6.307882E+00, 8.706504E+01, 3.503213E+01, 2.635746E+01, 1.266933E+01,12, 1.172820E-01,2, 0.000000E+00,0, 0.000000E+00,10, 2.645872E+01, 5.584944E-01, 6.106724E+00,NULL,NULL,1,mc_qqps,53
-21041,1323,20227,225351,94C2, 9.125000E+01,21,5,26,21,5,-9.173083E-01,-4.503324E+00,-2.483672E-01, 6.138902E+01, 6.114845E+01, 2.911831E+00,-7.652020E-01, 1.593584E-01, 2.816171E+00, 6.990260E+01, 4.876097E+01, 4.742540E+00, 1.982625E+00,10, 5.589216E+00,0, 0.000000E+00,0, 0.000000E+00,4, 6.530960E+00, 5.640687E-01, 3.231011E+00,NULL,NULL,1,mc_qqps,53
-21041,1324,20227,225405,94C2, 9.125000E+01,18,10,28,18,10, 3.360449E+00, 4.641353E+00, 3.066964E+00, 5.802463E+01, 5.770459E+01, 3.205811E+00,-2.800013E+00,-2.790630E+00,-1.836083E+00, 8.878089E+01, 5.634016E+01, 3.075626E+01, 0.000000E+00,16, 1.687190E+01,0, 0.000000E+00,0, 0.000000E+00,9, 2.919154E+01, 3.695805E-01, 1.416355E+01,NULL,NULL,1,mc_qqps,53
-21041,1325,20227,225418,94C2, 9.125000E+01,22,18,40,22,18,-4.282763E+00, 3.713667E+00, 3.769121E+00, 3.491264E+01, 3.460367E+01, 1.572894E+00,-1.139580E+01, 6.786585E+00, 9.411901E+00, 6.758941E+01, 3.431745E+01, 2.307286E+01, 9.790858E+00,18, 1.802302E+00,0, 0.000000E+00,0, 0.000000E+00,13, 2.307111E+01, 5.243540E-01, 5.183773E+00,NULL,NULL,1,mc_qqps,53
-21041,1326,20227,225430,94C2, 9.125000E+01,54,23,77,54,23, 4.986897E+00, 5.361948E+00, 9.553670E+00, 7.376216E+01, 7.228374E+01, 1.338588E+00, 2.626368E+00, 8.239706E+00, 1.012923E+01, 1.118613E+02, 6.284939E+01, 2.911010E+01, 7.979004E+00,11, 2.668555E-01,7, 0.000000E+00,0, 0.000000E+00,6, 1.122340E+01, 7.313955E-01, 5.566391E+00,NULL,NULL,1,mc_qqps,53
-21041,1327,20227,225453,94C2, 9.125000E+01,53,23,76,53,23, 4.474886E+00, 9.021619E+00,-3.722043E+00, 6.693629E+01, 6.555062E+01, 1.236804E+00, 8.779509E+00,-6.131444E+00,-9.647745E-01, 9.647251E+01, 5.367869E+01, 1.282336E+01, 9.235386E+00,21, 8.944474E+00,0, 0.000000E+00,0, 0.000000E+00,15, 1.676803E+01, 5.845799E-01, 2.567083E+00,NULL,NULL,1,mc_qqps,53
-21041,1328,20227,225510,94C2, 9.125000E+01,20,23,43,20,23, 2.320440E+01, 5.168262E-01, 2.379524E+01, 7.214720E+01, 7.168850E+01, 3.584425E+00, 1.173043E+01,-5.213992E+00, 1.357767E+01, 1.294403E+02, 7.020905E+01, 1.217999E+01, 3.505217E+01,14, 6.571752E+00,1, 0.000000E+00,0, 0.000000E+00,10, 2.026472E+01, 6.083494E-01, 9.344602E+00,NULL,NULL,1,mc_qqps,53
-21041,1329,20227,225525,94C2, 9.125000E+01,27,19,46,27,19, 2.307155E+00, 6.928503E-01,-1.885321E+00, 6.344172E+01, 6.286040E+01, 2.328163E+00,-2.022364E+00,-3.418774E+00,-2.539538E+00, 9.113757E+01, 6.173003E+01, 1.778874E+01, 7.772176E+00,25, 9.682803E+00,0, 0.000000E+00,0, 0.000000E+00,16, 1.922082E+01, 4.330224E-01, 2.872968E+00,NULL,NULL,1,mc_qqps,53
-21041,1330,20227,225540,94C2, 9.125000E+01,36,20,56,36,20, 9.784874E+00, 3.806932E+00, 2.374095E+01, 1.002033E+02, 9.947079E+01, 2.763078E+00, 1.299406E+01, 3.241456E+00, 2.198647E+01, 1.407854E+02, 6.397200E+01, 3.681045E+01, 2.096905E+00,11, 1.499670E+00,4, 0.000000E+00,0, 0.000000E+00,8, 1.362500E+01, 4.335011E-01, 5.313517E+00,NULL,NULL,1,mc_qqps,53
-21041,1331,20227,225557,94C2, 9.125000E+01,21,23,44,21,23, 1.289649E+00,-8.093423E+00, 9.983101E+00, 5.292059E+01, 5.263734E+01, 2.506540E+00, 1.648274E+00,-1.056458E+01, 1.130332E+01, 8.824860E+01, 5.217891E+01, 2.035286E+01, 1.107352E+01,20, 6.797405E+00,0, 0.000000E+00,0, 0.000000E+00,16, 2.075787E+01, 4.210550E-01, 7.338982E+00,NULL,NULL,1,mc_qqps,53
-21041,1332,20227,225613,94C2, 9.125000E+01,33,21,54,33,21, 4.028026E+00,-1.101116E+01, 1.175887E+01, 5.129138E+01, 5.065487E+01, 1.534996E+00, 1.290729E+01,-1.072340E+00, 7.482875E+00, 1.078550E+02, 4.683562E+01, 3.413597E+01, 1.195668E+01,14, 4.765312E+00,5, 0.000000E+00,0, 0.000000E+00,10, 4.136687E+01, 6.332282E-01, 2.038589E+01,NULL,NULL,1,mc_qqps,53
-21041,1333,20227,225628,94C2, 9.125000E+01,25,8,33,25,8,-3.444814E-01,-3.671050E+00, 3.546314E+00, 6.593176E+01, 6.527182E+01, 2.610873E+00, 2.790456E+00,-7.253925E+00, 6.614719E+00, 7.685467E+01, 6.235954E+01, 9.885910E+00, 5.115378E-01,7, 9.291784E-02,1, 0.000000E+00,0, 0.000000E+00,5, 9.344079E+00, 5.254647E-01, 3.750952E+00,NULL,NULL,1,mc_qqps,53
-21041,1334,20227,225641,94C2, 9.125000E+01,27,11,38,27,11,-1.390319E+01, 1.172077E+01, 1.664098E+00, 3.134940E+01, 3.080661E+01, 1.140986E+00,-2.580928E+01, 2.164505E+01, 3.375368E+00, 4.737880E+01, 2.645152E+01, 1.200502E+01, 6.101130E-01,12, 2.336784E+00,0, 0.000000E+00,0, 0.000000E+00,7, 1.236661E+01, 8.778710E-01, 3.414263E+00,NULL,NULL,1,mc_qqps,53
-21041,1335,20227,225651,94C2, 9.125000E+01,42,13,55,42,13,-1.061760E+01,-5.328170E+00,-2.043574E+01, 7.563845E+01, 7.465997E+01, 1.777618E+00,-1.061108E+01,-5.703128E+00,-1.734346E+01, 1.048780E+02, 3.595944E+01, 1.174809E+01, 8.032917E+00,13, 2.524486E+00,3, 0.000000E+00,0, 0.000000E+00,5, 1.921169E+01, 9.120331E-01, 9.481024E+00,1, 0.000000E+00,1,mc_qqps,53
-21041,1336,20227,225708,94C2, 9.125000E+01,35,13,48,35,13, 4.105112E+00, 3.766572E-01,-9.029162E+00, 7.254917E+01, 7.217618E+01, 2.062176E+00, 3.995808E-01, 3.077229E+00,-1.343584E+00, 8.719816E+01, 4.818531E+01, 1.250489E+01, 2.144094E+00,1, 0.000000E+00,17, 6.614707E+00,0, 0.000000E+00,NULL,NULL,NULL,NULL,1, 0.000000E+00,1,mc_qqps,53
-21041,1337,20227,225727,94C2, 9.125000E+01,19,16,35,19,16,-3.561352E+00, 1.232627E+01, 1.480960E+00, 6.017576E+01, 6.001610E+01, 3.158742E+00,-4.342041E+00, 1.010718E+01, 2.909539E+00, 9.240128E+01, 5.339506E+01, 2.198901E+01, 7.842688E+00,18, 4.270179E+00,0, 0.000000E+00,0, 0.000000E+00,14, 2.369081E+01, 4.881224E-01, 5.094170E+00,NULL,NULL,1,mc_qqps,53
-21041,1338,20227,225737,94C2, 9.125000E+01,33,14,47,33,14,-6.107389E+00, 6.625103E+00,-9.338881E+00, 5.700338E+01, 5.644135E+01, 1.710344E+00,-5.431914E+00, 4.811238E+00,-8.550949E+00, 7.320100E+01, 5.058182E+01, 1.573534E+01, 4.622952E-01,14, 5.347184E+00,4, 0.000000E+00,0, 0.000000E+00,9, 1.123560E+01, 5.173025E-01, 1.872410E+00,NULL,NULL,1,mc_qqps,53
-21041,1339,20227,225751,94C2, 9.125000E+01,35,16,51,35,16, 7.232314E-01, 7.211449E-01,-1.752410E+00, 6.109389E+01, 6.026655E+01, 1.721902E+00, 1.557625E+01,-9.978825E+00, 7.717027E+00, 9.433096E+01, 4.833338E+01, 2.934822E+01, 2.019765E+00,16, 5.498739E+00,1, 0.000000E+00,0, 0.000000E+00,12, 2.589727E+01, 7.072929E-01, 5.931892E+00,NULL,NULL,1,mc_qqps,53
-21041,1340,20227,225806,94C2, 9.125000E+01,32,14,46,32,14, 8.000038E+00, 2.890038E+00,-9.272175E-01, 6.145425E+01, 6.094219E+01, 1.904443E+00, 7.612153E+00, 2.980451E+00,-3.050748E+00, 8.205291E+01, 5.567610E+01, 1.692071E+01, 2.345822E+00,15, 7.021199E+00,0, 0.000000E+00,0, 0.000000E+00,9, 1.312426E+01, 4.519682E-01, 3.298452E+00,NULL,NULL,1,mc_qqps,53
-21041,1341,20227,225820,94C2, 9.125000E+01,16,7,23,16,7, 8.422928E+00,-4.969754E-01, 2.349201E+00, 3.605119E+01, 3.576709E+01, 2.235443E+00, 6.296134E+00,-4.021882E-01, 2.137339E+00, 5.699240E+01, 3.540351E+01, 8.762844E+00, 1.167520E+01,10, 8.976080E+00,0, 0.000000E+00,0, 0.000000E+00,5, 9.266019E+00, 5.031746E-01, 4.993994E+00,NULL,NULL,1,mc_qqps,53
-21041,1342,20227,225831,94C2, 9.125000E+01,34,15,49,34,15, 8.476183E-01,-1.616744E+00, 6.299824E+00, 5.257664E+01, 5.213719E+01, 1.533447E+00, 5.581272E+00,-2.970156E+00, 9.623000E+00, 7.635880E+01, 4.332675E+01, 1.395983E+01, 9.098563E+00,14, 1.361711E+01,0, 0.000000E+00,0, 0.000000E+00,8, 1.210828E+01, 5.296666E-01, 3.476692E+00,1, 0.000000E+00,1,mc_qqps,53
-21041,1343,20227,225846,94C2, 9.125000E+01,29,14,43,29,14,-6.659179E+00, 1.274602E+01,-1.181455E+00, 8.186722E+01, 8.149047E+01, 2.810016E+00,-4.744880E+00, 1.187079E+01,-2.350229E+00, 1.005196E+02, 6.412791E+01, 1.809480E+01, 5.575903E-01,19, 9.542322E+00,0, 0.000000E+00,0, 0.000000E+00,12, 1.742175E+01, 3.749138E-01, 4.359188E+00,NULL,NULL,1,mc_qqps,53
-21041,1344,20227,225902,94C2, 9.125000E+01,51,19,70,51,19,-2.908911E+00, 2.842647E-01, 4.826381E+00, 6.400158E+01, 6.298198E+01, 1.234941E+00, 3.054503E+00, 2.432500E+00,-3.482872E+00, 8.918726E+01, 5.068455E+01, 1.705534E+01, 8.733225E+00,7, 4.138142E+00,9, 0.000000E+00,0, 0.000000E+00,2, 6.105479E+00, 6.235177E-01, 5.481961E+00,NULL,NULL,1,mc_qqps,53
-21041,1345,20227,225921,94C2, 9.125000E+01,17,4,21,17,4,-1.528645E+01,-1.372204E+01, 7.834896E+00, 5.840224E+01, 5.823978E+01, 3.425870E+00,-1.694591E+01,-1.603173E+01, 9.262251E+00, 6.227148E+01, 5.831851E+01, 3.392659E+00, 4.765760E-01,9, 6.105014E-01,0, 0.000000E+00,0, 0.000000E+00,2, 3.392659E+00, 8.261098E-01, 2.566549E+00,NULL,NULL,1,mc_qqps,53
-21041,1346,20227,225930,94C2, 9.125000E+01,40,14,54,40,14,-8.662273E+00,-2.058356E+01, 1.005863E+01, 8.302409E+01, 8.242553E+01, 2.060638E+00,-8.565032E+00,-1.048678E+01, 4.367207E+00, 1.043220E+02, 5.357220E+01, 1.795392E+01, 2.129608E-01,23, 2.467382E+00,0, 0.000000E+00,0, 0.000000E+00,13, 2.108493E+01, 4.750514E-01, 7.102822E+00,NULL,NULL,1,mc_qqps,53
-21041,1347,20227,225946,94C2, 9.125000E+01,24,19,43,24,19,-1.988434E+00, 1.518636E+01, 6.969477E+00, 5.483070E+01, 5.455965E+01, 2.273319E+00, 9.094209E-02, 1.139862E-01, 5.573436E-01, 9.811868E+01, 4.664207E+01, 3.191793E+01, 4.735559E+00,21, 1.371502E+00,0, 0.000000E+00,0, 0.000000E+00,16, 3.474630E+01, 5.194050E-01, 1.114225E+01,1, 0.000000E+00,1,mc_qqps,53
-21041,1348,20227,230000,94C2, 9.125000E+01,28,20,48,28,20, 4.455630E-01,-1.321723E+01, 2.341442E+01, 4.844015E+01, 4.798777E+01, 1.713849E+00, 1.281949E+00,-9.102498E-01, 9.755236E+00, 8.900799E+01, 4.086530E+01, 1.807932E+01, 1.997307E+01,12, 3.862141E+00,3, 0.000000E+00,0, 0.000000E+00,8, 9.377316E+00, 4.692891E-01, 3.290540E+00,NULL,NULL,1,mc_qqps,53
-21041,1349,20227,230015,94C2, 9.125000E+01,35,14,49,35,14,-1.587926E+01, 2.331639E+01, 7.154173E+00, 8.828230E+01, 8.771052E+01, 2.506015E+00,-1.924293E+01, 2.459989E+01, 7.711318E+00, 1.197926E+02, 8.217329E+01, 2.020063E+01, 8.764812E+00,20, 5.422819E+00,0, 0.000000E+00,0, 0.000000E+00,9, 2.121981E+01, 4.172394E-01, 6.687243E+00,NULL,NULL,1,mc_qqps,53
-21041,1350,20227,230029,94C2, 9.125000E+01,34,16,50,34,16,-6.804688E+00, 4.977534E-01,-5.546190E-01, 5.297935E+01, 5.229737E+01, 1.538158E+00,-1.721490E+01,-3.308447E+00,-7.162118E+00, 8.723499E+01, 4.048186E+01, 2.114758E+01, 0.000000E+00,21, 1.885029E+01,0, 0.000000E+00,0, 0.000000E+00,15, 3.350511E+01, 4.854563E-01, 6.578787E+00,NULL,NULL,1,mc_qqps,53
-21041,1351,20227,230044,94C2, 9.125000E+01,39,13,52,39,13,-1.184691E+01,-4.831157E-01,-6.476485E+00, 7.483221E+01, 7.382569E+01, 1.892966E+00,-1.210185E+01,-2.015024E+00,-6.956235E+00, 1.015862E+02, 6.145142E+01, 2.596813E+01, 5.400000E-02,16, 6.215003E+00,0, 0.000000E+00,0, 0.000000E+00,9, 2.349101E+01, 6.671445E-01, 8.406554E+00,NULL,NULL,1,mc_qqps,53
-21041,1352,20227,230059,94C2, 9.125000E+01,22,11,33,22,11, 1.873010E+00,-4.510705E+00,-1.755436E+00, 7.032507E+01, 6.973546E+01, 3.169794E+00, 3.207196E+00, 1.343034E+01,-2.102835E+00, 9.242940E+01, 5.359178E+01, 1.961427E+01, 1.547501E+00,9, 5.688093E-01,0, 0.000000E+00,0, 0.000000E+00,7, 2.055682E+01, 5.661381E-01, 8.090014E+00,NULL,NULL,1,mc_qqps,53
-21041,1353,20227,230111,94C2, 9.125000E+01,24,13,37,24,13, 6.599693E+00, 8.511915E+00, 3.061192E+00, 4.235743E+01, 4.202428E+01, 1.751012E+00,-1.485444E+00, 7.206890E+00,-1.504821E+01, 7.972841E+01, 3.518528E+01, 3.248359E+01, 4.917235E+00,11, 9.956960E-02,4, 0.000000E+00,0, 0.000000E+00,10, 3.188665E+01, 6.600032E-01, 1.687776E+01,NULL,NULL,1,mc_qqps,53
-21041,1354,20227,230124,94C2, 9.125000E+01,33,13,46,33,13, 6.522900E+00,-7.830593E+00,-6.838764E+00, 6.457727E+01, 6.399363E+01, 1.939201E+00, 9.441623E-01,-2.830582E+00, 3.135271E-01, 9.663875E+01, 5.110884E+01, 2.969123E+01, 0.000000E+00,14, 2.779592E+00,2, 0.000000E+00,0, 0.000000E+00,11, 2.961629E+01, 4.291520E-01, 7.675768E+00,NULL,NULL,1,mc_qqps,53
-21041,1355,20227,230138,94C2, 9.125000E+01,17,3,20,17,3,-5.655473E+00,-4.427082E-01,-5.312764E+00, 5.721491E+01, 5.674826E+01, 3.338133E+00, 7.470229E+00, 1.218823E+00, 7.760245E+00, 7.729449E+01, 5.461747E+01, 1.925742E+01, 8.226581E-01,5, 1.582282E-01,0, 0.000000E+00,0, 0.000000E+00,2, 1.925693E+01, 6.296400E-01, 1.862729E+01,NULL,NULL,1,mc_qqps,53
-21041,1356,20227,230148,94C2, 9.125000E+01,45,20,65,45,20, 2.071422E+01, 3.286305E+01, 1.102902E+02, 1.580006E+02, 1.571661E+02, 3.492579E+00, 2.058478E+01, 3.147600E+01, 1.057707E+02, 1.871640E+02, 4.415038E+01, 2.115073E+01, 8.016055E+00,2, 0.000000E+00,19, 1.016523E+01,0, 0.000000E+00,2, 2.269176E+00, 8.153967E-01, 1.453779E+00,2, 0.000000E+00,1,mc_qqps,53
-21041,1357,20227,230206,94C2, 9.125000E+01,37,13,50,37,13,-2.159639E+00, 1.260680E+01, 8.209528E+00, 6.861274E+01, 6.807790E+01, 1.839943E+00, 7.119381E-01, 3.124358E+00, 9.923758E-01, 8.572199E+01, 6.828171E+01, 9.249427E+00, 1.243670E+00,20, 3.125856E+00,0, 0.000000E+00,0, 0.000000E+00,11, 1.586558E+01, 4.779274E-01, 4.815646E+00,NULL,NULL,1,mc_qqps,53
-21041,1358,20227,230224,94C2, 9.125000E+01,19,8,27,19,8,-3.399127E+00, 2.021033E+00, 5.343727E+00, 5.238938E+01, 5.214186E+01, 2.744308E+00,-1.523899E+00, 2.075163E+00, 5.013584E-01, 5.769236E+01, 4.500989E+01, 4.714427E+00, 5.885555E-01,2, 5.976658E-03,8, 8.530592E-01,0, 0.000000E+00,NULL,NULL,NULL,NULL,NULL,NULL,1,mc_qqps,53
-21041,1359,20227,230232,94C2, 9.125000E+01,43,14,57,43,14,-1.988285E+01,-7.446867E+00,-2.092722E+01, 9.759660E+01, 9.680192E+01, 2.251207E+00,-1.478999E+01, 2.746119E-01,-1.232614E+01, 1.216489E+02, 8.804329E+01, 1.384522E+01, 6.024056E+00,12, 0.000000E+00,1, 0.000000E+00,0, 0.000000E+00,9, 1.552408E+01, 5.942624E-01, 3.421251E+00,NULL,NULL,1,mc_qqps,53
-21041,1360,20227,230254,94C2, 9.125000E+01,39,15,54,39,15, 1.563230E+00, 1.142202E+00, 9.591434E+00, 6.946036E+01, 6.889131E+01, 1.766444E+00,-7.955282E+00,-3.130543E+00,-8.570873E+00, 1.026149E+02, 5.063813E+01, 1.985870E+01, 1.234888E+01,4, 3.164802E-02,17, 2.612072E+00,0, 0.000000E+00,3, 2.616084E+00, 6.980489E-01, 1.064879E+00,NULL,NULL,1,mc_qqps,53
-21041,1361,20227,230313,94C2, 9.125000E+01,34,13,47,34,13,-1.893151E+00, 2.111444E+00,-6.414989E+00, 6.195427E+01, 6.142162E+01, 1.806518E+00,-4.813492E-01, 8.478827E-01,-5.005980E+00, 7.182111E+01, 5.223202E+01, 8.767382E+00, 3.691474E-01,11, 2.139020E+00,3, 0.000000E+00,0, 0.000000E+00,8, 6.912943E+00, 5.148763E-01, 1.049442E+00,2, 0.000000E+00,1,mc_qqps,53
-21041,1362,20227,230328,94C2, 9.125000E+01,23,9,32,23,9, 1.568708E+01,-1.002379E+01,-1.641303E+01, 6.320017E+01, 6.276804E+01, 2.729045E+00, 7.102222E+00,-5.314034E+00,-9.114253E+00, 7.607848E+01, 6.169170E+01, 1.064591E+01, 1.143299E+00,6, 9.578902E-01,0, 0.000000E+00,0, 0.000000E+00,3, 4.952776E+00, 3.492454E-01, 3.514435E+00,NULL,NULL,1,mc_qqps,53
-21041,1363,20227,230343,94C2, 9.125000E+01,34,11,45,34,11, 2.989461E+00, 8.843235E-01, 1.522750E+00, 4.570438E+01, 4.481963E+01, 1.318224E+00, 2.180221E+00, 3.165736E+00,-2.219625E+00, 6.617077E+01, 3.629070E+01, 1.362132E+01, 4.070144E+00,14, 1.374536E+01,0, 0.000000E+00,0, 0.000000E+00,8, 1.440275E+01, 5.254229E-01, 6.129399E+00,NULL,NULL,1,mc_qqps,53
-21041,1364,20227,230356,94C2, 9.125000E+01,27,9,36,27,9,-1.347122E+01, 4.142184E-01,-6.832059E-01, 4.174078E+01, 4.086860E+01, 1.513652E+00, 5.974415E+00,-1.583496E+00,-1.094733E+00, 1.026532E+02, 2.423449E+01, 1.742964E+01, 3.907287E+01,11, 2.893325E+00,0, 0.000000E+00,0, 0.000000E+00,7, 2.183950E+01, 6.111526E-01, 6.713273E+00,NULL,NULL,1,mc_qqps,53
-21041,1365,20227,230414,94C2, 9.125000E+01,17,4,21,17,4,-1.553205E+01, 5.567636E+00, 3.383684E+01, 5.997400E+01, 5.970144E+01, 3.511849E+00,-9.737930E+00, 3.199166E+00, 2.145308E+01, 8.115331E+01, 4.884090E+01, 2.117930E+01, 0.000000E+00,0, 0.000000E+00,9, 6.384091E+00,0, 0.000000E+00,NULL,NULL,NULL,NULL,NULL,NULL,1,mc_qqps,53
-21041,1366,20227,230422,94C2, 9.125000E+01,35,9,44,35,9, 2.201400E+01,-1.004961E+00,-5.499099E+00, 1.194562E+02, 1.188462E+02, 3.395605E+00, 2.565137E+01, 9.073325E+00,-4.848925E+00, 1.354027E+02, 8.518892E+01, 1.143563E+01, 4.544473E+00,11, 3.330654E+00,0, 0.000000E+00,0, 0.000000E+00,4, 5.736875E+00, 8.672997E-01, 1.951837E+00,NULL,NULL,1,mc_qqps,53
-21041,1367,20227,230438,94C2, 9.125000E+01,12,21,33,12,21, 9.850830E-03, 2.460732E+00, 5.144010E-01, 4.255510E+01, 4.233540E+01, 3.527950E+00,-3.748253E+00, 1.339415E+01,-5.833892E+00, 8.318735E+01, 4.202848E+01, 2.989404E+01, 1.259980E+00,20, 1.906093E+01,0, 0.000000E+00,0, 0.000000E+00,16, 3.452116E+01, 3.790832E-01, 5.979514E+00,NULL,NULL,1,mc_qqps,53
-21041,1368,20227,230452,94C2, 9.125000E+01,25,6,31,25,6, 1.488512E+00,-4.011511E+00,-1.336220E+01, 8.645995E+01, 8.597635E+01, 3.439054E+00, 1.617370E+00,-5.159905E+00,-1.616414E+01, 9.105920E+01, 8.070558E+00, 4.225783E+00, 3.734716E-01,1, 0.000000E+00,10, 4.679631E+00,0, 0.000000E+00,1, 7.189226E-01, 7.189226E-01, 7.189226E-01,NULL,NULL,0,mc_qqps,53
-21041,1369,20227,230504,94C2, 9.125000E+01,21,22,43,21,22, 6.691142E-01, 2.527121E-01,-5.001157E+00, 5.266881E+01, 5.229334E+01, 2.490159E+00, 5.231191E+00, 3.485035E+00,-1.159231E+01, 8.795383E+01, 5.080730E+01, 3.226401E+01, 1.301945E-01,17, 0.000000E+00,6, 0.000000E+00,0, 0.000000E+00,16, 3.123330E+01, 3.566986E-01, 9.054712E+00,NULL,NULL,1,mc_qqps,53
-21041,1370,20227,230521,94C2, 9.125000E+01,29,13,42,29,13, 2.031253E+00, 2.899708E+00, 3.514898E+00, 6.461892E+01, 6.407343E+01, 2.209429E+00, 4.590640E+00,-5.827458E+00,-5.615968E+00, 9.684955E+01, 5.528696E+01, 1.948123E+01, 1.082456E+01,10, 0.000000E+00,0, 0.000000E+00,0, 0.000000E+00,8, 2.116786E+01, 7.763212E-01, 7.068846E+00,NULL,NULL,1,mc_qqps,53
-21041,1371,20227,230538,94C2, 9.125000E+01,23,10,33,23,10,-1.693287E+01,-3.643383E+00,-8.818850E+00, 5.983939E+01, 5.946005E+01, 2.585220E+00,-8.989642E+00, 4.731576E-01,-1.343193E+00, 8.383345E+01, 5.006939E+01, 1.811618E+01, 5.432464E+00,11, 4.414564E-01,0, 0.000000E+00,0, 0.000000E+00,8, 1.856159E+01, 4.454092E-01, 8.129541E+00,NULL,NULL,1,mc_qqps,53
-21041,1372,20227,230553,94C2, 9.125000E+01,29,14,43,29,14,-1.119095E+01, 3.161957E+00, 1.336682E+01, 6.137685E+01, 6.086537E+01, 2.098806E+00,-7.152699E+00, 4.608373E-01, 5.300368E+00, 7.575098E+01, 5.216196E+01, 1.213789E+01, 1.405814E+00,9, 2.598880E+00,5, 0.000000E+00,0, 0.000000E+00,6, 3.726713E+00, 4.151731E-01, 8.304375E-01,NULL,NULL,1,mc_qqps,53
-21041,1373,20227,230617,94C2, 9.125000E+01,11,8,19,11,8, 7.747543E-01,-8.226712E-01,-1.488781E+00, 7.126765E+01, 7.120428E+01, 6.473116E+00, 7.562274E-01,-2.522042E+00,-3.942217E+00, 7.972162E+01, 6.724699E+01, 7.412526E+00, 1.041436E+00,4, 0.000000E+00,2, 0.000000E+00,0, 0.000000E+00,4, 3.569023E+00, 4.299431E-01, 1.564428E+00,NULL,NULL,1,mc_qqps,53
-21041,1374,20227,230630,94C2, 9.125000E+01,25,16,41,25,16, 6.534539E-01, 5.498772E-01,-5.859857E-01, 4.094889E+01, 4.053721E+01, 1.621488E+00, 7.922977E+00, 1.160579E+01, 2.698581E+00, 7.763284E+01, 3.792934E+01, 3.618406E+01, 0.000000E+00,20, 3.189008E+00,0, 0.000000E+00,0, 0.000000E+00,14, 3.594067E+01, 4.346586E-01, 8.848466E+00,NULL,NULL,1,mc_qqps,53
-21041,1375,20227,230642,94C2, 9.125000E+01,32,13,45,32,13,-1.697374E+01,-7.975134E+00, 3.238934E+00, 4.348399E+01, 4.257163E+01, 1.330363E+00,-3.287501E-01,-1.376350E+00, 1.883798E+00, 9.163043E+01, 2.964541E+01, 1.781971E+01, 3.040891E+01,12, 8.221006E-01,0, 0.000000E+00,0, 0.000000E+00,8, 1.749084E+01, 6.909376E-01, 6.073049E+00,NULL,NULL,1,mc_qqps,53
-21041,1376,20227,230657,94C2, 9.125000E+01,41,13,54,41,13, 1.466952E+00, 9.726185E-01,-2.028214E+00, 7.339036E+01, 7.267117E+01, 1.772468E+00, 1.184174E+01, 1.103627E+01,-1.108071E+01, 1.154655E+02, 6.434276E+01, 1.368783E+01, 2.794669E+01,12, 1.408731E+00,0, 0.000000E+00,0, 0.000000E+00,9, 1.415093E+01, 4.631012E-01, 3.070225E+00,NULL,NULL,1,mc_qqps,53
-21041,1377,20227,230712,94C2, 9.125000E+01,19,8,27,19,8, 4.067365E-01, 1.796202E+00,-2.597009E+00, 2.537011E+01, 2.495956E+01, 1.313661E+00,-3.555006E-02, 1.326702E+00,-8.267772E+00, 3.564370E+01, 1.959651E+00, 9.290426E+00, 9.831597E-01,0, 0.000000E+00,8, 1.166111E+00,0, 0.000000E+00,NULL,NULL,NULL,NULL,1, 0.000000E+00,0,mc_qqps,53
-21041,1378,20227,230725,94C2, 9.125000E+01,30,16,46,30,16, 2.116571E+00, 7.082795E+00, 4.218223E+00, 3.747993E+01, 3.680218E+01, 1.226739E+00, 6.950503E+00,-3.772885E-02, 2.985446E+00, 9.287843E+01, 3.398145E+01, 1.704784E+01, 3.850640E+01,13, 6.557869E+00,0, 0.000000E+00,0, 0.000000E+00,8, 1.627464E+01, 9.946288E-01, 4.131710E+00,NULL,NULL,1,mc_qqps,53
-21041,1379,20227,230739,94C2, 9.125000E+01,31,8,39,31,8,-2.226450E+00,-2.116821E-01,-6.658349E-01, 7.811330E+01, 7.758544E+01, 2.502756E+00, 2.673723E+00, 3.980664E+00,-2.335412E-01, 9.893605E+01, 7.118636E+01, 9.978230E+00, 1.085586E+01,13, 2.733368E+00,0, 0.000000E+00,0, 0.000000E+00,7, 9.978230E+00, 5.702397E-01, 2.600898E+00,NULL,NULL,1,mc_qqps,53
-21041,1380,20227,230754,94C2, 9.125000E+01,35,15,50,35,15,-2.864546E+00,-3.459010E-01,-2.278903E+00, 6.477460E+01, 6.408620E+01, 1.831034E+00,-4.280201E+00, 4.296045E-01, 5.673583E-01, 8.000082E+01, 5.525212E+01, 1.475953E+01, 4.666926E-01,7, 3.632818E-01,8, 0.000000E+00,0, 0.000000E+00,5, 7.946148E+00, 6.915392E-01, 3.407641E+00,2, 0.000000E+00,1,mc_qqps,53
-21041,1381,20227,230814,94C2, 9.125000E+01,13,8,21,13,8, 2.951841E+01, 7.444830E+00,-1.028115E+01, 5.074363E+01, 5.053618E+01, 3.887398E+00, 1.005729E+01, 1.636488E+00,-4.572894E+00, 7.328019E+01, 5.000093E+01, 1.529730E+01, 8.166070E-01,9, 2.259569E-01,0, 0.000000E+00,0, 0.000000E+00,6, 2.124031E+01, 5.803854E-01, 8.630015E+00,NULL,NULL,1,mc_qqps,53
-21041,1382,20227,230826,94C2, 9.125000E+01,26,19,45,26,19,-4.649996E-01, 4.808093E+00, 3.392138E+00, 5.180186E+01, 5.135436E+01, 1.975168E+00, 3.856551E+00,-2.986850E-01,-8.378316E-01, 8.635976E+01, 4.911258E+01, 3.205005E+01, 0.000000E+00,24, 9.118179E+00,0, 0.000000E+00,0, 0.000000E+00,18, 3.306918E+01, 3.981848E-01, 1.039805E+01,NULL,NULL,1,mc_qqps,53
-21041,1383,20227,230841,94C2, 9.125000E+01,41,8,49,41,8,-6.016486E+00, 3.621880E-01,-9.734859E+00, 9.546140E+01, 9.472815E+01, 2.310443E+00,-1.730882E+00,-7.041579E-02,-4.170897E+00, 1.077308E+02, 7.374434E+01, 8.873768E+00, 3.432526E+00,3, 0.000000E+00,7, 4.064652E+00,0, 0.000000E+00,1, 6.686193E-01, 6.686193E-01, 6.686193E-01,NULL,NULL,1,mc_qqps,53
-21041,1384,20227,230859,94C2, 9.125000E+01,35,22,57,35,22, 1.461353E+00,-4.391921E+00,-6.023126E+00, 5.210368E+01, 5.158438E+01, 1.473839E+00,-6.327058E+00,-8.792532E+00,-9.141420E+00, 8.631544E+01, 3.704398E+01, 2.771721E+01, 5.119052E+00,12, 4.510868E+00,12, 7.449563E-01,0, 0.000000E+00,7, 1.493308E+01, 1.034755E+00, 2.996079E+00,2, 0.000000E+00,1,mc_qqps,53
-21041,1385,20227,230919,94C2, 9.125000E+01,20,13,33,20,13,-1.874672E+00, 5.317757E+01,-3.821656E+01, 9.734492E+01, 9.712065E+01, 4.856032E+00,-3.993146E-01, 3.850008E+01,-2.903049E+01, 1.290990E+02, 4.020038E+01, 2.763273E+01, 2.253919E+00,12, 4.526966E+00,1, 0.000000E+00,0, 0.000000E+00,10, 2.777236E+01, 4.402082E-01, 1.469595E+01,NULL,NULL,1,mc_qqps,53
-21041,1386,20227,230931,94C2, 9.125000E+01,38,19,57,38,19, 3.076936E+00, 7.331511E-02,-1.874968E+01, 5.089762E+01, 5.015587E+01, 1.319891E+00, 4.126594E+00,-5.113930E-02,-1.387237E+01, 7.383878E+01, 4.441016E+01, 1.753088E+01, 5.410274E+00,2, 0.000000E+00,13, 0.000000E+00,0, 0.000000E+00,2, 9.303650E-01, 3.891174E-01, 5.412475E-01,NULL,NULL,1,mc_qqps,53
-21041,1387,20227,230951,94C2, 9.125000E+01,38,17,55,38,17, 4.208220E+00,-5.624616E+00, 1.575499E-01, 7.300088E+01, 7.216840E+01, 1.899168E+00, 8.843971E-01,-1.952531E+00,-8.045502E-01, 9.233768E+01, 6.953436E+01, 1.422063E+01, 4.264040E+00,20, 1.443083E+00,0, 0.000000E+00,0, 0.000000E+00,13, 1.454015E+01, 5.050585E-01, 3.046285E+00,NULL,NULL,1,mc_qqps,53
-21041,1388,20227,231004,94C2, 9.125000E+01,22,10,32,22,10,-8.128853E+00,-1.224250E+01, 1.073552E+01, 7.283437E+01, 7.256725E+01, 3.298511E+00,-2.118695E+00,-1.624213E+00, 1.016561E+00, 9.719469E+01, 5.367472E+01, 2.436033E+01, 0.000000E+00,15, 8.264375E+00,0, 0.000000E+00,0, 0.000000E+00,10, 2.436033E+01, 4.148304E-01, 1.253316E+01,NULL,NULL,1,mc_qqps,53
-21041,1389,20227,231015,94C2, 9.125000E+01,26,13,39,26,13,-3.371102E+00, 1.088757E+01, 1.194697E+01, 6.834224E+01, 6.787024E+01, 2.610394E+00, 3.076028E+00,-6.472522E+00, 1.086036E-01, 1.039078E+02, 6.629053E+01, 2.124320E+01, 1.130634E+01,14, 2.972489E+00,0, 0.000000E+00,0, 0.000000E+00,9, 1.980552E+01, 3.906200E-01, 4.919935E+00,1, 0.000000E+00,1,mc_qqps,53
-21041,1390,20227,231031,94C2, 9.125000E+01,22,17,39,22,17, 5.954107E+00,-2.961646E+00, 8.518674E+00, 7.876672E+01, 7.848557E+01, 3.567526E+00, 2.515645E+00,-1.941426E+00, 4.810085E+00, 1.020234E+02, 6.589507E+01, 1.850006E+01, 2.901120E+00,11, 2.663323E-01,3, 0.000000E+00,0, 0.000000E+00,9, 1.316296E+01, 5.961121E-01, 2.214754E+00,NULL,NULL,1,mc_qqps,53
-21041,1391,20227,231049,94C2, 9.125000E+01,18,11,29,18,11, 2.471009E+00,-4.474129E+00, 1.120983E+00, 3.728813E+01, 3.696357E+01, 2.053532E+00, 2.570243E+00, 7.638306E+00, 1.258517E+01, 1.021564E+02, 3.054845E+01, 5.916463E+01, 5.703670E+00,6, 2.779227E+00,1, 0.000000E+00,0, 0.000000E+00,5, 5.651024E+01, 1.339887E+00, 3.661849E+01,NULL,NULL,1,mc_qqps,53
-21041,1392,20227,231103,94C2, 9.125000E+01,20,11,31,20,11, 1.035503E+01,-8.571069E+00,-8.263870E+00, 7.505807E+01, 7.494604E+01, 3.747302E+00, 1.062510E+01,-7.875194E+00,-8.206470E+00, 8.984052E+01, 5.908660E+01, 1.165265E+01, 2.054920E+00,16, 9.472471E+00,0, 0.000000E+00,0, 0.000000E+00,8, 1.044631E+01, 4.804468E-01, 4.228523E+00,NULL,NULL,1,mc_qqps,53
-21041,1393,20227,231115,94C2, 9.125000E+01,34,12,46,34,12,-4.261124E+00,-2.314577E+00, 8.010633E+00, 7.304977E+01, 7.244292E+01, 2.130674E+00,-4.428681E+00,-2.987710E+00, 6.043413E+00, 8.709940E+01, 5.415810E+01, 1.111481E+01, 3.007308E+00,7, 1.183423E+00,9, 0.000000E+00,0, 0.000000E+00,2, 2.121600E+00, 9.796759E-01, 1.141924E+00,NULL,NULL,1,mc_qqps,53
-21041,1394,20227,231131,94C2, 9.125000E+01,22,11,33,22,11, 1.744152E+01, 9.036801E+00,-3.443910E+00, 6.001221E+01, 5.982279E+01, 2.719218E+00,-1.749744E+00,-1.605736E+00, 2.697989E+00, 9.324885E+01, 5.766796E+01, 5.326795E+00, 2.601099E+01,10, 6.585432E-01,0, 0.000000E+00,0, 0.000000E+00,7, 6.716756E+00, 5.929111E-01, 1.241047E+00,NULL,NULL,1,mc_qqps,53
-21041,1395,20227,231143,94C2, 9.125000E+01,40,16,56,40,16,-1.773429E+01, 2.311045E+01, 3.822224E+00, 1.088029E+02, 1.080546E+02, 2.701365E+00,-2.456675E+01, 2.611310E+01, 4.716393E+00, 1.336201E+02, 1.028615E+02, 2.025403E+01, 7.863677E-01,19, 2.608643E+00,0, 0.000000E+00,0, 0.000000E+00,12, 2.206532E+01, 3.737980E-01, 5.344999E+00,NULL,NULL,1,mc_qqps,53
-21041,1396,20227,231200,94C2, 9.125000E+01,28,9,37,28,9,-3.412132E-01, 9.762598E+00, 8.968427E+00, 1.177224E+02, 1.169160E+02, 4.175571E+00, 8.138855E-02, 8.061696E-01, 7.080573E+00, 1.454051E+02, 3.922147E+01, 1.372631E+01, 1.287201E+01,11, 2.139496E-01,0, 0.000000E+00,0, 0.000000E+00,7, 1.481074E+01, 6.947094E-01, 6.270837E+00,NULL,NULL,1,mc_qqps,53
-21041,1397,20227,231215,94C2, 9.125000E+01,40,11,51,40,11, 2.189475E+00,-1.151211E-01,-3.496292E+00, 6.804776E+01, 6.727229E+01, 1.681807E+00, 1.699765E+00, 1.043090E+00, 9.176393E-01, 8.030921E+01, 5.450065E+01, 9.986912E+00, 5.574403E-01,10, 0.000000E+00,1, 0.000000E+00,0, 0.000000E+00,6, 5.440310E+00, 5.869490E-01, 1.227727E+00,1, 0.000000E+00,1,mc_qqps,53
-21041,1398,20227,231234,94C2, 9.125000E+01,33,13,46,33,13, 1.394597E+01,-7.002904E+00, 4.680387E+00, 6.380640E+01, 6.323358E+01, 1.916169E+00, 2.684778E+00,-1.615788E+00, 5.867270E-01, 8.696851E+01, 6.144727E+01, 1.137468E+01, 1.021041E+01,21, 6.940109E+00,0, 0.000000E+00,0, 0.000000E+00,9, 1.207418E+01, 4.085857E-01, 4.486203E+00,NULL,NULL,1,mc_qqps,53
-21041,1399,20227,231249,94C2, 9.125000E+01,21,12,33,21,12,-9.829337E+00,-8.770223E+00,-3.758999E+00, 6.622512E+01, 6.587102E+01, 3.136715E+00, 7.839715E+00, 7.699299E+00, 5.176207E+00, 1.095490E+02, 6.407558E+01, 3.077762E+01, 6.324985E+00,14, 5.261864E+00,0, 0.000000E+00,0, 0.000000E+00,7, 2.248117E+01, 4.947652E-01, 1.149373E+01,NULL,NULL,1,mc_qqps,53
-21041,1400,20227,231304,94C2, 9.125000E+01,46,12,58,46,12, 4.777795E+00,-1.408777E+00, 5.348364E+00, 8.613101E+01, 8.513860E+01, 1.850839E+00, 4.128659E+00,-1.110140E+00, 3.213658E+00, 1.014881E+02, 6.820932E+01, 1.492597E+01, 0.000000E+00,17, 1.675154E+00,0, 0.000000E+00,0, 0.000000E+00,9, 8.902448E+00, 4.311076E-01, 1.849576E+00,NULL,NULL,1,mc_qqps,53
-21041,1401,20227,231320,94C2, 9.125000E+01,41,28,69,41,28, 7.875255E+00,-1.867707E+00,-2.443619E+01, 5.603129E+01, 5.464454E+01, 1.332794E+00, 9.097292E+00,-2.672411E+00,-2.422819E+01, 8.894908E+01, 1.105578E+01, 2.289533E+01, 1.002246E+01,3, 0.000000E+00,19, 1.674469E+01,0, 0.000000E+00,3, 2.520380E+00, 4.289716E-01, 1.083442E+00,2, 0.000000E+00,1,mc_qqps,53
-21041,1402,20227,231342,94C2, 9.125000E+01,12,8,20,12,8,-1.068791E+01, 1.440398E+01, 1.080479E+01, 6.216669E+01, 6.206419E+01, 5.172016E+00,-8.449802E+00, 1.529817E+01, 1.171093E+01, 8.000750E+01, 6.211141E+01, 1.126565E+01, 1.658196E+00,11, 5.787137E+00,0, 0.000000E+00,0, 0.000000E+00,7, 1.618262E+01, 7.871854E-01, 5.211071E+00,NULL,NULL,1,mc_qqps,53
-21041,1403,20227,231354,94C2, 9.125000E+01,22,16,38,22,16,-1.734795E+00, 2.399395E+00, 3.111938E+00, 5.352951E+01, 5.315780E+01, 2.416264E+00,-1.858334E+00, 1.304250E+00, 1.395103E+00, 7.983962E+01, 5.123632E+01, 2.029730E+01, 6.012810E+00,10, 5.171041E+00,6, 0.000000E+00,0, 0.000000E+00,7, 1.140138E+01, 6.319231E-01, 2.923155E+00,NULL,NULL,1,mc_qqps,53
-21041,1404,20227,231408,94C2, 9.125000E+01,35,22,57,35,22,-3.581840E-02,-2.022362E+00,-6.434402E+00, 5.234260E+01, 5.156235E+01, 1.473210E+00, 7.805147E-01, 4.500556E+00, 3.087718E+00, 8.526260E+01, 4.409473E+01, 2.924074E+01, 3.679253E+00,4, 1.187848E-01,19, 6.571828E+00,0, 0.000000E+00,2, 1.842381E+00, 5.498984E-01, 1.292482E+00,NULL,NULL,1,mc_qqps,53
-21041,1405,20227,231427,94C2, 9.125000E+01,30,18,48,30,18, 4.681934E+00, 4.525816E-02,-1.074939E+00, 7.026854E+01, 6.982104E+01, 2.327368E+00, 1.863469E+01,-2.978622E+00,-1.434894E+01, 1.114781E+02, 6.111404E+01, 1.285188E+01, 2.228735E+01,20, 3.557368E+00,0, 0.000000E+00,0, 0.000000E+00,12, 1.689986E+01, 4.764915E-01, 4.820530E+00,NULL,NULL,1,mc_qqps,53
-21041,1406,20227,231442,94C2, 9.125000E+01,60,10,70,60,10,-1.084415E+02, 2.331019E+01, 8.433258E+00, 1.782913E+02, 1.764702E+02, 2.941171E+00,-1.191159E+02, 2.812001E+01, 1.038183E+01, 1.970446E+02, 5.306529E+01, 1.629505E+01, 1.679866E+00,15, 6.895988E+00,0, 0.000000E+00,0, 0.000000E+00,7, 1.369039E+01, 5.785111E-01, 3.847942E+00,NULL,NULL,1,mc_qqps,53
-21041,1407,20227,231501,94C2, 9.125000E+01,20,2,22,20,2, 2.840708E-01, 5.316591E+00,-1.499407E+01, 6.616293E+01, 6.580883E+01, 3.290442E+00, 3.435545E-01, 4.831720E+00,-1.388538E+01, 6.737801E+01, 5.021362E+01, 1.215083E+00, 0.000000E+00,1, 0.000000E+00,7, 3.008925E+00,0, 0.000000E+00,NULL,NULL,NULL,NULL,NULL,NULL,1,mc_qqps,53
-21041,1408,20227,231511,94C2, 9.125000E+01,37,16,53,37,16, 1.108587E+01, 7.527808E+00, 7.614055E+00, 7.239304E+01, 7.162948E+01, 1.935932E+00, 2.956351E+00, 1.874050E-02, 2.791034E+00, 9.267078E+01, 6.514555E+01, 1.530862E+01, 1.930664E+00,15, 5.504387E+00,5, 0.000000E+00,0, 0.000000E+00,11, 1.490222E+01, 6.091814E-01, 3.341158E+00,NULL,NULL,1,mc_qqps,53
-21041,1409,20227,231525,94C2, 9.125000E+01,34,21,55,34,21, 3.686087E+00,-4.931368E+00,-1.891270E+00, 6.623917E+01, 6.574529E+01, 1.933685E+00,-3.634667E-01, 4.106365E+00, 5.497094E+00, 1.040283E+02, 5.572282E+01, 2.900927E+01, 4.475789E+00,21, 3.598593E+00,1, 0.000000E+00,0, 0.000000E+00,15, 3.050465E+01, 4.460078E-01, 4.387913E+00,NULL,NULL,1,mc_qqps,53
-21041,1410,20227,231540,94C2, 9.125000E+01,31,13,44,31,13, 8.599296E-01, 1.131835E+01, 1.019489E+01, 4.247038E+01, 4.176176E+01, 1.347154E+00, 1.352707E+00, 1.203546E+01, 1.588359E+01, 6.629681E+01, 3.801013E+01, 1.624688E+01, 7.582942E+00,2, 0.000000E+00,10, 1.616236E+00,0, 0.000000E+00,NULL,NULL,NULL,NULL,NULL,NULL,1,mc_qqps,53
-21041,1411,20227,231558,94C2, 9.125000E+01,26,10,36,26,10,-1.158496E+01, 5.564277E+00, 1.551501E+01, 6.811447E+01, 6.759407E+01, 2.599772E+00,-2.172013E+00, 1.112403E+00, 3.228301E+00, 9.237424E+01, 6.207285E+01, 2.141157E+01, 2.848207E+00,7, 3.609796E-02,1, 0.000000E+00,0, 0.000000E+00,5, 1.938857E+01, 9.377601E-01, 1.291054E+01,NULL,NULL,1,mc_qqps,53
-21041,1412,20227,231616,94C2, 9.125000E+01,42,6,48,42,6,-1.364948E-02,-2.352129E+00, 3.646103E+00, 6.827712E+01, 6.726546E+01, 1.601558E+00, 2.962856E+00,-2.625470E+00, 7.627035E+00, 7.666869E+01, 5.976303E+01, 4.532805E+00, 1.419668E-01,10, 3.330226E+00,0, 0.000000E+00,0, 0.000000E+00,5, 8.249595E+00, 9.488642E-01, 3.716789E+00,NULL,NULL,1,mc_qqps,53
-21041,1413,20227,231634,94C2, 9.125000E+01,33,12,45,33,12,-9.854360E-01,-1.277186E+00, 1.252353E-01, 5.203974E+01, 5.129949E+01, 1.554530E+00, 3.161066E+00, 2.605663E+00, 3.925320E+00, 9.063232E+01, 4.550551E+01, 2.470445E+01, 1.388812E+01,7, 0.000000E+00,0, 0.000000E+00,0, 0.000000E+00,6, 1.811616E+01, 4.485385E-01, 9.569976E+00,NULL,NULL,1,mc_qqps,53
-21041,1414,20227,231655,94C2, 9.125000E+01,24,21,45,24,21, 7.144945E+00,-2.320026E+01,-1.476007E+01, 5.050224E+01, 5.007987E+01, 2.086661E+00, 2.915065E+00,-7.930387E+00,-7.241340E+00, 1.007788E+02, 3.104622E+01, 5.027790E+01, 0.000000E+00,23, 2.505797E+00,0, 0.000000E+00,0, 0.000000E+00,20, 4.946622E+01, 6.181707E-01, 9.330382E+00,NULL,NULL,1,mc_qqps,53
-21041,1415,20227,231709,94C2, 9.125000E+01,34,3,37,34,3, 4.918197E+00,-2.509830E+00, 2.666687E+00, 8.384165E+01, 8.333688E+01, 2.451085E+00, 1.599942E+00, 1.412428E-01, 2.262465E-01, 8.879945E+01, 8.188535E+01, 4.957790E+00, 0.000000E+00,12, 3.805941E+00,0, 0.000000E+00,0, 0.000000E+00,2, 2.942044E+00, 1.111212E+00, 1.830832E+00,NULL,NULL,1,mc_qqps,53
-21041,1416,20227,231726,94C2, 9.125000E+01,22,13,35,22,13, 1.025393E+01, 1.904720E+01, 3.908318E+00, 3.580964E+01, 3.539206E+01, 1.608730E+00, 1.298914E+01, 2.601314E+01, 6.357008E+00, 6.010738E+01, 3.442119E+01, 2.090095E+01, 3.396783E+00,15, 2.770195E+00,0, 0.000000E+00,0, 0.000000E+00,10, 2.090095E+01, 4.361908E-01, 5.960994E+00,NULL,NULL,1,mc_qqps,53
-21041,1417,20227,231737,94C2, 9.125000E+01,25,14,39,25,14, 1.359143E+03, 8.483063E+02,-1.507204E+02, 1.644736E+03, 1.644261E+03, 6.577044E+01, 1.342875E+03, 8.386091E+02,-1.518935E+02, 1.666383E+03, 3.403054E+01, 1.275053E+01, 7.919995E+00,12, 8.454000E-01,1, 3.426535E-01,0, 0.000000E+00,7, 1.372672E+01, 3.791207E-01, 6.032775E+00,NULL,NULL,1,mc_qqps,53
-21041,1418,20227,231752,94C2, 9.125000E+01,26,15,41,26,15,-9.311253E-01, 2.169453E+00, 2.840644E-01, 5.028264E+01, 4.979038E+01, 1.915015E+00, 2.299206E+00, 8.055641E+00, 1.668669E+00, 8.121404E+01, 3.944905E+01, 2.945613E+01, 8.169935E-02,15, 2.881660E+00,0, 0.000000E+00,0, 0.000000E+00,11, 2.585373E+01, 5.180337E-01, 6.355595E+00,NULL,NULL,1,mc_qqps,53
-21041,1419,20227,231804,94C2, 9.125000E+01,30,20,50,30,20, 8.914020E-01, 4.768182E+00, 1.192336E+00, 4.133736E+01, 4.054468E+01, 1.351489E+00, 1.276950E+00, 7.695997E+00, 4.002499E+00, 8.129951E+01, 3.863118E+01, 3.619620E+01, 0.000000E+00,21, 9.183861E-01,0, 0.000000E+00,0, 0.000000E+00,18, 3.688086E+01, 4.478131E-01, 5.862272E+00,NULL,NULL,1,mc_qqps,53
-21041,1420,20227,231820,94C2, 9.125000E+01,19,8,27,19,8, 5.963995E+00, 8.660251E+00,-3.609129E-01, 5.712220E+01, 5.663832E+01, 2.980964E+00, 1.441514E+00,-1.547370E-01, 2.675307E-01, 7.878560E+01, 5.568250E+01, 1.380010E+01, 0.000000E+00,15, 1.182040E+01,0, 0.000000E+00,0, 0.000000E+00,8, 2.166340E+01, 5.456201E-01, 7.317677E+00,NULL,NULL,1,mc_qqps,53
-21041,1421,20227,231835,94C2, 9.125000E+01,15,8,23,15,8,-7.321076E-01,-5.727708E+00, 1.302722E+00, 4.770412E+01, 4.758139E+01, 3.172093E+00,-1.903438E+00,-1.034645E+01, 2.493297E+00, 9.152390E+01, 4.662797E+01, 3.468358E+01, 9.136997E+00,9, 4.815192E+00,0, 0.000000E+00,0, 0.000000E+00,4, 3.173811E+01, 2.018157E+00, 1.150877E+01,NULL,NULL,1,mc_qqps,53
-21041,1422,20227,231848,94C2, 9.125000E+01,37,16,53,37,16, 8.790470E-01, 9.541074E-02,-1.139023E+01, 4.589319E+01, 4.501185E+01, 1.216537E+00, 4.546733E+00, 4.147747E+00, 1.740237E+00, 6.466670E+01, 1.666683E+01, 1.733221E+01, 1.441303E+00,5, 5.311320E+00,8, 0.000000E+00,0, 0.000000E+00,3, 4.855150E+00, 8.141775E-01, 2.852801E+00,3, 0.000000E+00,1,mc_qqps,53
-21041,1423,20227,231924,94C2, 9.125000E+01,31,17,48,31,17, 3.151493E+01, 4.967174E+00, 3.431909E+02, 3.839091E+02, 3.833940E+02, 1.236755E+01, 2.991722E+01, 3.870455E+00, 3.415371E+02, 4.032857E+02, 2.539216E+01, 1.654387E+01, 2.285421E+00,2, 0.000000E+00,15, 1.293473E+01,0, 0.000000E+00,2, 1.017354E+00, 3.985574E-01, 6.187966E-01,1, 0.000000E+00,1,mc_qqps,53
-21041,1424,20227,231939,94C2, 9.125000E+01,19,16,35,19,16,-2.778961E+00, 2.037758E+00,-2.358924E+00, 7.174371E+01, 7.153442E+01, 3.764970E+00,-4.793613E-01, 1.193956E+00,-1.533222E+00, 8.743033E+01, 7.138549E+01, 1.479799E+01, 2.902897E-01,13, 2.299203E+01,7, 0.000000E+00,0, 0.000000E+00,8, 9.968467E+00, 5.803865E-01, 2.036873E+00,NULL,NULL,1,mc_qqps,53
-21041,1425,20227,231953,94C2, 9.125000E+01,20,6,26,20,6, 2.856076E+01, 5.805370E+00,-1.060425E+01, 5.904030E+01, 5.860308E+01, 2.930154E+00, 1.359468E+01, 2.938896E+00,-6.139936E+00, 8.623369E+01, 5.627776E+01, 2.481620E+01, 7.221324E-01,12, 6.843788E+00,0, 0.000000E+00,0, 0.000000E+00,5, 2.647127E+01, 1.656871E+00, 1.348984E+01,NULL,NULL,1,mc_qqps,53
-21041,1426,20227,232004,94C2, 9.125000E+01,37,16,53,37,16,-9.233124E+00, 5.946990E+00, 7.817559E+00, 7.323891E+01, 7.257591E+01, 1.961511E+00, 3.791598E+00,-1.058876E+00,-3.489192E+00, 1.131249E+02, 7.009496E+01, 1.981893E+01, 1.010771E+01,18, 1.078072E+01,1, 0.000000E+00,0, 0.000000E+00,11, 2.882029E+01, 4.379182E-01, 7.633264E+00,NULL,NULL,1,mc_qqps,53
-21041,1427,20227,232021,94C2, 9.125000E+01,29,22,51,29,22, 6.855928E+00,-6.001498E+00, 8.839874E+00, 4.158975E+01, 4.098817E+01, 1.413385E+00, 5.822331E+00,-3.266264E+00, 5.869062E+00, 9.009911E+01, 3.949492E+01, 3.371283E+01, 1.397739E+01,18, 4.036134E+00,0, 0.000000E+00,0, 0.000000E+00,15, 3.197924E+01, 5.016996E-01, 8.364844E+00,NULL,NULL,1,mc_qqps,53
-21041,1428,20227,232037,94C2, 9.125000E+01,21,12,33,21,12, 1.852980E+01, 6.348723E+00, 1.305262E+01, 2.713424E+01, 2.652071E+01, 1.262891E+00, 3.025384E+01, 9.038942E+00, 2.273192E+01, 7.471817E+01, 2.489392E+01, 4.376376E+01, 8.620349E-01,11, 0.000000E+00,0, 0.000000E+00,0, 0.000000E+00,10, 3.401994E+01, 6.041579E-01, 1.139951E+01,NULL,NULL,1,mc_qqps,53
-21041,1429,20227,232047,94C2, 9.125000E+01,31,9,40,31,9, 1.207669E+01, 3.879773E+00,-4.689501E+00, 7.848064E+01, 7.814120E+01, 2.520684E+00, 4.944482E+00, 2.887809E+00,-1.696872E+00, 9.562059E+01, 7.648782E+01, 8.802511E+00, 8.367049E+00,11, 9.991310E-02,1, 0.000000E+00,0, 0.000000E+00,5, 6.642297E+00, 9.250354E-01, 1.922464E+00,NULL,NULL,1,mc_qqps,53
-21041,1430,20227,232100,94C2, 9.125000E+01,25,17,42,25,17, 2.028888E+00, 7.888223E+00, 1.812456E+01, 4.694526E+01, 4.642381E+01, 1.856952E+00, 2.774119E+00, 9.719629E+00, 2.789957E+01, 7.317268E+01, 3.702703E+01, 1.682701E+01, 7.792056E+00,9, 5.595857E-01,4, 0.000000E+00,0, 0.000000E+00,6, 1.222910E+01, 1.029069E+00, 4.982097E+00,1, 0.000000E+00,1,mc_qqps,53
-21041,1431,20227,232113,94C2, 9.125000E+01,30,18,48,30,18, 1.056834E-01,-8.125896E-01, 9.558222E-01, 6.858701E+01, 6.801412E+01, 2.267137E+00, 2.915386E+00,-2.982705E+00,-3.890969E+00, 8.856966E+01, 6.153405E+01, 1.936299E+01, 0.000000E+00,4, 2.694812E+00,14, 4.718648E-01,0, 0.000000E+00,3, 3.451619E+00, 6.196686E-01, 1.661714E+00,NULL,NULL,1,mc_qqps,53
-21041,1432,20227,232133,94C2, 9.125000E+01,19,10,29,19,10, 9.446449E+00,-2.801391E+00, 4.884839E+00, 7.157150E+01, 7.139981E+01, 3.757885E+00,-3.286276E+00, 1.130633E+00,-4.295416E+00, 9.615656E+01, 7.155374E+01, 2.349627E+01, 1.088805E+00,15, 1.210415E+01,0, 0.000000E+00,0, 0.000000E+00,7, 1.809371E+01, 9.189019E-01, 6.664773E+00,NULL,NULL,1,mc_qqps,53
-21041,1433,20227,232143,94C2, 9.125000E+01,13,8,21,13,8, 1.312675E+01,-2.649626E+00,-6.987391E+00, 4.426072E+01, 4.408214E+01, 3.390934E+00, 3.867922E-01,-1.380947E+00,-2.084676E+00, 9.391634E+01, 4.358792E+01, 2.364698E+01, 2.461101E+01,10, 1.055706E+01,0, 0.000000E+00,0, 0.000000E+00,4, 1.767342E+01, 1.397615E+00, 1.124861E+01,NULL,NULL,1,mc_qqps,53
-21041,1434,20227,232154,94C2, 9.125000E+01,18,11,29,18,11, 1.340320E+00,-6.831486E+00,-1.974122E+00, 5.364235E+01, 5.327236E+01, 2.959575E+00,-1.584987E+00,-1.292602E+00,-4.679368E+00, 8.779305E+01, 4.790920E+01, 3.190763E+01, 0.000000E+00,13, 1.408188E-01,2, 4.356561E-01,0, 0.000000E+00,10, 3.364473E+01, 6.192520E-01, 1.146587E+01,NULL,NULL,1,mc_qqps,53
-21041,1435,20227,232209,94C2, 9.125000E+01,23,15,38,23,15, 8.256956E+00,-7.130851E+00,-4.913787E+00, 7.053313E+01, 7.019527E+01, 3.051968E+00,-6.824466E-01,-5.622804E-01,-5.612808E-01, 1.016200E+02, 6.843507E+01, 2.296229E+01, 6.208293E+00,17, 3.164531E+00,1, 0.000000E+00,0, 0.000000E+00,11, 2.223520E+01, 5.438625E-01, 7.351708E+00,NULL,NULL,1,mc_qqps,53
-21041,1436,20227,232221,94C2, 9.125000E+01,36,20,56,36,20,-1.631192E+00,-1.470827E-01,-8.461628E-01, 5.552706E+01, 5.485043E+01, 1.523623E+00,-1.167346E+00, 9.746619E+00,-1.407370E+01, 9.122543E+01, 4.653434E+01, 2.795050E+01, 7.144913E+00,9, 0.000000E+00,6, 0.000000E+00,0, 0.000000E+00,8, 1.193830E+01, 6.796681E-01, 2.907533E+00,NULL,NULL,1,mc_qqps,53
-21041,1437,20227,232239,94C2, 9.125000E+01,44,16,60,44,16,-1.106857E+00,-1.585695E+01,-1.190722E+01, 7.317809E+01, 7.209646E+01, 1.638556E+00, 5.566019E+00,-5.728915E+00, 3.146825E-01, 1.068340E+02, 5.781852E+01, 1.832035E+01, 1.293821E+01,15, 7.723339E+00,1, 0.000000E+00,0, 0.000000E+00,9, 1.686646E+01, 7.058303E-01, 5.130228E+00,NULL,NULL,1,mc_qqps,53
-21041,1438,20227,232256,94C2, 9.125000E+01,33,10,43,33,10, 8.397943E-01, 4.147209E+00, 1.256912E+00, 5.110263E+01, 5.045329E+01, 1.528887E+00, 4.092875E+00, 2.409338E+00,-4.773846E-01, 8.803263E+01, 4.323210E+01, 2.550820E+01, 6.286382E+00,10, 1.454093E+00,0, 0.000000E+00,0, 0.000000E+00,6, 2.982921E+01, 8.693504E-01, 1.772479E+01,NULL,NULL,1,mc_qqps,53
-21041,1439,20227,232311,94C2, 9.125000E+01,18,8,26,18,8,-8.090203E-01,-7.393897E-01,-1.084045E+00, 6.504945E+01, 6.493803E+01, 3.607669E+00, 5.447374E+00, 8.236220E+00, 4.760673E+00, 8.769777E+01, 5.084290E+01, 5.256477E+00, 6.089173E-01,11, 3.528826E+00,0, 0.000000E+00,0, 0.000000E+00,7, 2.203942E+01, 6.930981E-01, 1.344119E+01,NULL,NULL,1,mc_qqps,53
-21041,1440,20227,232322,94C2, 9.125000E+01,29,15,44,29,15, 7.419528E+00,-2.399682E+00, 1.354870E+01, 5.047264E+01, 5.001006E+01, 1.724485E+00, 5.731846E+00,-1.708153E-01, 9.121137E+00, 7.580308E+01, 4.515942E+01, 2.485225E+01, 4.781857E-01,2, 0.000000E+00,20, 4.193246E+00,0, 0.000000E+00,NULL,NULL,NULL,NULL,NULL,NULL,1,mc_qqps,53
-21041,1441,20227,232334,94C2, 9.125000E+01,33,8,41,33,8, 9.174069E-01,-3.054316E+00, 6.321235E+00, 7.574547E+01, 7.508221E+01, 2.275218E+00, 2.005985E-01, 2.548346E+00, 7.016354E+00, 8.740273E+01, 6.055923E+01, 6.368363E+00, 1.030711E+00,13, 3.862227E+00,0, 0.000000E+00,0, 0.000000E+00,6, 1.062654E+01, 6.767784E-01, 4.258175E+00,NULL,NULL,1,mc_qqps,53
-21041,1442,20227,232345,94C2, 9.125000E+01,44,19,63,44,19,-1.374438E-01,-3.426657E-01, 9.590574E+00, 6.933957E+01, 6.844304E+01, 1.555524E+00,-3.333614E+00,-1.010170E+00, 1.790850E+01, 8.732307E+01, 5.765289E+01, 1.651192E+01, 0.000000E+00,7, 0.000000E+00,15, 2.677624E+00,0, 0.000000E+00,5, 4.901411E+00, 5.329508E-01, 2.135942E+00,NULL,NULL,1,mc_qqps,53
-21041,1443,20227,232405,94C2, 9.125000E+01,24,7,31,24,7, 2.278438E+01, 1.750316E+01, 2.220322E+01, 6.803552E+01, 6.762749E+01, 2.817812E+00, 2.163334E+01, 1.735710E+01, 2.074628E+01, 9.543832E+01, 5.470342E+01, 9.706456E+00, 1.648137E+01,7, 8.260634E-01,1, 0.000000E+00,0, 0.000000E+00,3, 9.514692E+00, 1.224884E+00, 5.631227E+00,NULL,NULL,1,mc_qqps,53
-21041,1444,20227,232418,94C2, 9.125000E+01,14,12,26,14,12, 1.159557E+01, 6.494533E+00,-6.917524E+00, 5.370327E+01, 5.354835E+01, 3.824882E+00, 7.154843E+00, 4.216810E+00,-3.626696E+00, 1.001175E+02, 5.357352E+01, 3.467604E+01, 1.173818E+01,12, 5.743120E+00,0, 0.000000E+00,0, 0.000000E+00,9, 3.190854E+01, 1.226788E+00, 1.247375E+01,NULL,NULL,1,mc_qqps,53
-21041,1445,20227,232430,94C2, 9.125000E+01,30,9,39,30,9,-4.741393E+00,-4.530083E+00, 3.596238E+00, 4.708464E+01, 4.637881E+01, 1.545961E+00, 3.958266E+00, 3.527412E+00,-3.519432E+00, 7.038518E+01, 3.721236E+01, 7.451024E+00, 1.571082E+00,12, 2.978020E+00,0, 0.000000E+00,0, 0.000000E+00,7, 2.069189E+01, 6.581351E-01, 1.240237E+01,NULL,NULL,1,mc_qqps,53
-21041,1446,20227,232443,94C2, 9.125000E+01,31,11,42,31,11,-1.851565E+00,-2.616607E+00, 2.420051E+00, 5.077488E+01, 4.999627E+01, 1.612783E+00, 4.033589E+00, 2.048400E+01,-7.465502E+00, 7.948485E+01, 4.312937E+01, 2.608041E+01, 6.018886E-01,13, 1.091012E+00,0, 0.000000E+00,0, 0.000000E+00,8, 1.855013E+01, 5.706456E-01, 7.993481E+00,NULL,NULL,1,mc_qqps,53
-21041,1447,20227,232456,94C2, 9.125000E+01,46,6,52,46,6, 1.367556E+01,-3.141879E+01,-6.695580E+00, 6.199071E+01, 6.002759E+01, 1.304948E+00, 5.050239E+00,-8.735604E+00,-4.518288E+00, 9.371584E+01, 5.378611E+01, 3.172513E+01, 0.000000E+00,13, 1.582236E+01,0, 0.000000E+00,0, 0.000000E+00,6, 3.172513E+01, 4.101777E-01, 1.428052E+01,NULL,NULL,1,mc_qqps,53
-21041,1448,20227,232513,94C2, 9.125000E+01,26,13,39,26,13,-5.250926E-02,-1.280040E+00, 6.717986E+00, 5.213757E+01, 5.173797E+01, 1.989922E+00, 2.607921E+00, 2.939615E+00,-4.526673E+00, 7.349861E+01, 4.991537E+01, 1.924062E+01, 2.231850E+00,3, 1.334930E-01,17, 3.651782E+00,0, 0.000000E+00,NULL,NULL,NULL,NULL,1, 0.000000E+00,1,mc_qqps,53
-21041,1449,20227,232527,94C2, 9.125000E+01,19,9,28,19,9, 1.568081E+01, 5.721816E+00, 1.627852E+01, 1.081623E+02, 1.079448E+02, 5.681304E+00, 1.822882E+01, 6.798470E+00, 1.863863E+01, 1.150928E+02, 9.877435E+01, 4.867690E+00, 1.111428E+00,11, 9.417334E+00,0, 0.000000E+00,0, 0.000000E+00,5, 4.655854E+00, 7.670101E-01, 1.143806E+00,NULL,NULL,1,mc_qqps,53
-21041,1450,20227,232539,94C2, 9.125000E+01,17,11,28,17,11,-3.650394E+00, 1.700546E+01,-1.909543E+01, 4.226951E+01, 4.211819E+01, 2.477541E+00,-1.383133E+00, 9.693102E+00,-9.399394E+00, 6.412215E+01, 3.900502E+01, 1.699129E+01, 1.755785E-01,6, 2.530584E-01,4, 0.000000E+00,0, 0.000000E+00,5, 1.648723E+01, 7.998843E-01, 9.169010E+00,NULL,NULL,1,mc_qqps,53
-21041,1451,20227,232558,94C2, 9.125000E+01,25,11,36,25,11,-2.371302E+00,-8.582358E-01, 1.856352E+00, 6.623557E+01, 6.608202E+01, 2.643281E+00, 2.762994E+00, 1.983388E+00, 4.986655E-01, 8.896922E+01, 6.704520E+01, 1.833576E+01, 4.441325E+00,17, 1.566925E+01,0, 0.000000E+00,0, 0.000000E+00,8, 1.833576E+01, 5.520781E-01, 5.726960E+00,NULL,NULL,1,mc_qqps,53
-21041,1452,20227,232609,94C2, 9.125000E+01,53,16,69,53,16, 1.627595E+00,-2.508222E+00, 1.140543E+01, 7.247604E+01, 7.099151E+01, 1.339462E+00,-2.323344E+00, 6.585400E-01, 7.073013E+00, 9.018967E+01, 2.326995E+01, 8.509450E+00, 8.675918E+00,4, 1.659070E-01,13, 0.000000E+00,0, 0.000000E+00,1, 5.282540E-01, 5.282540E-01, 5.282540E-01,NULL,NULL,1,mc_qqps,53
-21041,1453,20227,232631,94C2, 9.125000E+01,27,10,37,27,10, 3.178289E+00,-4.141028E+00,-2.900181E+02, 4.460929E+02, 4.457058E+02, 1.650762E+01, 4.335919E+00,-5.204321E+00,-2.856809E+02, 4.600940E+02, 3.538267E+00, 1.307538E+01, 9.257560E-01,2, 0.000000E+00,10, 3.931474E+01,0, 0.000000E+00,1, 1.584316E+00, 1.584316E+00, 1.584316E+00,2, 0.000000E+00,0,mc_qqps,53
-21041,1454,20227,232646,94C2, 9.125000E+01,39,13,52,39,13, 2.646931E+01,-7.530648E+00,-6.676386E+01, 1.096326E+02, 1.090932E+02, 2.797262E+00, 1.865183E+01,-3.641870E+00,-4.224745E+01, 1.419666E+02, 4.890564E+01, 1.059312E+01, 1.992889E+01,2, 0.000000E+00,14, 6.445926E+00,0, 0.000000E+00,2, 2.327854E+00, 5.157907E-01, 1.812064E+00,2, 0.000000E+00,1,mc_qqps,53
-21041,1455,20227,232706,94C2, 9.125000E+01,45,15,60,45,15,-3.554519E+00, 2.702301E+00,-5.422457E-01, 5.776817E+01, 5.652937E+01, 1.256208E+00,-3.963785E+00, 2.063835E+00, 4.617820E-01, 7.460293E+01, 5.080285E+01, 8.040672E+00, 7.876727E+00,9, 4.338589E+00,5, 0.000000E+00,0, 0.000000E+00,7, 6.948603E+00, 3.011466E-01, 2.492495E+00,NULL,NULL,1,mc_qqps,53
-21041,1456,20227,232728,94C2, 9.125000E+01,21,12,33,21,12,-1.884203E+00, 1.165401E+01,-5.565775E+00, 6.444855E+01, 6.402106E+01, 3.048622E+00,-5.854750E+00, 2.582079E+01,-1.484750E+01, 8.839644E+01, 5.924505E+01, 1.503788E+01, 0.000000E+00,15, 1.601551E+01,1, 0.000000E+00,0, 0.000000E+00,11, 1.953263E+01, 2.898879E-01, 8.910006E+00,NULL,NULL,1,mc_qqps,53
-21041,1457,20227,232742,94C2, 9.125000E+01,43,10,53,43,10, 9.086132E+00, 1.090960E+01,-1.817522E+00, 5.307582E+01, 5.209726E+01, 1.211564E+00, 6.465991E+00, 1.118935E+01,-4.567985E+00, 7.746352E+01, 4.846665E+01, 1.245800E+01, 1.192970E+01,10, 2.158986E+00,1, 0.000000E+00,0, 0.000000E+00,5, 7.369874E+00, 7.311108E-01, 3.400742E+00,NULL,NULL,1,mc_qqps,53
-21041,1458,20227,232800,94C2, 9.125000E+01,24,15,39,24,15, 6.891591E+00,-7.621772E+00, 1.577507E+01, 5.447482E+01, 5.399648E+01, 2.249853E+00, 5.264921E+00,-3.860816E+00, 8.251872E+00, 8.272648E+01, 4.491686E+01, 2.348111E+01, 4.770557E+00,0, 0.000000E+00,15, 1.900418E+00,0, 0.000000E+00,NULL,NULL,NULL,NULL,NULL,NULL,1,mc_qqps,53
-21041,1459,20227,232814,94C2, 9.125000E+01,19,13,32,19,13,-2.815741E+00, 4.507552E+00, 5.819407E+00, 5.804827E+01, 5.782528E+01, 3.043436E+00,-4.188753E+00, 5.180482E+00, 6.324796E+00, 8.205858E+01, 5.055628E+01, 2.225341E+01, 1.762446E+00,13, 3.747584E+00,0, 0.000000E+00,0, 0.000000E+00,11, 2.103090E+01, 4.969404E-01, 4.272453E+00,1, 0.000000E+00,1,mc_qqps,53
-21041,1460,20227,232829,94C2, 9.125000E+01,38,15,53,38,15, 1.170756E+00, 2.157932E+00,-2.775925E-01, 5.375143E+01, 5.283067E+01, 1.390281E+00,-3.488551E+00, 1.897420E+00,-3.646577E+00, 7.505123E+01, 1.837952E+01, 1.491819E+01, 6.381599E+00,3, 0.000000E+00,16, 2.552102E+00,0, 0.000000E+00,2, 1.620944E+00, 3.958739E-01, 1.225070E+00,1, 0.000000E+00,1,mc_qqps,53
-21041,1461,20227,232848,94C2, 9.125000E+01,37,14,51,37,14, 5.328355E+00, 5.446187E-01, 3.537304E+00, 8.093017E+01, 8.037544E+01, 2.172309E+00,-1.810026E+00, 5.077416E-01, 7.859765E+00, 9.933218E+01, 7.283656E+01, 1.110107E+01, 0.000000E+00,14, 5.109735E-01,2, 0.000000E+00,0, 0.000000E+00,9, 1.155878E+01, 5.066025E-01, 3.040674E+00,NULL,NULL,1,mc_qqps,53
-21041,1462,20227,232904,94C2, 9.125000E+01,11,8,19,11,8, 1.029961E+00,-2.174486E+00, 1.440245E+00, 6.229436E+01, 6.211043E+01, 5.646403E+00, 1.898796E+00,-7.064474E+00, 1.580292E+00, 8.489504E+01, 6.091074E+01, 1.945989E+01, 3.140804E+00,9, 1.210039E+00,1, 0.000000E+00,0, 0.000000E+00,5, 1.747405E+01, 1.361219E+00, 1.134182E+01,1, 0.000000E+00,1,mc_qqps,53
-21041,1463,20227,232916,94C2, 9.125000E+01,17,15,32,17,15, 4.519907E+00, 3.906271E+00,-8.133962E+00, 5.791033E+01, 5.767630E+01, 3.392724E+00,-9.330249E-02,-1.661675E+00, 1.805679E+00, 7.680537E+01, 5.716347E+01, 1.187509E+01, 6.210963E+00,6, 1.626461E-01,6, 0.000000E+00,0, 0.000000E+00,5, 4.531850E+00, 4.586201E-01, 1.874473E+00,NULL,NULL,1,mc_qqps,53
-21041,1464,20227,232930,94C2, 9.125000E+01,33,16,49,33,16,-2.757029E-01, 6.738284E-01,-8.896471E+00, 6.103731E+01, 6.038369E+01, 1.829809E+00, 2.529621E-02,-8.111729E-01,-7.128402E+00, 9.838125E+01, 4.873809E+01, 2.019923E+01, 4.513708E+00,9, 3.562934E-01,13, 1.284228E+00,0, 0.000000E+00,5, 1.706479E+01, 7.472731E-01, 1.265950E+01,NULL,NULL,1,mc_qqps,53
-21041,1465,20227,232943,94C2, 9.125000E+01,50,23,73,50,23, 1.768013E+00,-5.311837E-01, 2.126676E+00, 8.045628E+01, 7.926993E+01, 1.585399E+00, 7.128030E+00,-4.610523E+00,-2.598878E-01, 1.074924E+02, 5.688657E+01, 1.727942E+01, 3.105219E+00,24, 1.311285E+00,0, 0.000000E+00,0, 0.000000E+00,17, 2.092818E+01, 4.269041E-01, 2.714726E+00,NULL,NULL,1,mc_qqps,53
-21041,1466,20227,233009,94C2, 9.125000E+01,21,13,34,21,13,-1.472255E+00,-4.085763E+00, 2.701111E+00, 5.430607E+01, 5.405141E+01, 2.573877E+00,-6.408423E-01,-2.005358E+00,-1.020456E+00, 8.999466E+01, 5.129394E+01, 3.227835E+01, 2.443296E+00,10, 9.829186E+00,2, 0.000000E+00,0, 0.000000E+00,8, 3.073187E+01, 9.669393E-01, 9.957598E+00,NULL,NULL,1,mc_qqps,53
-21041,1467,20227,233021,94C2, 9.125000E+01,29,15,44,29,15, 2.635695E+00,-1.315221E+01,-3.094643E+00, 5.869876E+01, 5.803100E+01, 2.001069E+00,-9.192346E-01, 2.361496E+00, 1.001783E+00, 9.284960E+01, 5.336104E+01, 2.415394E+01, 2.488453E-01,22, 2.403654E+00,0, 0.000000E+00,0, 0.000000E+00,14, 3.390200E+01, 7.528805E-01, 7.734149E+00,NULL,NULL,1,mc_qqps,53
-21041,1468,20227,233038,94C2, 9.125000E+01,36,19,55,36,19, 4.806871E+00,-8.291048E+00, 7.609046E+00, 7.142650E+01, 7.080438E+01, 1.966788E+00, 3.522535E+00,-5.307612E+00, 4.162929E+00, 1.079512E+02, 6.636846E+01, 3.085187E+01, 8.064775E-01,18, 0.000000E+00,1, 0.000000E+00,0, 0.000000E+00,14, 3.135476E+01, 5.104814E-01, 7.221283E+00,NULL,NULL,1,mc_qqps,53
-21041,1469,20227,233056,94C2, 9.125000E+01,28,8,36,28,8,-3.856326E+00, 1.925275E+01,-1.411809E+00, 6.750384E+01, 6.712933E+01, 2.397476E+00,-4.226663E+00, 2.131492E+01,-2.795515E+00, 7.906323E+01, 6.131964E+01, 8.927703E+00, 7.514315E-01,13, 6.962612E+00,1, 0.000000E+00,0, 0.000000E+00,5, 8.564136E+00, 5.623055E-01, 3.550449E+00,NULL,NULL,1,mc_qqps,53
-21041,1470,20227,233111,94C2, 9.125000E+01,25,9,34,25,9, 4.725468E+00, 2.112935E+01, 3.590767E+01, 6.847841E+01, 6.820159E+01, 2.728064E+00, 2.746744E+00, 1.228580E+01, 1.885568E+01, 9.481324E+01, 5.626193E+01, 2.336236E+01, 3.215495E+00,1, 0.000000E+00,9, 9.677376E+00,0, 0.000000E+00,NULL,NULL,NULL,NULL,NULL,NULL,1,mc_qqps,53
-21041,1471,20227,233124,94C2, 9.125000E+01,35,14,49,35,14, 4.141364E-01, 1.496743E+00,-7.642712E+00, 3.192060E+01, 3.090631E+01, 8.830376E-01,-5.179830E+00, 4.246740E-01,-1.659737E+01, 7.941084E+01, 1.582761E+01, 4.690085E+01, 0.000000E+00,4, 0.000000E+00,9, 1.106321E+00,0, 0.000000E+00,4, 8.100165E+00, 5.893998E-01, 6.199386E+00,2, 0.000000E+00,1,mc_qqps,53
-21041,1472,20227,233144,94C2, 9.125000E+01,15,9,24,15,9,-5.649368E+00, 4.361391E+00, 1.393729E+01, 4.634867E+01, 4.611950E+01, 3.074633E+00,-1.071605E+00, 2.317537E+00, 1.054750E+00, 8.506932E+01, 4.588300E+01, 1.080162E+01, 2.791902E+01,0, 0.000000E+00,11, 8.277687E+00,0, 0.000000E+00,NULL,NULL,NULL,NULL,1, 0.000000E+00,1,mc_qqps,53
-21041,1473,20227,233157,94C2, 9.125000E+01,17,8,25,17,8,-7.119779E+00, 5.245730E-01,-2.137798E+01, 5.591698E+01, 5.572513E+01, 3.277949E+00, 5.669670E+00,-5.508454E-01, 2.962320E+00, 1.045923E+02, 4.065837E+01, 1.410489E+01, 3.457042E+01,2, 0.000000E+00,12, 7.228389E+00,0, 0.000000E+00,1, 8.591785E-01, 8.591785E-01, 8.591785E-01,NULL,NULL,1,mc_qqps,53
-21041,1474,20227,233208,94C2, 9.125000E+01,41,14,55,41,14,-8.324975E-01, 1.010537E+01, 8.016789E+00, 4.270551E+01, 4.164554E+01, 1.015745E+00, 9.161397E-01, 1.454920E+01, 1.489729E+01, 5.701151E+01, 3.810928E+01, 1.004058E+01, 4.338601E+00,7, 0.000000E+00,4, 0.000000E+00,0, 0.000000E+00,3, 3.868297E+00, 6.052251E-01, 1.911405E+00,1, 0.000000E+00,1,mc_qqps,53
-21041,1475,20227,233228,94C2, 9.125000E+01,16,12,28,16,12, 2.069718E+01, 1.028902E+01, 2.095113E+01, 5.079181E+01, 5.051397E+01, 3.157123E+00, 3.163722E+00, 4.749618E-01, 9.590106E-01, 8.983080E+01, 4.738902E+01, 2.714125E+01, 1.054053E+01,12, 8.075507E+00,2, 0.000000E+00,0, 0.000000E+00,7, 2.711181E+01, 6.597430E-01, 9.912797E+00,NULL,NULL,1,mc_qqps,53
-21041,1476,20227,233241,94C2, 9.125000E+01,27,5,32,27,5,-3.615757E+00, 1.690621E+01,-8.062337E+00, 6.663901E+01, 6.601479E+01, 2.444992E+00,-3.694201E+00, 1.304852E+01,-5.908958E+00, 7.897136E+01, 6.265237E+01, 1.051337E+01, 1.818983E+00,5, 1.525403E-01,0, 0.000000E+00,0, 0.000000E+00,2, 2.736884E+00, 6.752309E-01, 2.061653E+00,NULL,NULL,1,mc_qqps,53
-21041,1477,20227,233253,94C2, 9.125000E+01,15,13,28,15,13,-1.609868E+00,-1.039722E+00, 7.779909E+00, 3.545252E+01, 3.531110E+01, 2.354074E+00, 1.723560E+00, 6.265821E-01, 7.714797E+00, 8.334549E+01, 2.825618E+01, 1.226921E+01, 3.535742E+01,4, 0.000000E+00,6, 6.599242E-01,0, 0.000000E+00,3, 7.170778E+00, 5.141248E-01, 6.116354E+00,NULL,NULL,1,mc_qqps,53
-21041,1478,20227,233308,94C2, 9.125000E+01,12,15,27,12,15, 1.145735E+01,-8.177072E+00, 5.072751E+01, 5.628326E+01, 5.607053E+01, 4.672544E+00, 5.923187E+00,-3.033179E+00, 2.501371E+01, 1.089007E+02, 2.639266E+00, 3.764545E+01, 1.497201E+01,0, 0.000000E+00,12, 1.014719E+01,0, 0.000000E+00,NULL,NULL,NULL,NULL,2, 0.000000E+00,0,mc_qqps,53
-21041,1479,20227,233327,94C2, 9.125000E+01,26,18,44,26,18, 6.251881E+00, 1.181765E+01,-1.273084E+00, 5.096400E+01, 5.049944E+01, 1.942286E+00,-1.751935E+00, 9.132695E-01, 1.474810E+00, 9.394812E+01, 4.878188E+01, 2.744012E+01, 6.295253E+00,21, 7.138872E+00,0, 0.000000E+00,0, 0.000000E+00,14, 3.582273E+01, 6.176104E-01, 1.414115E+01,NULL,NULL,1,mc_qqps,53
-21041,1480,20227,233339,94C2, 9.125000E+01,46,17,63,46,17, 1.820586E+00, 1.616194E+00,-2.314546E+00, 6.537605E+01, 6.422601E+01, 1.396217E+00,-1.181634E+01,-6.861851E+00, 4.093504E+00, 9.540073E+01, 5.058994E+01, 2.241928E+01, 5.458500E+00,20, 1.179423E+01,0, 0.000000E+00,0, 0.000000E+00,11, 1.945019E+01, 4.476219E-01, 3.828426E+00,NULL,NULL,1,mc_qqps,53
-21041,1481,20227,233358,94C2, 9.125000E+01,34,8,42,34,8, 3.209941E+00,-2.411033E+00, 6.268473E+00, 7.787823E+01, 7.742435E+01, 2.277187E+00, 8.594478E+00, 1.120523E-01, 7.939143E+00, 9.024736E+01, 7.161777E+01, 1.236913E+01, 0.000000E+00,10, 8.790379E-01,1, 0.000000E+00,0, 0.000000E+00,4, 9.873860E+00, 7.550876E-01, 6.451844E+00,2, 0.000000E+00,1,mc_qqps,53
-21041,1482,20227,233414,94C2, 9.125000E+01,36,14,50,36,14, 1.044959E+01,-7.950197E+00, 1.139223E+01, 5.926352E+01, 5.853314E+01, 1.625921E+00, 7.508785E+00,-6.928191E+00, 1.046447E+01, 8.756229E+01, 5.339053E+01, 1.947658E+01, 3.338604E-01,14, 6.718583E-02,1, 0.000000E+00,0, 0.000000E+00,11, 2.713679E+01, 5.732567E-01, 7.773638E+00,NULL,NULL,1,mc_qqps,53
-21041,1483,20227,233431,94C2, 9.125000E+01,44,9,53,44,9, 2.744642E-01, 8.744528E+00,-1.073618E+00, 5.679335E+01, 5.531828E+01, 1.257234E+00, 3.036710E+00,-1.194258E+01, 3.441477E-01, 9.279528E+01, 4.322751E+01, 3.113666E+01, 0.000000E+00,15, 5.678594E+00,0, 0.000000E+00,0, 0.000000E+00,8, 3.369249E+01, 4.595324E-01, 1.576829E+01,NULL,NULL,1,mc_qqps,53
-21041,1484,20227,233447,94C2, 9.125000E+01,24,16,40,24,16, 1.272845E+01,-6.347340E+00,-1.724519E+01, 4.836478E+01, 4.807849E+01, 2.003270E+00, 1.986711E+01,-1.142201E+01,-2.744246E+01, 8.529899E+01, 4.219748E+01, 8.514880E+00, 2.733349E+01,6, 0.000000E+00,5, 0.000000E+00,0, 0.000000E+00,4, 5.106348E+00, 5.398843E-01, 2.731187E+00,1, 0.000000E+00,1,mc_qqps,53
-21041,1485,20227,233505,94C2, 9.125000E+01,17,16,33,17,16, 9.673923E+00,-4.583991E+00, 1.047781E+01, 3.907933E+01, 3.881735E+01, 2.283373E+00,-1.931605E+00, 2.398501E+00,-4.289243E+00, 7.558879E+01, 2.690073E+01, 2.461356E+01, 1.191809E+01,5, 0.000000E+00,7, 5.845583E-01,0, 0.000000E+00,5, 1.509839E+01, 6.499777E-01, 8.328030E+00,1, 0.000000E+00,1,mc_qqps,53
-21041,1486,20227,233519,94C2, 9.125000E+01,17,11,28,17,11, 9.826412E+00, 2.028826E+00,-4.660018E+00, 2.321207E+01, 2.284346E+01, 1.343733E+00, 6.861877E-02, 6.231437E-01,-1.516161E-01, 7.598542E+01, 1.910431E+01, 4.016084E+01, 1.213573E+01,14, 4.232819E+00,0, 0.000000E+00,0, 0.000000E+00,8, 3.971334E+01, 3.380581E-01, 2.492523E+01,NULL,NULL,1,mc_qqps,53
-21041,1487,20227,233533,94C2, 9.125000E+01,19,10,29,19,10, 1.243916E-01, 1.973589E+01,-5.436881E+00, 7.018304E+01, 7.001519E+01, 3.685010E+00,-1.148604E+00, 9.510371E-01, 7.435231E-01, 9.400786E+01, 5.877873E+01, 2.331698E+01, 5.078369E-01,14, 7.601852E+00,0, 0.000000E+00,0, 0.000000E+00,9, 2.331698E+01, 5.234650E-01, 6.728784E+00,NULL,NULL,1,mc_qqps,53
-21041,1488,20227,233544,94C2, 9.125000E+01,31,14,45,31,14, 1.011562E+00,-1.066562E+00,-7.650066E+00, 5.914193E+01, 5.869054E+01, 1.893243E+00, 6.892366E-01,-4.646161E+00,-1.270039E+00, 7.517996E+01, 4.107997E+01, 1.488658E+01, 1.300869E+00,0, 0.000000E+00,20, 9.965855E+00,0, 0.000000E+00,NULL,NULL,NULL,NULL,1, 0.000000E+00,1,mc_qqps,53
-21041,1489,20227,233559,94C2, 9.125000E+01,50,14,64,50,14,-1.478729E+00,-3.796417E-01, 5.715415E-02, 8.260818E+01, 8.180379E+01, 1.636076E+00,-3.828098E+00, 1.235511E+00,-2.576327E+00, 1.024016E+02, 7.089443E+01, 1.299963E+01, 4.469874E+00,19, 6.441721E+00,2, 7.736627E-01,0, 0.000000E+00,11, 1.532652E+01, 4.410879E-01, 3.623751E+00,NULL,NULL,1,mc_qqps,53
-21041,1490,20227,233615,94C2, 9.125000E+01,14,10,24,14,10,-2.587651E+00,-3.534114E+00, 3.110796E+00, 3.995799E+01, 3.976060E+01, 2.840043E+00,-4.532255E+00,-7.594752E+00, 5.225451E+00, 6.062966E+01, 3.338015E+01, 1.969954E+01, 4.144567E-01,12, 6.557093E-01,0, 0.000000E+00,0, 0.000000E+00,9, 2.025721E+01, 5.576741E-01, 4.553983E+00,NULL,NULL,1,mc_qqps,53
-21041,1491,20227,233623,94C2, 9.125000E+01,55,17,72,55,17,-1.937935E+00,-8.664626E-01,-4.587422E+00, 6.299112E+01, 6.140110E+01, 1.116384E+00, 3.287637E+00,-6.266971E+00,-1.040632E+01, 8.728482E+01, 5.144106E+01, 2.055227E+01, 9.549814E-01,14, 4.411335E+00,5, 0.000000E+00,0, 0.000000E+00,9, 1.705893E+01, 7.323589E-01, 5.324364E+00,NULL,NULL,1,mc_qqps,53
-21041,1492,20227,233645,94C2, 9.125000E+01,14,5,19,14,5, 2.686549E+00, 1.107219E+00, 1.463265E+00, 5.958214E+01, 5.937910E+01, 4.241364E+00,-2.903969E-01,-4.846494E+00,-4.095192E+00, 6.833804E+01, 5.927995E+01, 7.518533E+00, 0.000000E+00,10, 1.091549E+01,0, 0.000000E+00,0, 0.000000E+00,5, 8.755899E+00, 6.788024E-01, 3.309795E+00,NULL,NULL,1,mc_qqps,53
-21041,1493,20227,233655,94C2, 9.125000E+01,13,15,28,13,15, 2.532578E-01,-3.995892E+00,-9.446682E+00, 5.615646E+01, 5.588751E+01, 4.299039E+00,-5.485264E-01, 8.535682E-01,-8.361773E+00, 1.007058E+02, 3.746865E+01, 2.273383E+01, 9.109116E+00,16, 1.924521E+01,0, 0.000000E+00,0, 0.000000E+00,12, 2.893564E+01, 2.619417E-01, 1.270637E+01,NULL,NULL,1,mc_qqps,53
-21041,1494,20227,233709,94C2, 9.125000E+01,12,8,20,12,8, 5.741518E+00,-5.391287E+00,-1.135523E+00, 3.437455E+01, 3.424588E+01, 2.853823E+00,-1.529524E+01, 1.438957E+01, 8.302647E-01, 8.319251E+01, 3.409232E+01, 3.800521E+01, 0.000000E+00,9, 1.932394E-01,0, 0.000000E+00,0, 0.000000E+00,6, 4.724116E+01, 7.752125E-01, 2.920587E+01,NULL,NULL,1,mc_qqps,53
-21041,1495,20227,233722,94C2, 9.125000E+01,46,15,61,46,15, 1.014960E+00, 5.787941E+00, 5.914056E-01, 5.165918E+01, 5.012453E+01, 1.089664E+00,-3.063119E-01, 5.656399E-01, 8.742142E-01, 8.624047E+01, 4.461034E+01, 3.063758E+01, 2.326943E+00,14, 4.391479E-01,0, 0.000000E+00,0, 0.000000E+00,12, 3.080894E+01, 8.422019E-01, 8.832044E+00,NULL,NULL,1,mc_qqps,53
-21041,1496,20227,233737,94C2, 9.125000E+01,28,11,39,28,11, 9.368036E-01,-2.855665E-01, 3.552768E-01, 6.589019E+01, 6.544469E+01, 2.337311E+00, 2.589218E+00,-5.298989E+00,-1.337901E+00, 8.838564E+01, 6.232256E+01, 4.757169E+00, 1.423351E+01,17, 1.395447E+01,0, 0.000000E+00,0, 0.000000E+00,7, 8.312402E+00, 4.617852E-01, 2.211536E+00,NULL,NULL,1,mc_qqps,53
-21041,1497,20227,233749,94C2, 9.125000E+01,30,12,42,30,12, 2.188936E+00,-4.450095E+00, 9.947577E+00, 4.086020E+01, 3.972903E+01, 1.324301E+00, 1.055716E+01, 7.391303E+00,-1.752797E+01, 7.738338E+01, 3.167719E+01, 2.408485E+01, 1.087656E+01,2, 0.000000E+00,9, 3.132125E+01,0, 0.000000E+00,2, 1.561790E+00, 4.777052E-01, 1.084085E+00,NULL,NULL,1,mc_qqps,53
-21041,1498,20227,233802,94C2, 9.125000E+01,22,12,34,22,12, 1.725608E+01, 2.995589E+00, 5.382366E-01, 3.501440E+01, 3.462274E+01, 1.573761E+00, 6.214128E+00, 1.598048E+00, 1.609633E-01, 7.486510E+01, 3.133248E+01, 2.990284E+01, 9.387259E+00,13, 5.151798E-01,0, 0.000000E+00,0, 0.000000E+00,10, 3.046344E+01, 5.606037E-01, 9.903233E+00,NULL,NULL,1,mc_qqps,53
-21041,1499,20227,233815,94C2, 9.125000E+01,22,14,36,22,14, 4.764133E+00, 8.526120E+00,-4.951202E+00, 3.236111E+01, 3.189579E+01, 1.449809E+00,-4.322688E+00,-6.714172E+00, 1.276087E+00, 9.467838E+01, 3.159802E+01, 5.719308E+01, 5.124453E+00,15, 6.102866E-01,2, 0.000000E+00,0, 0.000000E+00,12, 5.671754E+01, 6.137481E-01, 3.367865E+01,NULL,NULL,1,mc_qqps,53
-21041,1500,20227,233829,94C2, 9.125000E+01,22,13,35,22,13,-4.991007E-01, 1.066133E+01,-1.566220E+00, 6.809547E+01, 6.769175E+01, 3.076898E+00, 1.164106E+00,-5.351416E+00, 1.463150E+00, 1.079153E+02, 5.655893E+01, 2.181247E+01, 1.435140E+01,16, 1.562620E+01,0, 0.000000E+00,0, 0.000000E+00,10, 2.370412E+01, 5.414119E-01, 6.768391E+00,NULL,NULL,1,mc_qqps,53
-21041,1501,20227,233845,94C2, 9.125000E+01,30,18,48,30,18, 3.886930E+00, 8.097477E-01, 3.109414E+00, 4.730355E+01, 4.685499E+01, 1.561833E+00, 2.005605E+00, 5.356572E-01, 8.235293E+00, 9.028033E+01, 4.176968E+01, 3.805197E+01, 2.165143E+00,14, 2.970704E+00,6, 0.000000E+00,0, 0.000000E+00,9, 2.079058E+01, 9.073189E-01, 9.918281E+00,NULL,NULL,1,mc_qqps,53
-21041,1502,20227,233901,94C2, 9.125000E+01,15,9,24,15,9, 1.218994E+00, 4.537292E+00,-2.068732E+00, 6.198566E+01, 6.184000E+01, 4.122667E+00, 8.662164E-01,-6.426214E+00, 4.096158E+00, 9.823546E+01, 5.783777E+01, 3.318134E+01, 1.329940E+00,12, 1.440104E+01,0, 0.000000E+00,0, 0.000000E+00,8, 3.491985E+01, 5.688393E-01, 1.547791E+01,NULL,NULL,1,mc_qqps,53
-21041,1503,20227,233912,94C2, 9.125000E+01,31,21,52,31,21,-3.338154E+00, 6.043709E+00, 1.253896E+01, 3.559399E+01, 3.495472E+01, 1.127572E+00,-6.768232E+00, 2.727959E+00, 1.776172E+01, 6.711153E+01, 3.042718E+01, 2.252391E+01, 9.056870E+00,9, 5.789272E+00,7, 0.000000E+00,0, 0.000000E+00,5, 9.178276E+00, 6.072519E-01, 3.362749E+00,1, 0.000000E+00,1,mc_qqps,53
-21041,1504,20227,233927,94C2, 9.125000E+01,28,13,41,28,13,-1.220750E+00,-2.316576E+00, 5.428145E+00, 5.180066E+01, 5.140392E+01, 1.835854E+00,-5.655657E-01, 2.391987E+00,-1.848204E+00, 7.276093E+01, 4.946645E+01, 1.084382E+01, 7.978259E+00,9, 8.809001E-02,2, 0.000000E+00,0, 0.000000E+00,6, 1.120278E+01, 4.795470E-01, 3.910947E+00,1, 0.000000E+00,1,mc_qqps,53
-21041,1505,20227,233945,94C2, 9.125000E+01,39,17,56,39,17,-3.143404E+00,-5.213348E-01,-5.844233E+00, 6.023612E+01, 5.951690E+01, 1.526074E+00,-5.888861E-01, 1.765785E+00,-2.404759E+00, 7.960359E+01, 5.871454E+01, 1.092032E+01, 5.229920E+00,10, 0.000000E+00,6, 8.174690E-01,0, 0.000000E+00,9, 9.293348E+00, 4.989278E-01, 1.660756E+00,NULL,NULL,1,mc_qqps,53
-21041,1506,20227,234005,94C2, 9.125000E+01,47,16,63,47,16,-3.093652E+00, 1.474812E+00,-5.864117E+00, 6.536520E+01, 6.444884E+01, 1.371252E+00,-1.230369E+01, 4.341949E+00,-1.342880E+01, 9.415911E+01, 5.128910E+01, 2.079990E+01, 5.600371E+00,12, 9.035518E-01,0, 0.000000E+00,0, 0.000000E+00,9, 1.758520E+01, 4.493742E-01, 6.353356E+00,NULL,NULL,1,mc_qqps,53
-21041,1507,20227,234025,94C2, 9.125000E+01,17,8,25,17,8, 1.387644E+01,-2.058286E+00, 9.171372E+00, 6.087452E+01, 6.061829E+01, 3.565782E+00, 6.934270E+00,-1.863539E+00, 3.020819E+00, 7.856254E+01, 5.931121E+01, 1.562285E+01, 0.000000E+00,9, 5.347972E-01,2, 0.000000E+00,0, 0.000000E+00,6, 1.719939E+01, 5.317834E-01, 1.101535E+01,NULL,NULL,1,mc_qqps,53
-21041,1508,20227,234038,94C2, 9.125000E+01,35,12,47,35,12, 5.152743E-01, 4.412928E+00, 4.468512E+00, 4.538478E+01, 4.463069E+01, 1.275162E+00, 2.374926E+00, 8.897938E+00, 1.179754E+01, 6.090868E+01, 3.025200E+01, 9.793841E+00, 5.757006E+00,4, 1.477299E-01,8, 1.569107E+01,0, 0.000000E+00,3, 3.655739E+00, 5.690145E-01, 1.949319E+00,4, 0.000000E+00,1,mc_qqps,53
-21041,1509,20227,234059,94C2, 9.125000E+01,18,13,31,18,13,-3.142259E+01, 8.959642E+00,-8.862701E+01, 1.147974E+02, 1.145521E+02, 6.364005E+00,-2.675485E+01, 6.127637E+00,-7.545586E+01, 1.334941E+02, 2.986278E+01, 1.851780E+01, 1.789017E-01,5, 4.629474E-02,8, 1.482920E+01,0, 0.000000E+00,4, 3.950702E+00, 5.062367E-01, 1.825441E+00,NULL,NULL,1,mc_qqps,53
-21041,1510,20227,234117,94C2, 9.125000E+01,31,16,47,31,16, 2.361642E+00,-1.760220E+00, 3.403635E+00, 5.604778E+01, 5.557374E+01, 1.792701E+00,-1.218295E+01, 7.013932E+00,-1.124099E+01, 8.897729E+01, 5.105070E+01, 2.098555E+01, 1.457473E+00,11, 2.776658E-01,5, 1.298629E+00,0, 0.000000E+00,10, 2.791755E+01, 4.051849E-01, 1.008129E+01,NULL,NULL,1,mc_qqps,53
-21041,1511,20227,234134,94C2, 9.125000E+01,43,12,55,43,12, 3.805708E+01,-1.766223E+01,-1.736333E+01, 1.138949E+02, 1.129265E+02, 2.626197E+00, 3.137963E+01,-1.543250E+01,-1.477623E+01, 1.303222E+02, 1.016588E+02, 9.126983E+00, 3.239906E+00,16, 2.994948E+00,0, 0.000000E+00,0, 0.000000E+00,9, 1.213615E+01, 4.628828E-01, 4.063389E+00,NULL,NULL,1,mc_qqps,53
-21041,1512,20227,234150,94C2, 9.125000E+01,36,14,50,36,14,-3.341164E+00,-1.124372E+01, 5.610964E+00, 7.146506E+01, 7.083460E+01, 1.967628E+00, 1.263524E+00, 5.169489E+00,-2.099106E+00, 1.006694E+02, 6.451166E+01, 2.899981E+01, 2.045335E-01,15, 1.484672E+00,3, 0.000000E+00,0, 0.000000E+00,10, 2.663384E+01, 4.002905E-01, 8.241258E+00,NULL,NULL,1,mc_qqps,53
-21041,1513,20227,234208,94C2, 9.125000E+01,39,18,57,39,18,-7.836725E+00,-2.418221E-01,-3.806320E+00, 6.093168E+01, 6.009839E+01, 1.540984E+00,-6.067468E-01,-5.455059E+00,-4.543337E+00, 8.958395E+01, 5.360313E+01, 2.444112E+01, 1.750664E+00,25, 1.339539E+00,1, 0.000000E+00,0, 0.000000E+00,15, 2.622856E+01, 4.534516E-01, 7.073287E+00,NULL,NULL,1,mc_qqps,53
-21041,1514,20227,234225,94C2, 9.125000E+01,32,25,57,32,25, 9.136242E+00, 2.830077E+01, 4.156272E-01, 4.582656E+01, 4.494243E+01, 1.404451E+00, 6.449284E+00, 1.946583E+01, 6.590526E-02, 8.425394E+01, 3.457722E+01, 3.732296E+01, 4.070062E-01,21, 4.165061E-01,0, 0.000000E+00,0, 0.000000E+00,20, 3.195142E+01, 5.010281E-01, 7.035433E+00,NULL,NULL,1,mc_qqps,53
-21041,1515,20227,234251,94C2, 9.125000E+01,31,10,41,31,10, 2.441228E+01, 5.103796E+00, 9.655120E+00, 6.368763E+01, 6.308934E+01, 2.035140E+00, 3.125978E+01, 8.655575E+00, 1.513212E+01, 9.695464E+01, 5.332847E+01, 1.428950E+01, 1.910102E+01,10, 3.221827E+00,1, 0.000000E+00,0, 0.000000E+00,5, 1.294077E+01, 3.989768E-01, 7.192294E+00,NULL,NULL,1,mc_qqps,53
-21041,1516,20227,234302,94C2, 9.125000E+01,26,17,43,26,17,-1.077593E+00,-5.304008E+00,-5.893361E+00, 6.572435E+01, 6.531890E+01, 2.512265E+00,-2.479618E+00,-1.371438E+01,-9.689020E+00, 1.143421E+02, 5.707610E+01, 2.471100E+01, 2.168530E+01,21, 1.308955E+01,0, 0.000000E+00,0, 0.000000E+00,12, 2.531009E+01, 4.721631E-01, 1.231365E+01,NULL,NULL,1,mc_qqps,53
-21041,1517,20227,234318,94C2, 9.125000E+01,18,13,31,18,13, 4.330423E-01, 8.622211E+00,-2.918768E+00, 2.570330E+01, 2.517960E+01, 1.398867E+00,-2.361341E+00, 1.888276E+01,-7.536297E+00, 6.724733E+01, 2.123743E+01, 3.066559E+01, 7.166274E+00,10, 0.000000E+00,0, 0.000000E+00,0, 0.000000E+00,10, 3.398443E+01, 1.291586E+00, 1.334485E+01,NULL,NULL,1,mc_qqps,53
-21041,1518,20227,234330,94C2, 9.125000E+01,20,11,31,20,11, 2.686878E-01, 1.300150E+01, 1.573849E+00, 6.891755E+01, 6.868657E+01, 3.434329E+00,-3.868642E-01, 3.148818E+00, 1.372375E-01, 8.925122E+01, 6.286744E+01, 8.156463E+00, 8.875711E+00,13, 4.940327E+00,0, 0.000000E+00,0, 0.000000E+00,8, 1.027773E+01, 5.213010E-01, 2.780191E+00,NULL,NULL,1,mc_qqps,53
-21041,1519,20227,234342,94C2, 9.125000E+01,47,17,64,47,17, 3.793336E+00,-1.775470E+00,-2.654022E+01, 9.576038E+01, 9.490675E+01, 2.019293E+00, 3.065036E+00, 2.964288E-02,-3.159941E+01, 1.071462E+02, 5.670293E+01, 8.843201E+00, 2.732720E+00,4, 0.000000E+00,16, 4.927490E+00,0, 0.000000E+00,3, 2.475868E+00, 5.682225E-01, 1.218618E+00,1, 0.000000E+00,1,mc_qqps,53
-21041,1520,20227,234405,94C2, 9.125000E+01,22,11,33,22,11, 2.455382E+00,-2.211480E+00, 1.809349E+00, 4.893805E+01, 4.848972E+01, 2.204078E+00,-7.228086E+00, 3.405606E+00, 2.956671E+00, 7.426217E+01, 4.811318E+01, 9.815711E+00, 9.216125E+00,14, 2.729614E+00,0, 0.000000E+00,0, 0.000000E+00,8, 1.594969E+01, 7.927386E-01, 4.280052E+00,NULL,NULL,1,mc_qqps,53
-21041,1521,20227,234417,94C2, 9.125000E+01,5,15,20,5,15,-1.546318E+00,-2.478703E+00,-7.474349E+00, 1.176316E+01, 1.168213E+01, 2.336425E+00, 3.169023E+00, 1.331834E+00,-2.351774E+01, 5.354959E+01, 7.079132E+00, 4.178644E+01, 0.000000E+00,0, 0.000000E+00,10, 2.374069E+00,0, 0.000000E+00,NULL,NULL,NULL,NULL,4, 0.000000E+00,0,mc_qqps,53
-21041,1522,20227,234436,94C2, 9.125000E+01,27,12,39,27,12, 2.357087E+00, 1.002882E+01, 4.736178E+00, 4.721732E+01, 4.663416E+01, 1.727191E+00, 1.819579E+00, 5.555595E+00, 3.097034E+00, 7.278321E+01, 4.287756E+01, 2.305008E+01, 0.000000E+00,11, 0.000000E+00,1, 0.000000E+00,0, 0.000000E+00,10, 2.128936E+01, 7.803558E-01, 6.837682E+00,NULL,NULL,1,mc_qqps,53
-21041,1523,20227,234449,94C2, 9.125000E+01,37,20,57,37,20,-1.092945E+00, 4.974393E+00,-4.604028E+00, 4.652944E+01, 4.588620E+01, 1.240167E+00, 4.270030E+00, 2.686527E+00, 2.421686E+00, 8.136324E+01, 3.286732E+01, 1.934583E+01, 1.216170E+01,6, 0.000000E+00,7, 0.000000E+00,0, 0.000000E+00,5, 6.860991E+00, 4.340518E-01, 2.266848E+00,1, 0.000000E+00,1,mc_qqps,53
-21041,1524,20227,234509,94C2, 9.125000E+01,34,8,42,34,8,-1.128637E+00, 4.251523E-02,-3.214270E-01, 7.305379E+01, 7.215510E+01, 2.122209E+00, 9.096296E-01, 7.672507E-01, 1.105556E+00, 8.913936E+01, 6.836349E+01, 1.512614E+01, 0.000000E+00,13, 4.771757E+00,1, 0.000000E+00,0, 0.000000E+00,7, 1.585784E+01, 3.896585E-01, 6.337684E+00,NULL,NULL,1,mc_qqps,53
-21041,1525,20227,234522,94C2, 9.125000E+01,75,2,77,75,2,-1.663824E+01,-3.006527E+01,-1.943712E+01, 1.554292E+02, 1.525118E+02, 2.033490E+00,-1.623688E+01,-4.504260E+01,-2.219591E+01, 1.707115E+02, 6.065845E+01, 0.000000E+00, 1.485632E+01,6, 1.051139E+00,0, 0.000000E+00,0, 0.000000E+00,1, 4.259570E-01, 4.259570E-01, 4.259570E-01,NULL,NULL,1,mc_qqps,53
-21041,1526,20227,234541,94C2, 9.125000E+01,34,15,49,34,15, 3.490785E+00,-3.128551E+00,-4.302599E+01, 8.578951E+01, 8.541803E+01, 2.512295E+00, 1.715747E-01,-1.361750E+00,-3.061448E+01, 1.078237E+02, 2.997775E+01, 2.052819E+01, 1.505984E+00,0, 0.000000E+00,20, 6.124379E+00,0, 0.000000E+00,NULL,NULL,NULL,NULL,2, 0.000000E+00,1,mc_qqps,53
-21041,1527,20227,234557,94C2, 9.125000E+01,28,25,53,28,25, 7.736389E+00,-2.058841E+01,-5.669951E+00, 4.516108E+01, 4.468330E+01, 1.595832E+00, 3.649250E+00,-1.089175E+01,-4.210665E+00, 8.934072E+01, 3.747222E+01, 2.319026E+01, 1.175713E+01,24, 2.911081E+00,1, 2.450426E-01,0, 0.000000E+00,19, 3.193986E+01, 4.536443E-01, 9.232250E+00,NULL,NULL,1,mc_qqps,53
-21041,1528,20227,234614,94C2, 9.125000E+01,29,16,45,29,16, 2.487657E+00, 6.157809E+00, 7.504375E-02, 6.004354E+01, 5.962307E+01, 2.055968E+00, 6.382994E+00, 2.211230E+01, 3.669978E+00, 1.063908E+02, 5.363479E+01, 2.055257E+01, 2.401848E+01,19, 4.684600E+00,0, 0.000000E+00,0, 0.000000E+00,10, 2.204737E+01, 5.777228E-01, 8.690732E+00,NULL,NULL,1,mc_qqps,53
-21041,1529,20227,234629,94C2, 9.125000E+01,17,5,22,17,5,-1.439105E-01,-2.446074E+00,-7.533055E+00, 4.932051E+01, 4.898671E+01, 2.881571E+00, 1.715361E-01, 1.458698E+00,-1.186922E+00, 5.843480E+01, 4.697596E+01, 9.114286E+00, 0.000000E+00,0, 0.000000E+00,7, 2.289256E+00,0, 0.000000E+00,NULL,NULL,NULL,NULL,NULL,NULL,1,mc_qqps,53
-21041,1530,20227,234651,94C2, 9.125000E+01,27,18,45,27,18, 6.085536E+00, 7.863338E-01,-1.166397E+01, 5.852803E+01, 5.824229E+01, 2.157122E+00,-7.370225E-01, 5.283539E-01, 1.052969E+00, 8.060522E+01, 4.616261E+01, 1.313351E+01, 8.943672E+00,2, 0.000000E+00,18, 1.153255E+00,0, 0.000000E+00,1, 1.826524E+00, 1.826524E+00, 1.826524E+00,NULL,NULL,1,mc_qqps,53
-21041,1531,20227,234706,94C2, 9.125000E+01,24,16,40,24,16,-4.486957E+00,-3.722952E-01, 5.305106E+00, 5.889879E+01, 5.825384E+01, 2.427243E+00, 7.419499E-01, 3.318491E+00, 1.143129E+00, 1.095386E+02, 5.491371E+01, 4.717973E+01, 3.196111E+00,14, 4.596138E+00,2, 0.000000E+00,0, 0.000000E+00,12, 3.889847E+01, 4.602249E-01, 8.892290E+00,NULL,NULL,1,mc_qqps,53
-21041,1532,20227,234723,94C2, 9.125000E+01,34,17,51,34,17,-2.902834E+00, 1.453361E+00,-2.757855E+00, 6.269487E+01, 6.211026E+01, 1.826772E+00, 4.136936E+00,-1.280217E+00,-2.933344E-01, 9.310199E+01, 5.593106E+01, 2.445080E+01, 3.694726E+00,21, 1.176065E+01,0, 0.000000E+00,0, 0.000000E+00,13, 2.332591E+01, 9.000416E-01, 6.215216E+00,NULL,NULL,1,mc_qqps,53
-21041,1533,20227,234739,94C2, 9.125000E+01,34,15,49,34,15, 3.129427E+01, 1.964016E+01, 4.644065E+01, 1.202114E+02, 1.195307E+02, 3.515610E+00, 3.061358E+01, 1.961488E+01, 4.681804E+01, 1.366902E+02, 5.173285E+01, 1.360709E+01, 2.205242E+00,6, 2.340938E-01,13, 4.253409E+00,0, 0.000000E+00,4, 8.209584E+00, 6.664706E-01, 3.387075E+00,NULL,NULL,1,mc_qqps,53
-21041,1534,20227,234753,94C2, 9.125000E+01,39,16,55,39,16,-1.377285E+00, 4.396738E+00, 1.016150E+01, 5.496677E+01, 5.423633E+01, 1.390675E+00,-5.966061E+00, 3.857398E+00, 3.038801E+00, 8.870451E+01, 5.092765E+01, 1.625010E+01, 1.666777E+01,10, 1.595414E+00,5, 7.938354E-01,0, 0.000000E+00,6, 1.291277E+01, 7.154462E-01, 5.693867E+00,NULL,NULL,1,mc_qqps,53
-21041,1535,20227,234811,94C2, 9.125000E+01,64,16,80,64,16,-3.722006E+00,-1.269214E+01,-8.137128E+00, 5.683655E+01, 5.502136E+01, 8.597088E-01, 2.163372E+00,-9.378013E-01, 5.022736E+00, 8.881517E+01, 4.374137E+01, 1.030967E+01, 3.689236E-01,15, 8.593048E-01,2, 0.000000E+00,0, 0.000000E+00,11, 2.764686E+01, 4.544477E-01, 1.486366E+01,NULL,NULL,1,mc_qqps,53
-21041,1536,20227,234836,94C2, 9.125000E+01,26,16,42,26,16,-5.611410E+00,-3.846211E+00,-9.663970E+00, 9.728509E+01, 9.695331E+01, 3.728973E+00,-1.467580E+01,-1.139251E+01,-2.726491E+01, 1.297774E+02, 8.112301E+01, 1.142890E+01, 2.107004E+01,1, 0.000000E+00,10, 0.000000E+00,0, 0.000000E+00,1, 1.501062E-01, 1.501062E-01, 1.501062E-01,1, 0.000000E+00,1,mc_qqps,53
-21041,1537,20227,234849,94C2, 9.125000E+01,22,15,37,22,15,-1.744125E+00,-2.326635E-01, 6.627196E+00, 2.366081E+01, 2.311310E+01, 1.050595E+00,-2.229125E+00,-2.265537E-01, 2.692300E+00, 4.234200E+01, 1.252793E+01, 1.868119E+01, 0.000000E+00,1, 0.000000E+00,6, 8.593332E-01,0, 0.000000E+00,1, 7.209150E-01, 7.209150E-01, 7.209150E-01,9, 0.000000E+00,1,mc_qqps,53
-21041,1538,20227,234914,94C2, 9.125000E+01,49,9,58,49,9,-1.303264E+00,-2.351410E+01, 1.139146E+01, 5.557470E+01, 5.321944E+01, 1.086111E+00, 7.592502E-02, 1.428457E+00, 1.993939E+00, 1.068158E+02, 4.183547E+01, 2.919437E+01, 2.204676E+01,11, 5.037235E+00,0, 0.000000E+00,0, 0.000000E+00,5, 2.800561E+01, 1.277618E+00, 1.315013E+01,NULL,NULL,1,mc_qqps,53
-21041,1539,20227,234930,94C2, 9.125000E+01,38,16,54,38,16, 1.592092E+01,-3.419656E+00,-2.983766E+00, 6.193684E+01, 6.145698E+01, 1.617289E+00, 1.407079E+01,-1.842396E+00,-6.479901E+00, 8.253690E+01, 4.874885E+01, 1.269190E+01, 6.848857E+00,14, 5.052235E+00,0, 0.000000E+00,0, 0.000000E+00,11, 1.030802E+01, 4.440837E-01, 2.207010E+00,NULL,NULL,1,mc_qqps,53
-21041,1540,20227,234949,94C2, 9.125000E+01,33,16,49,33,16, 7.395241E+00, 7.191367E+00,-2.565265E+01, 4.879814E+01, 4.811932E+01, 1.458161E+00, 6.242704E+00, 7.890896E+00,-1.394188E+01, 7.827579E+01, 2.888648E+01, 2.567245E+01, 3.917431E+00,1, 0.000000E+00,16, 8.535374E+00,0, 0.000000E+00,1, 5.724127E-01, 5.724127E-01, 5.724127E-01,2, 0.000000E+00,1,mc_qqps,53
-21041,1541,20227,235028,94C2, 9.125000E+01,15,10,25,15,10,-1.208331E+01,-8.528634E+00, 1.042051E+01, 6.615936E+01, 6.601057E+01, 4.400705E+00,-1.724205E+01,-1.304975E+01, 1.614406E+01, 9.473280E+01, 6.597322E+01, 2.050383E+01, 3.840058E+00,13, 9.206970E+00,0, 0.000000E+00,0, 0.000000E+00,7, 2.354992E+01, 3.926940E-01, 1.036416E+01,NULL,NULL,1,mc_qqps,53
-21041,1542,20227,235038,94C2, 9.125000E+01,36,18,54,36,18, 4.085657E+01,-2.443960E+01,-6.733721E+01, 1.069323E+02, 1.060519E+02, 2.945887E+00, 3.795084E+01,-1.069421E+01,-5.613848E+01, 1.451438E+02, 2.525867E+01, 1.243226E+01, 2.212699E+01,12, 2.772746E-01,4, 0.000000E+00,0, 0.000000E+00,9, 1.324133E+01, 4.364939E-01, 5.046355E+00,NULL,NULL,1,mc_qqps,53
-21041,1543,20227,235055,94C2, 9.125000E+01,29,9,38,29,9, 4.523903E+00,-2.270642E+00, 5.134510E+00, 7.344444E+01, 7.310270E+01, 2.520783E+00, 4.728249E+00,-1.783071E+00, 7.752323E+00, 8.403330E+01, 4.914632E+01, 9.204568E+00, 0.000000E+00,4, 0.000000E+00,11, 5.521325E-01,0, 0.000000E+00,3, 2.831806E+00, 6.212472E-01, 1.384305E+00,1, 0.000000E+00,1,mc_qqps,53
-21041,1544,20227,235107,94C2, 9.125000E+01,34,15,49,34,15, 1.738025E+00,-3.012235E+00,-2.613585E+00, 7.012247E+01, 6.945791E+01, 2.042880E+00, 1.134641E+01,-5.288213E-01,-7.828448E-01, 1.031730E+02, 5.677874E+01, 2.487166E+01, 0.000000E+00,18, 6.904646E-01,0, 0.000000E+00,0, 0.000000E+00,14, 3.176756E+01, 7.545566E-01, 5.546435E+00,NULL,NULL,1,mc_qqps,53
-21041,1545,20227,235123,94C2, 9.125000E+01,55,10,65,55,10, 7.495751E-01,-5.234932E+00, 1.958931E+00, 7.497550E+01, 7.306467E+01, 1.328449E+00, 2.356938E+00,-2.999632E+00, 2.502755E+00, 8.848495E+01, 6.068037E+01, 6.619589E+00, 6.889862E+00,11, 4.767105E-01,1, 0.000000E+00,0, 0.000000E+00,5, 5.877767E+00, 8.154842E-01, 1.543168E+00,NULL,NULL,1,mc_qqps,53
-21041,1546,20227,235144,94C2, 9.125000E+01,38,16,54,38,16,-2.806025E-01, 2.193834E+01,-1.775770E+01, 8.078513E+01, 8.009614E+01, 2.107793E+00, 3.958991E-01, 2.179281E+01,-1.775517E+01, 1.008019E+02, 6.760722E+01, 1.733707E+01, 2.679758E+00,4, 0.000000E+00,10, 0.000000E+00,0, 0.000000E+00,3, 4.183280E+00, 1.163818E+00, 1.844258E+00,NULL,NULL,1,mc_qqps,53
-21041,1547,20227,235202,94C2, 9.125000E+01,40,23,63,40,23, 1.883682E+00, 2.754510E+00, 7.151799E+00, 5.995123E+01, 5.910886E+01, 1.477722E+00, 6.838498E+00, 7.064326E+00, 1.937975E+01, 9.345841E+01, 4.109180E+01, 2.962668E+01, 3.926810E+00,2, 0.000000E+00,18, 5.755253E+00,0, 0.000000E+00,2, 1.885715E+00, 7.919391E-01, 1.093776E+00,1, 0.000000E+00,1,mc_qqps,53
-21041,1548,20227,235224,94C2, 9.125000E+01,31,17,48,31,17,-7.655479E+00, 8.513561E-01, 2.294117E+00, 5.834841E+01, 5.766960E+01, 1.860310E+00,-2.568814E+01, 8.358127E+00, 1.267904E+01, 1.058775E+02, 4.923413E+01, 3.821136E+01, 9.317696E+00,17, 9.795237E+00,0, 0.000000E+00,0, 0.000000E+00,11, 2.046117E+01, 6.549517E-01, 6.025568E+00,NULL,NULL,1,mc_qqps,53
-21041,1549,20227,235241,94C2, 9.125000E+01,44,14,58,44,14, 5.611381E+00, 9.018125E+00,-2.455611E-01, 5.460987E+01, 5.356201E+01, 1.217318E+00, 3.696346E+00, 2.137499E+00,-1.171939E+00, 7.341101E+01, 4.885833E+01, 1.262902E+01, 2.782791E+00,17, 3.114340E+00,0, 0.000000E+00,0, 0.000000E+00,11, 1.577536E+01, 4.762483E-01, 3.308387E+00,NULL,NULL,1,mc_qqps,53
-21041,1550,20227,235301,94C2, 9.125000E+01,39,14,53,39,14,-7.748898E-01, 3.440160E+00, 2.435961E+01, 4.932875E+01, 4.850672E+01, 1.243762E+00,-2.627089E+00, 9.214656E+00, 2.465353E+01, 8.749959E+01, 2.389928E+01, 3.501413E+01, 3.156697E+00,7, 3.684073E-01,3, 2.112990E-01,0, 0.000000E+00,3, 1.273909E+01, 4.080570E-01, 8.765080E+00,6, 0.000000E+00,1,mc_qqps,53
-21041,1551,20227,235326,94C2, 9.125000E+01,31,12,43,31,12, 6.151947E+00, 2.266665E+00,-7.702590E+00, 4.848845E+01, 4.809585E+01, 1.551479E+00, 4.477952E+00, 1.753829E+00,-5.634004E+00, 6.898788E+01, 4.254145E+01, 1.860506E+01, 1.966795E+00,14, 6.881496E+00,3, 0.000000E+00,0, 0.000000E+00,9, 1.811613E+01, 3.597770E-01, 3.646308E+00,NULL,NULL,1,mc_qqps,53
-21041,1552,20227,235342,94C2, 9.125000E+01,30,18,48,30,18, 5.430821E+00, 9.515854E-01,-9.137712E+00, 3.248200E+01, 3.164845E+01, 1.054948E+00, 2.107057E+00, 1.190227E+00,-3.031215E+00, 5.914243E+01, 2.731709E+01, 2.518572E+01, 4.474759E-01,7, 2.354102E-01,8, 0.000000E+00,0, 0.000000E+00,6, 8.852781E+00, 4.610242E-01, 3.028290E+00,NULL,NULL,1,mc_qqps,53
-21041,1553,20227,235404,94C2, 9.125000E+01,27,6,33,27,6, 4.216802E+00, 4.685973E+00,-5.238501E+00, 6.771281E+01, 6.731464E+01, 2.493135E+00,-1.051508E+01,-1.142887E-01, 1.003895E+00, 8.447704E+01, 6.324615E+01, 0.000000E+00, 1.269846E+01,8, 1.070797E+00,0, 0.000000E+00,0, 0.000000E+00,3, 4.293403E+00, 8.008493E-01, 1.802751E+00,NULL,NULL,1,mc_qqps,53
-21041,1554,20227,235419,94C2, 9.125000E+01,38,14,52,38,14, 4.479894E-01,-9.583974E+00,-3.866910E+00, 6.028402E+01, 5.945961E+01, 1.564727E+00, 1.607231E+00,-1.811544E+01,-6.936860E+00, 8.443652E+01, 5.226972E+01, 2.030419E+01, 3.390347E+00,11, 9.103460E-01,1, 0.000000E+00,0, 0.000000E+00,7, 1.252627E+01, 4.579724E-01, 3.415040E+00,NULL,NULL,1,mc_qqps,53
-21041,1555,20227,235438,94C2, 9.125000E+01,27,10,37,27,10, 2.778806E+00,-1.314628E+01,-1.313634E+01, 4.722111E+01, 4.666709E+01, 1.728411E+00, 3.242995E+00,-1.516556E+01,-1.156590E+01, 7.576743E+01, 4.084468E+01, 2.799291E+01, 1.639472E-01,13, 2.056000E+00,0, 0.000000E+00,0, 0.000000E+00,9, 2.838239E+01, 3.894722E-01, 1.004433E+01,NULL,NULL,1,mc_qqps,53
-21041,1556,20227,235454,94C2, 9.125000E+01,39,17,56,39,17, 4.133443E+00,-4.036354E+00, 2.032485E+00, 5.496659E+01, 5.399824E+01, 1.384570E+00, 8.255902E+00, 1.924906E+00, 1.456521E+01, 9.405302E+01, 4.735638E+01, 1.909435E+01, 1.328745E+01,13, 1.986247E-01,3, 0.000000E+00,0, 0.000000E+00,10, 2.105342E+01, 3.287246E-01, 5.026388E+00,NULL,NULL,1,mc_qqps,53
-21041,1557,20227,235517,94C2, 9.125000E+01,34,13,47,34,13, 5.575677E+00,-2.776785E+00,-3.893003E+00, 5.991023E+01, 5.935090E+01, 1.745615E+00, 6.342662E+00,-3.186601E+00,-3.047105E+00, 8.751443E+01, 4.355447E+01, 1.465113E+01, 8.135891E+00,16, 1.167290E+00,0, 0.000000E+00,0, 0.000000E+00,11, 1.901544E+01, 6.158664E-01, 4.817171E+00,NULL,NULL,1,mc_qqps,53
-21041,1558,20227,235531,94C2, 9.125000E+01,26,9,35,26,9, 5.330727E+01, 2.917803E+01,-2.005949E+00, 1.420641E+02, 1.412778E+02, 5.433764E+00, 4.071009E+01, 2.049223E+01,-2.655635E+00, 1.746323E+02, 3.945919E+01, 5.001215E+00, 2.603906E+01,8, 2.684298E-01,0, 0.000000E+00,0, 0.000000E+00,5, 6.566065E+00, 6.128972E-01, 3.139889E+00,NULL,NULL,1,mc_qqps,53
-21041,1559,20227,235549,94C2, 9.125000E+01,13,7,20,13,7, 1.542918E+01,-4.669858E+00, 1.891671E+01, 4.639924E+01, 4.627600E+01, 3.559692E+00, 2.684086E+01,-6.922319E+00, 3.037839E+01, 6.420819E+01, 4.198806E+01, 1.718723E+01, 6.217278E-01,5, 0.000000E+00,2, 0.000000E+00,0, 0.000000E+00,5, 1.697545E+01, 3.563313E-01, 8.839736E+00,NULL,NULL,1,mc_qqps,53
-21041,1560,20227,235609,94C2, 9.125000E+01,31,12,43,31,12,-2.821867E+00, 9.694715E-01,-1.466376E+01, 7.193174E+01, 7.126897E+01, 2.298999E+00, 5.199661E+00, 5.289885E-02, 1.322341E+00, 9.210648E+01, 6.086567E+01, 1.994286E+01, 2.318668E-01,0, 0.000000E+00,17, 8.072338E+00,0, 0.000000E+00,NULL,NULL,NULL,NULL,NULL,NULL,1,mc_qqps,53
-21041,1561,20227,235624,94C2, 9.125000E+01,17,10,27,17,10, 1.656333E+00,-5.991617E-01, 2.269298E+01, 5.061304E+01, 5.032326E+01, 2.960192E+00, 4.183980E+00, 3.387077E+00, 3.677313E+00, 7.831770E+01, 9.441084E+00, 1.015457E+01, 1.755010E+01,1, 0.000000E+00,7, 8.956090E-01,0, 0.000000E+00,NULL,NULL,NULL,NULL,5, 0.000000E+00,0,mc_qqps,53
-21041,1562,20227,235647,94C2, 9.125000E+01,16,15,31,16,15, 1.584198E+01, 1.458185E+01, 7.797451E+00, 4.400043E+01, 4.381648E+01, 2.738530E+00, 1.502897E+00, 2.366138E+00, 1.911622E+00, 8.768145E+01, 4.337204E+01, 2.315047E+01, 1.797222E+01,17, 6.952527E+00,0, 0.000000E+00,0, 0.000000E+00,10, 2.518549E+01, 8.707145E-01, 1.003634E+01,NULL,NULL,1,mc_qqps,53
-21041,1563,20227,235657,94C2, 9.125000E+01,36,20,56,36,20, 1.113096E+00,-5.787007E-01, 2.122684E+00, 3.262951E+01, 3.158974E+01, 8.774927E-01, 3.591565E+00, 1.895935E+00, 1.221195E+00, 8.477009E+01, 2.925521E+01, 5.127391E+01, 8.666594E-01,21, 3.313816E+00,0, 0.000000E+00,0, 0.000000E+00,17, 4.995261E+01, 4.290374E-01, 1.299274E+01,1, 0.000000E+00,1,mc_qqps,53
-21041,1564,20227,235713,94C2, 9.125000E+01,33,5,38,33,5, 2.290138E+00,-2.755340E+00,-6.524768E+00, 7.004646E+01, 6.904218E+01, 2.092187E+00,-7.908722E-01, 2.687190E+00, 6.923345E-02, 7.915015E+01, 6.449652E+01, 9.103702E+00, 0.000000E+00,7, 2.915952E+00,0, 0.000000E+00,0, 0.000000E+00,4, 8.385262E+00, 4.914733E-01, 3.840761E+00,NULL,NULL,1,mc_qqps,53
-21041,1565,20227,235727,94C2, 9.125000E+01,33,7,40,33,7, 3.206129E+00, 3.677923E+00,-3.560081E+00, 8.348450E+01, 8.320326E+01, 2.521311E+00, 3.674667E-01,-4.651880E+00,-1.654748E+00, 9.653107E+01, 7.716120E+01, 1.261719E+01, 0.000000E+00,17, 3.488470E+00,1, 0.000000E+00,0, 0.000000E+00,4, 6.259752E+00, 2.322954E-01, 4.452830E+00,NULL,NULL,1,mc_qqps,53
-21041,1566,20227,235740,94C2, 9.125000E+01,21,7,28,21,7,-1.183102E+01,-2.610851E+01, 2.505589E+01, 4.851208E+01, 4.810465E+01, 2.290698E+00,-6.087212E+00,-8.464287E+00, 8.682643E+00, 8.090295E+01, 4.582610E+01, 7.259026E+00, 1.253109E+01,5, 0.000000E+00,0, 0.000000E+00,0, 0.000000E+00,4, 1.911930E+01, 8.643010E-01, 1.173645E+01,NULL,NULL,1,mc_qqps,53
-21041,1567,20227,235752,94C2, 9.125000E+01,36,24,60,36,24,-3.920570E+00, 3.024101E+00,-5.591588E+00, 5.069830E+01, 5.007171E+01, 1.390881E+00,-3.918193E+00,-6.464787E-01, 6.438026E+00, 8.024638E+01, 3.012774E+01, 2.618955E+01, 3.358521E+00,3, 0.000000E+00,24, 7.693609E+00,0, 0.000000E+00,3, 2.227169E+00, 4.310035E-01, 1.151549E+00,NULL,NULL,1,mc_qqps,53
-21041,1568,20227,235813,94C2, 9.125000E+01,38,20,58,38,20, 2.578945E+00,-5.584756E+00,-1.951092E+00, 7.122861E+01, 7.036971E+01, 1.851835E+00,-6.825445E-01, 6.129180E+00, 3.165648E+00, 9.077457E+01, 6.406350E+01, 1.562455E+01, 1.183717E+00,22, 6.168881E+00,0, 0.000000E+00,0, 0.000000E+00,13, 1.694796E+01, 3.732923E-01, 3.077845E+00,NULL,NULL,1,mc_qqps,53
-21041,1569,20227,235830,94C2, 9.125000E+01,26,11,37,26,11, 1.339117E+00, 2.221151E+01,-4.325842E+00, 6.691998E+01, 6.656654E+01, 2.560252E+00, 4.872293E-02, 1.638236E+00, 1.296674E+00, 9.739742E+01, 4.807231E+01, 1.973532E+01, 4.140735E+00,15, 5.183096E+00,0, 0.000000E+00,0, 0.000000E+00,8, 1.944008E+01, 5.431436E-01, 4.696541E+00,NULL,NULL,1,mc_qqps,53
-21041,1570,20227,235843,94C2, 9.125000E+01,28,10,38,28,10,-2.014927E+00,-5.175416E-01, 4.983971E-01, 6.394180E+01, 6.334716E+01, 2.262398E+00,-9.677919E-01, 1.477327E+01, 9.209295E+00, 9.083163E+01, 5.895216E+01, 1.913707E+01, 4.630016E+00,11, 1.070435E+00,0, 0.000000E+00,0, 0.000000E+00,9, 2.228672E+01, 6.758572E-01, 9.450648E+00,NULL,NULL,1,mc_qqps,53
-21041,1571,20227,235857,94C2, 9.125000E+01,15,4,19,15,4, 5.349628E+00, 1.194839E+01, 1.366892E+01, 7.720502E+01, 7.711690E+01, 5.141127E+00, 3.953016E+00, 9.057318E+00, 1.074778E+01, 9.516328E+01, 6.807119E+01, 1.795826E+01, 0.000000E+00,6, 4.500585E+00,0, 0.000000E+00,0, 0.000000E+00,4, 1.795826E+01, 4.786982E-01, 1.108754E+01,NULL,NULL,1,mc_qqps,53
-21041,1572,20227,235912,94C2, 9.125000E+01,30,10,40,30,10, 9.800042E-01,-1.532751E+01, 3.091786E+00, 4.719929E+01, 4.684684E+01, 1.561561E+00, 1.023080E-01,-1.454909E+01, 9.105198E-01, 7.514173E+01, 4.618589E+01, 2.620818E+01, 1.264848E+00,11, 9.084369E-01,1, 0.000000E+00,0, 0.000000E+00,8, 2.456497E+01, 5.717141E-01, 6.979084E+00,NULL,NULL,1,mc_qqps,53
-21041,1573,20227,235925,94C2, 9.125000E+01,25,13,38,25,13,-4.539062E-01, 3.887484E+00, 1.313833E+01, 1.061396E+02, 1.058336E+02, 4.233346E+00,-9.172103E-01, 1.564137E+00, 8.199881E+00, 1.280752E+02, 4.709247E+01, 2.193567E+01, 0.000000E+00,0, 0.000000E+00,21, 2.763706E+01,0, 0.000000E+00,NULL,NULL,NULL,NULL,NULL,NULL,1,mc_qqps,53
-21041,1574,20227,235937,94C2, 9.125000E+01,34,19,53,34,19, 7.397151E-01, 2.974859E-01, 2.694028E+00, 7.754613E+01, 7.706406E+01, 2.266590E+00, 2.042021E+00, 2.619396E+00, 7.361713E+00, 9.397762E+01, 6.975021E+01, 1.273818E+01, 2.208623E+00,3, 0.000000E+00,12, 6.221802E-01,0, 0.000000E+00,2, 2.610601E+00, 1.125910E+00, 1.484691E+00,NULL,NULL,1,mc_qqps,53
-21041,1575,20227,235955,94C2, 9.125000E+01,31,9,40,31,9,-7.426507E+00,-1.159689E+01, 6.322062E+00, 5.162442E+01, 5.104402E+01, 1.646581E+00, 3.363459E+00,-2.239210E+00, 9.766344E-01, 7.271214E+01, 4.560955E+01, 9.023516E+00, 9.787631E+00,14, 3.996667E+00,0, 0.000000E+00,0, 0.000000E+00,6, 1.026522E+01, 7.322646E-01, 3.414747E+00,NULL,NULL,1,mc_qqps,53
-21041,1576,20228,9,94C2, 9.125000E+01,46,18,64,46,18,-4.501249E+00,-3.867177E+00, 2.051377E+00, 6.073230E+01, 5.985875E+01, 1.301277E+00,-7.418963E-01,-3.396469E+00,-6.724327E+00, 9.007321E+01, 5.055957E+01, 2.909786E+01, 2.430556E-01,11, 1.236479E-01,10, 4.351473E-01,0, 0.000000E+00,8, 2.111508E+01, 5.353689E-01, 1.059358E+01,NULL,NULL,1,mc_qqps,53
-21041,1577,20228,29,94C2, 9.125000E+01,43,9,52,43,9,-3.057625E+00, 3.601988E+00,-2.538262E+00, 6.268477E+01, 6.206204E+01, 1.443303E+00, 6.908797E+00,-3.893456E+00, 1.520297E+00, 8.714958E+01, 5.888649E+01, 6.540640E+00, 1.663785E+01,12, 1.872703E+00,0, 0.000000E+00,0, 0.000000E+00,4, 6.137347E+00, 7.249558E-01, 3.203674E+00,NULL,NULL,1,mc_qqps,53
-21041,1578,20228,46,94C2, 9.125000E+01,28,13,41,28,13,-4.484303E+00,-4.591928E+00, 7.899743E+00, 7.189182E+01, 7.148104E+01, 2.552894E+00, 3.343849E+00, 2.844513E+00,-3.506628E+00, 1.028767E+02, 6.846613E+01, 2.521994E+01, 5.790171E+00,19, 3.497734E+00,0, 0.000000E+00,0, 0.000000E+00,10, 1.896971E+01, 4.309623E-01, 5.099105E+00,NULL,NULL,1,mc_qqps,53
-21041,1579,20228,101,94C2, 9.125000E+01,28,16,44,28,16, 3.576669E+00,-1.031419E+00,-1.773745E+00, 6.086581E+01, 6.042641E+01, 2.158086E+00, 3.525918E+00,-1.768014E+00,-3.084260E+00, 8.612046E+01, 5.892179E+01, 1.658202E+01, 1.228266E+00,18, 2.188213E+00,0, 0.000000E+00,0, 0.000000E+00,13, 2.336720E+01, 4.513552E-01, 5.755854E+00,NULL,NULL,1,mc_qqps,53
-21041,1580,20228,119,94C2, 9.125000E+01,23,15,38,23,15, 3.842057E+02,-3.941475E+02,-2.157333E+03, 2.239276E+03, 2.239040E+03, 9.734956E+01, 3.797598E+02,-3.907150E+02,-2.142001E+03, 2.258564E+03, 8.394230E+00, 1.013449E+01, 8.653877E+00,2, 0.000000E+00,12, 4.444257E+00,0, 0.000000E+00,2, 1.204856E+00, 5.508666E-01, 6.539895E-01,NULL,NULL,0,mc_qqps,53
-21041,1581,20228,130,94C2, 9.125000E+01,36,14,50,36,14, 3.650455E+00, 6.064699E+00, 3.390548E+00, 6.520585E+01, 6.443146E+01, 1.789763E+00, 7.544705E+00,-3.437748E+00,-5.783522E+00, 1.132580E+02, 5.120409E+01, 2.166606E+01, 2.638611E+01,14, 5.279187E+00,1, 0.000000E+00,0, 0.000000E+00,7, 2.166606E+01, 8.888170E-01, 9.947551E+00,NULL,NULL,1,mc_qqps,53
-21041,1582,20228,146,94C2, 9.125000E+01,33,13,46,33,13,-1.311817E+01, 2.120764E+00, 2.551544E+00, 5.840134E+01, 5.793639E+01, 1.755648E+00,-9.989604E+00, 2.806229E+00, 4.875810E+00, 7.849332E+01, 5.718063E+01, 9.219790E+00, 7.711442E+00,10, 1.023638E-01,1, 0.000000E+00,0, 0.000000E+00,9, 1.043830E+01, 4.851484E-01, 2.388931E+00,NULL,NULL,1,mc_qqps,53
-21041,1583,20228,201,94C2, 9.125000E+01,27,22,49,27,22,-1.635763E+00, 2.324333E+00, 8.864193E+00, 4.937618E+01, 4.896324E+01, 1.813453E+00,-3.365242E+00,-2.764229E-01, 1.522345E+01, 8.317313E+01, 4.181915E+01, 3.129312E+01, 2.503836E+00,2, 0.000000E+00,20, 1.068080E+01,0, 0.000000E+00,1, 1.973029E+00, 1.973029E+00, 1.973029E+00,1, 0.000000E+00,1,mc_qqps,53
-21041,1584,20228,216,94C2, 9.125000E+01,48,17,65,48,17,-1.501598E+01,-9.324724E+00,-1.967950E+01, 9.064097E+01, 8.976276E+01, 1.870057E+00,-2.440657E+01,-7.445700E+00,-2.364451E+01, 1.078881E+02, 5.579322E+01, 1.263097E+01, 0.000000E+00,18, 8.568930E+00,2, 0.000000E+00,0, 0.000000E+00,12, 1.241655E+01, 4.006636E-01, 2.002536E+00,NULL,NULL,1,mc_qqps,53
-21041,1585,20228,233,94C2, 9.125000E+01,35,11,46,35,11,-2.332062E+00, 3.553878E+00,-2.745440E+00, 7.805945E+01, 7.729181E+01, 2.208337E+00,-4.362270E+00, 7.227156E+00,-4.509210E+00, 1.120350E+02, 6.396682E+01, 3.220572E+01, 0.000000E+00,14, 9.839272E+00,0, 0.000000E+00,0, 0.000000E+00,9, 3.072560E+01, 4.746634E-01, 1.026801E+01,NULL,NULL,1,mc_qqps,53
-21041,1586,20228,250,94C2, 9.125000E+01,22,18,40,22,18, 8.837768E-01,-1.060371E+01,-2.037478E+01, 6.083718E+01, 6.049624E+01, 2.749829E+00, 1.926301E+00,-1.287774E+01,-2.532437E+01, 8.240929E+01, 3.714242E+01, 2.002329E+01, 0.000000E+00,2, 0.000000E+00,20, 5.085191E+00,0, 0.000000E+00,2, 2.319200E+00, 7.703877E-01, 1.548812E+00,1, 0.000000E+00,1,mc_qqps,53
-21041,1587,20228,305,94C2, 9.125000E+01,32,13,45,32,13,-9.755975E+00,-5.656161E+00,-8.223087E+01, 1.216399E+02, 1.211886E+02, 3.787143E+00,-9.568136E+00,-6.656967E+00,-8.141608E+01, 1.337491E+02, 3.231667E+01, 1.150996E+01, 0.000000E+00,3, 0.000000E+00,18, 3.817258E+00,0, 0.000000E+00,2, 1.011123E+00, 4.118062E-01, 5.993168E-01,1, 0.000000E+00,1,mc_qqps,53
-21041,1588,20228,320,94C2, 9.125000E+01,19,4,23,19,4, 7.284169E+00,-6.652258E+00, 1.919735E+00, 6.161921E+01, 6.145614E+01, 3.234534E+00, 2.549062E+00,-2.923890E+00, 2.834318E+00, 7.031799E+01, 5.681805E+01, 1.814325E+00, 6.884457E+00,5, 3.083106E-01,0, 0.000000E+00,0, 0.000000E+00,2, 9.723731E-01, 4.815083E-01, 4.908648E-01,NULL,NULL,1,mc_qqps,53
-21041,1589,20228,331,94C2, 9.125000E+01,12,10,22,12,10, 2.514525E+01,-2.515729E+01,-1.840676E+01, 4.083185E+01, 4.065716E+01, 3.388097E+00, 1.185340E+01,-9.835285E+00,-7.367404E+00, 1.019341E+02, 4.082013E+01, 1.169172E+01, 2.660868E+01,12, 7.869071E+00,0, 0.000000E+00,0, 0.000000E+00,8, 3.451217E+01, 1.086236E+00, 9.049465E+00,NULL,NULL,1,mc_qqps,53
-21041,1590,20228,341,94C2, 9.125000E+01,26,7,33,26,7,-2.001001E+00,-3.000535E+00, 2.168939E-03, 8.594424E+01, 8.545383E+01, 3.286686E+00,-4.432950E-01,-2.108728E+00, 1.632670E+00, 9.951037E+01, 7.875042E+01, 4.821696E+00, 7.055107E+00,10, 1.497304E+01,0, 0.000000E+00,0, 0.000000E+00,4, 7.045348E+00, 1.146082E+00, 2.223652E+00,NULL,NULL,1,mc_qqps,53
-21041,1591,20228,355,94C2, 9.125000E+01,30,19,49,30,19,-1.979001E+00,-1.047479E+01,-1.736239E+01, 5.617457E+01, 5.569218E+01, 1.856406E+00,-3.551393E+00,-1.039826E+01,-1.880653E+01, 8.462854E+01, 5.013990E+01, 2.449427E+01, 4.173356E+00,6, 8.515830E-02,13, 5.925600E-01,0, 0.000000E+00,5, 1.507021E+01, 5.651200E-01, 6.016291E+00,NULL,NULL,1,mc_qqps,53
-21041,1592,20228,412,94C2, 9.125000E+01,13,8,21,13,8,-1.842826E+00,-3.429096E+00, 1.908016E+00, 4.687137E+01, 4.669041E+01, 3.591570E+00,-8.698919E+00,-6.660162E+00, 5.246093E+00, 7.218217E+01, 4.653732E+01, 2.298345E+01, 0.000000E+00,11, 6.556518E+00,0, 0.000000E+00,0, 0.000000E+00,7, 2.511122E+01, 7.201936E-01, 1.555516E+01,NULL,NULL,1,mc_qqps,53
-21041,1593,20228,425,94C2, 9.125000E+01,38,13,51,38,13, 7.095679E-01,-1.100277E+01,-3.139982E+00, 6.347510E+01, 6.290791E+01, 1.655471E+00, 7.130636E-01,-6.539988E+00,-1.651521E+00, 1.015802E+02, 5.184787E+01, 1.911501E+01, 1.902058E+01,16, 1.070967E+01,0, 0.000000E+00,0, 0.000000E+00,7, 1.758837E+01, 7.954096E-01, 4.018336E+00,NULL,NULL,1,mc_qqps,53
-21041,1594,20228,440,94C2, 9.125000E+01,36,15,51,36,15,-6.395675E+00, 2.483137E-01,-2.198961E+00, 6.468130E+01, 6.391042E+01, 1.775290E+00,-7.143797E+00,-2.094209E-02, 4.793835E+00, 8.438728E+01, 3.678634E+01, 1.480490E+01, 4.668402E-01,6, 3.837636E-01,11, 6.319530E-01,0, 0.000000E+00,4, 8.354578E+00, 8.038921E-01, 4.434237E+00,2, 0.000000E+00,1,mc_qqps,53
-21041,1595,20228,506,94C2, 9.125000E+01,33,16,49,33,16,-2.051893E+00, 1.022643E+01, 9.223893E+00, 8.181075E+01, 8.104785E+01, 2.455996E+00, 8.633695E-01, 1.897850E+00, 1.334193E+00, 1.009327E+02, 7.628134E+01, 1.185627E+01, 1.010093E+00,7, 0.000000E+00,12, 0.000000E+00,0, 0.000000E+00,6, 1.267463E+01, 5.424605E-01, 5.333920E+00,NULL,NULL,1,mc_qqps,53
-21041,1596,20228,522,94C2, 9.125000E+01,37,13,50,37,13,-6.000847E-01,-2.839281E+00,-1.346230E+00, 9.127572E+01, 9.067171E+01, 2.450587E+00,-1.985307E+00,-2.790025E+00,-5.546303E-01, 1.245663E+02, 7.755354E+01, 1.021808E+01, 1.947649E+01,8, 0.000000E+00,0, 0.000000E+00,0, 0.000000E+00,6, 1.401678E+01, 7.272986E-01, 7.120383E+00,NULL,NULL,1,mc_qqps,53
-21041,1597,20228,537,94C2, 9.125000E+01,32,12,44,32,12,-1.675976E+00, 5.309342E-01, 1.856603E+00, 6.363789E+01, 6.307932E+01, 1.971229E+00,-2.242601E+00, 9.826130E-01, 4.719903E+00, 8.772286E+01, 4.843805E+01, 2.408499E+01, 0.000000E+00,1, 0.000000E+00,16, 7.443383E+00,0, 0.000000E+00,1, 8.207434E-01, 8.207434E-01, 8.207434E-01,NULL,NULL,1,mc_qqps,53
-21041,1598,20228,553,94C2, 9.125000E+01,32,16,48,32,16,-1.079832E+01,-2.459666E+00, 1.028438E+01, 5.777959E+01, 5.726015E+01, 1.789380E+00,-4.665003E+00, 9.869627E-01,-1.783319E+00, 7.742207E+01, 5.293233E+01, 1.460284E+01, 3.784499E+00,6, 6.757394E-02,6, 0.000000E+00,0, 0.000000E+00,4, 6.355852E+00, 1.255135E+00, 1.978452E+00,NULL,NULL,1,mc_qqps,53
-21041,1599,20228,608,94C2, 9.125000E+01,41,10,51,41,10, 9.733664E+00, 2.986552E+00,-6.571992E+00, 7.119434E+01, 7.055377E+01, 1.720824E+00, 8.871378E+00,-1.951277E-01,-6.883729E+00, 8.597926E+01, 6.270966E+01, 6.175809E+00, 4.575337E+00,16, 2.924860E+00,0, 0.000000E+00,0, 0.000000E+00,8, 1.033461E+01, 5.836684E-01, 3.324352E+00,NULL,NULL,1,mc_qqps,53
-21041,1600,20228,625,94C2, 9.125000E+01,11,13,24,11,13, 1.599011E+00,-1.758925E+01,-2.344376E+01, 4.233845E+01, 4.207218E+01, 3.824744E+00, 2.200986E-01,-8.360630E+00,-1.216433E+01, 6.782941E+01, 4.136926E+01, 1.891719E+01, 5.142415E-01,6, 0.000000E+00,6, 0.000000E+00,0, 0.000000E+00,6, 1.627665E+01, 1.176749E+00, 5.186710E+00,NULL,NULL,1,mc_qqps,53
-21041,1601,20228,644,94C2, 9.125000E+01,35,18,53,35,18,-4.679799E+00, 5.242442E+00,-8.897060E+00, 6.514394E+01, 6.452352E+01, 1.843529E+00,-5.841568E+00, 1.003351E+01,-1.451971E+01, 8.938015E+01, 4.822872E+01, 2.120486E+01, 2.385554E+00,6, 0.000000E+00,10, 2.103138E+00,0, 0.000000E+00,6, 4.799291E+00, 4.258752E-01, 1.285412E+00,NULL,NULL,1,mc_qqps,53
-21041,1602,20228,704,94C2, 9.125000E+01,16,11,27,16,11,-1.283147E+00,-4.460850E-01, 2.254858E-01, 6.547554E+01, 6.531824E+01, 4.082390E+00, 5.225752E+00, 2.471904E+01, 2.083874E+01, 1.068500E+02, 6.478003E+01, 4.060887E+01, 7.655995E-01,13, 5.156948E+00,0, 0.000000E+00,0, 0.000000E+00,9, 1.591511E+01, 4.410821E-01, 4.244408E+00,NULL,NULL,1,mc_qqps,53
-21041,1603,20228,715,94C2, 9.125000E+01,23,11,34,23,11,-3.127079E+00,-4.634170E+00, 1.408076E+00, 5.333163E+01, 5.307884E+01, 2.307776E+00, 7.786017E+00, 6.172751E+00,-7.615885E+00, 9.354958E+01, 4.841996E+01, 2.664548E+01, 0.000000E+00,13, 2.616249E+00,0, 0.000000E+00,0, 0.000000E+00,10, 3.936200E+01, 6.196690E-01, 1.357247E+01,NULL,NULL,1,mc_qqps,53
-21041,1604,20228,730,94C2, 9.125000E+01,26,19,45,26,19,-1.289968E+00, 6.482212E+00, 3.211836E+00, 5.013992E+01, 4.977376E+01, 1.914375E+00, 8.769259E-01, 3.293360E+00, 5.947559E-01, 9.267102E+01, 4.038808E+01, 2.780859E+01, 1.346854E+01,19, 8.435193E-01,2, 0.000000E+00,0, 0.000000E+00,12, 2.828497E+01, 3.576662E-01, 8.780024E+00,NULL,NULL,1,mc_qqps,53
-21041,1605,20228,745,94C2, 9.125000E+01,39,8,47,39,8, 2.998796E+00, 3.503389E+00, 1.328180E+00, 7.925646E+01, 7.803464E+01, 2.000888E+00,-2.735318E+00, 1.553416E+00, 2.055865E-01, 9.201345E+01, 7.168310E+01, 1.214431E+01, 6.126885E-01,8, 7.300910E+00,0, 0.000000E+00,0, 0.000000E+00,5, 1.163396E+01, 1.196803E+00, 3.827228E+00,NULL,NULL,1,mc_qqps,53
-21041,1606,20228,806,94C2, 9.125000E+01,33,6,39,33,6,-3.495867E+00,-8.532468E+00, 3.299929E+00, 7.812265E+01, 7.745441E+01, 2.347103E+00,-2.290929E+00,-8.143506E+00, 2.344363E+00, 8.488052E+01, 7.189892E+01, 4.336015E+00, 1.390349E+00,11, 3.447311E+00,3, 0.000000E+00,0, 0.000000E+00,3, 4.316931E+00, 1.031496E+00, 2.211743E+00,NULL,NULL,1,mc_qqps,53
-21041,1607,20228,820,94C2, 9.125000E+01,21,9,30,21,9, 5.706116E+00, 1.393874E+00,-6.687016E+01, 1.323273E+02, 1.321281E+02, 6.291814E+00, 5.436731E+00, 1.803752E+00,-6.791256E+01, 1.402795E+02, 2.608854E+01, 7.952199E+00, 0.000000E+00,0, 0.000000E+00,16, 3.807387E+01,0, 0.000000E+00,NULL,NULL,NULL,NULL,2, 0.000000E+00,1,mc_qqps,53
-21041,1608,20228,833,94C2, 9.125000E+01,23,15,38,23,15,-8.142292E-02, 3.108467E+00, 2.661357E-01, 4.326837E+01, 4.281284E+01, 1.861428E+00,-4.819778E+00,-7.159318E+00,-9.444282E+00, 9.753587E+01, 4.166725E+01, 4.576357E+01, 7.609015E+00,12, 0.000000E+00,1, 0.000000E+00,0, 0.000000E+00,9, 4.206987E+01, 4.918281E-01, 1.618373E+01,NULL,NULL,1,mc_qqps,53
-21041,1609,20228,847,94C2, 9.125000E+01,41,15,56,41,15, 9.072754E-01,-3.089850E+00,-1.421808E+01, 6.066005E+01, 5.979388E+01, 1.458387E+00,-1.649639E+00,-8.048050E+00,-2.033651E+01, 9.190112E+01, 2.968489E+01, 1.672042E+01, 1.452143E+01,6, 0.000000E+00,9, 9.075394E-01,0, 0.000000E+00,5, 1.039116E+01, 1.138654E+00, 3.372682E+00,1, 0.000000E+00,1,mc_qqps,53
-21041,1610,20228,908,94C2, 9.125000E+01,34,12,46,34,12, 8.215340E+00, 7.733954E+00, 2.066708E+01, 8.854488E+01, 8.775887E+01, 2.581143E+00, 8.587523E+00, 8.297628E+00, 2.054081E+01, 1.056517E+02, 8.374332E+01, 1.658743E+01, 7.183896E-01,2, 0.000000E+00,13, 2.494599E+00,0, 0.000000E+00,1, 1.406821E+00, 1.406821E+00, 1.406821E+00,1, 0.000000E+00,1,mc_qqps,53
-21041,1611,20228,927,94C2, 9.125000E+01,24,16,40,24,16, 7.490731E+00, 2.450969E+01, 1.063675E+01, 4.219924E+01, 4.182172E+01, 1.742572E+00, 5.542877E+00, 1.306996E+01, 7.006445E+00, 7.745400E+01, 4.006975E+01, 1.873293E+01, 8.037395E+00,16, 2.227832E+00,0, 0.000000E+00,0, 0.000000E+00,10, 1.992173E+01, 7.575307E-01, 5.315089E+00,NULL,NULL,1,mc_qqps,53
-21041,1612,20228,954,94C2, 9.125000E+01,35,14,49,35,14,-2.817304E+00,-1.460284E+01, 1.426471E+01, 8.148922E+01, 8.074616E+01, 2.307033E+00,-1.901434E-01,-3.178039E+00, 6.502071E+00, 1.054392E+02, 5.912391E+01, 2.359816E+01, 3.517888E-01,16, 5.004920E+00,2, 0.000000E+00,0, 0.000000E+00,10, 1.861868E+01, 1.174519E+00, 4.520713E+00,NULL,NULL,1,mc_qqps,53
-21041,1613,20228,1021,94C2, 9.125000E+01,23,14,37,23,14,-3.805479E+00, 1.012188E+01, 1.810389E+00, 5.084473E+01, 5.045669E+01, 2.193769E+00,-2.003411E+00, 1.117867E+01, 1.333032E+00, 6.810976E+01, 4.758091E+01, 1.173473E+01, 2.625285E+00,15, 5.229670E+00,0, 0.000000E+00,0, 0.000000E+00,9, 1.409186E+01, 3.656016E-01, 3.326250E+00,NULL,NULL,1,mc_qqps,53
-21041,1614,20228,1042,94C2, 9.125000E+01,23,17,40,23,17,-4.326720E-01,-1.499902E+00, 4.369828E-01, 5.647401E+01, 5.608113E+01, 2.438310E+00,-3.565562E-01,-1.254843E+00, 1.294668E+00, 8.636404E+01, 5.469696E+01, 2.765328E+01, 1.816473E+00,16, 2.415832E+00,1, 0.000000E+00,0, 0.000000E+00,12, 2.312426E+01, 4.202786E-01, 6.783345E+00,NULL,NULL,1,mc_qqps,53
-21041,1615,20228,1119,94C2, 9.125000E+01,40,17,57,40,17, 2.366858E+01, 1.517818E+01,-5.800700E+00, 8.016099E+01, 7.941644E+01, 1.985411E+00, 2.064033E+01, 1.381412E+01,-6.577752E+00, 1.079211E+02, 6.531158E+01, 2.559620E+01, 0.000000E+00,24, 1.479278E+00,0, 0.000000E+00,0, 0.000000E+00,17, 2.776010E+01, 4.928785E-01, 3.786652E+00,NULL,NULL,1,mc_qqps,53
-21041,1616,20228,1156,94C2, 9.125000E+01,28,11,39,28,11, 1.875501E+01, 3.099765E-01, 1.086020E+00, 6.038961E+01, 5.923637E+01, 2.115585E+00, 1.836882E+01, 3.707945E-01, 1.716401E+00, 7.226521E+01, 5.689923E+01, 7.603520E+00, 0.000000E+00,11, 1.430943E+00,0, 0.000000E+00,0, 0.000000E+00,9, 1.160023E+01, 5.538650E-01, 2.487243E+00,NULL,NULL,1,mc_qqps,53
-21041,1617,20228,1234,94C2, 9.125000E+01,36,23,59,36,23, 1.364979E+01,-1.005512E+00,-4.780607E+01, 8.035069E+01, 7.967802E+01, 2.213278E+00, 1.255510E+01, 1.741754E+00,-5.140151E+01, 1.166394E+02, 2.618281E+01, 2.911500E+01, 1.998725E+00,7, 1.334490E+00,15, 2.239094E+00,0, 0.000000E+00,4, 7.942631E+00, 6.920138E-01, 4.482912E+00,1, 0.000000E+00,1,mc_qqps,53
-21041,1618,20228,1310,94C2, 9.125000E+01,24,12,36,24,12, 1.046498E+01, 1.565718E+01,-4.628186E+00, 3.740847E+01, 3.654585E+01, 1.522744E+00, 2.400447E+00, 6.634924E+00,-1.199195E+00, 6.563643E+01, 3.383002E+01, 1.156762E+01, 1.169227E+01,12, 2.528079E+00,0, 0.000000E+00,0, 0.000000E+00,9, 1.588464E+01, 4.760362E-01, 4.646744E+00,NULL,NULL,1,mc_qqps,53
-21041,1619,20228,1329,94C2, 9.125000E+01,34,13,47,34,13, 6.610632E+00, 5.340513E-01,-5.651133E+00, 7.474119E+01, 7.414041E+01, 2.180600E+00, 1.422919E+00, 7.625906E+00,-7.322481E+00, 9.348979E+01, 7.238635E+01, 9.655862E+00, 5.621081E+00,11, 3.711748E+00,1, 0.000000E+00,0, 0.000000E+00,8, 1.124926E+01, 4.215921E-01, 3.497318E+00,NULL,NULL,1,mc_qqps,53
-21041,1620,20228,1401,94C2, 9.125000E+01,19,15,34,19,15, 9.774761E-01, 1.346912E+01,-3.575902E+00, 2.678508E+01, 2.629852E+01, 1.384133E+00, 1.176354E+00,-4.244446E+00, 7.414311E-01, 6.630322E+01, 2.539602E+01, 2.468312E+01, 1.429304E+01,16, 5.279769E+00,0, 0.000000E+00,0, 0.000000E+00,11, 2.364770E+01, 5.313256E-01, 6.876706E+00,NULL,NULL,1,mc_qqps,53
-21041,1621,20228,1423,94C2, 9.125000E+01,43,11,54,43,11,-7.238032E+00,-1.003895E+01, 1.550841E+00, 7.449189E+01, 7.298470E+01, 1.697319E+00,-1.024426E+01,-1.384257E+01, 2.465278E+00, 8.761445E+01, 6.634306E+01, 1.049935E+01, 5.159485E-01,15, 7.173065E+00,0, 0.000000E+00,0, 0.000000E+00,9, 1.215677E+01, 3.902652E-01, 3.016037E+00,NULL,NULL,1,mc_qqps,53
-21041,1622,20228,1452,94C2, 9.125000E+01,37,13,50,37,13, 5.267265E+00, 8.234240E-02, 5.004606E+00, 6.746014E+01, 6.657806E+01, 1.799407E+00, 4.756861E+00,-1.367767E+00, 2.626844E+00, 8.548062E+01, 5.415087E+01, 1.448327E+01, 2.747824E+00,2, 0.000000E+00,11, 5.356620E-01,0, 0.000000E+00,2, 1.265693E+00, 4.763056E-01, 7.893872E-01,NULL,NULL,1,mc_qqps,53
-21041,1623,20228,1512,94C2, 9.125000E+01,55,16,71,55,16,-1.927824E+01,-1.071644E+01,-2.331009E+01, 6.617786E+01, 6.493938E+01, 1.180716E+00,-1.400643E+01,-9.733024E+00,-1.512133E+01, 1.136423E+02, 4.184971E+01, 4.447312E+01, 1.390466E+00,13, 4.735333E-02,0, 0.000000E+00,0, 0.000000E+00,9, 2.863782E+01, 6.205537E-01, 1.349178E+01,1, 0.000000E+00,1,mc_qqps,53
-21041,1624,20228,1534,94C2, 9.125000E+01,58,26,84,58,26,-4.285635E+00,-9.924623E+00,-2.371409E+00, 4.967428E+01, 4.811630E+01, 8.295914E-01,-4.506419E-01,-9.902119E+00,-2.872653E+00, 8.982059E+01, 3.954414E+01, 2.608718E+01, 1.038942E+01,25, 9.904098E+00,0, 0.000000E+00,0, 0.000000E+00,16, 2.612658E+01, 4.467342E-01, 4.791484E+00,NULL,NULL,1,mc_qqps,53
-21041,1625,20228,1555,94C2, 9.125000E+01,47,18,65,47,18, 4.152574E+00, 1.621118E+01,-4.951653E+00, 5.606124E+01, 5.489362E+01, 1.167949E+00, 1.404240E+00, 7.825892E+00,-2.266601E+00, 1.225257E+02, 4.612329E+01, 4.556190E+01, 1.628578E+01,22, 8.329643E+00,0, 0.000000E+00,0, 0.000000E+00,12, 4.240916E+01, 4.073812E-01, 1.730469E+01,NULL,NULL,1,mc_qqps,53
-21041,1626,20228,1613,94C2, 9.125000E+01,36,18,54,36,18, 2.424851E+00, 1.935899E+00, 5.225293E+00, 7.310421E+01, 7.255327E+01, 2.015368E+00, 5.013249E-01, 2.216083E+00,-1.409270E+01, 1.105032E+02, 3.826715E+01, 3.268869E+01, 4.747287E+00,1, 0.000000E+00,13, 5.917986E-01,0, 0.000000E+00,NULL,NULL,NULL,NULL,2, 0.000000E+00,1,mc_qqps,53
-21041,1627,20228,1658,94C2, 9.125000E+01,43,9,52,43,9, 3.070042E-01, 4.571998E+00,-3.145827E-01, 6.751994E+01, 6.675639E+01, 1.552474E+00,-4.608122E+00, 2.380187E+01,-3.124381E+00, 8.850009E+01, 6.150717E+01, 1.755265E+01, 0.000000E+00,18, 1.506531E+01,0, 0.000000E+00,0, 0.000000E+00,8, 2.059722E+01, 4.799821E-01, 1.438300E+01,NULL,NULL,1,mc_qqps,53
-21041,1628,20228,1712,94C2, 9.125000E+01,27,15,42,27,15,-7.898567E+01,-5.523167E+00, 1.287163E+02, 2.003496E+02, 1.998809E+02, 7.402996E+00,-6.260203E+01,-1.904065E+00, 1.079588E+02, 2.307386E+02, 3.635150E+01, 1.833321E+01, 1.140872E+01,6, 0.000000E+00,9, 9.882386E-01,0, 0.000000E+00,5, 8.991310E+00, 6.470792E-01, 4.150909E+00,1, 0.000000E+00,1,mc_qqps,53
-21041,1629,20228,1726,94C2, 9.125000E+01,25,16,41,25,16, 2.249355E+00, 3.419615E+00,-3.407898E+00, 6.312402E+01, 6.284521E+01, 2.513808E+00, 9.770293E-01, 2.668169E+00,-2.290443E+00, 9.618248E+01, 6.236963E+01, 2.818860E+01, 2.440956E+00,17, 3.207844E+00,0, 0.000000E+00,0, 0.000000E+00,11, 2.495603E+01, 5.870912E-01, 6.058235E+00,NULL,NULL,1,mc_qqps,53
-21041,1630,20228,1740,94C2, 9.125000E+01,24,16,40,24,16, 7.490171E+00,-1.220958E+00,-9.329301E+00, 3.212870E+01, 3.166275E+01, 1.319281E+00, 4.815626E+00, 6.497700E-01,-2.579392E+00, 7.083138E+01, 2.918202E+01, 2.398035E+01, 1.472347E+01,14, 8.311747E+00,2, 0.000000E+00,0, 0.000000E+00,8, 2.317226E+01, 1.088583E+00, 7.998006E+00,1, 0.000000E+00,1,mc_qqps,53
-21041,1631,20228,1754,94C2, 9.125000E+01,26,20,46,26,20,-4.173463E+01,-1.902576E+01, 4.202989E+01, 1.035913E+02, 1.031195E+02, 3.966134E+00,-3.362209E+01,-1.650790E+01, 3.533715E+01, 1.380880E+02, 9.124062E+01, 2.599143E+01, 1.051737E+00,12, 3.331563E+00,4, 0.000000E+00,0, 0.000000E+00,10, 2.646952E+01, 7.876412E-01, 6.257864E+00,NULL,NULL,1,mc_qqps,53
-21041,1632,20228,1809,94C2, 9.125000E+01,28,10,38,28,10,-9.866920E+00, 1.472622E+01,-5.031382E+01, 1.097962E+02, 1.094044E+02, 3.907301E+00,-8.672434E+00, 1.401012E+01,-4.465015E+01, 1.335962E+02, 2.554325E+01, 1.969030E+01, 3.531301E+00,2, 0.000000E+00,16, 1.319876E+01,0, 0.000000E+00,1, 5.784583E-01, 5.784583E-01, 5.784583E-01,NULL,NULL,1,mc_qqps,53
-21041,1633,20228,1825,94C2, 9.125000E+01,20,13,33,20,13,-1.855862E+00,-3.387989E+00, 7.042345E-01, 2.589219E+01, 2.540385E+01, 1.270192E+00, 3.836517E+00, 5.144126E+00, 4.228192E-01, 8.249986E+01, 2.417563E+01, 5.521436E+01, 2.511348E-01,13, 8.617036E+00,0, 0.000000E+00,0, 0.000000E+00,9, 4.923374E+01, 5.973292E-01, 2.190691E+01,NULL,NULL,1,mc_qqps,53
-21041,1634,20228,1841,94C2, 9.125000E+01,37,16,53,37,16,-3.534313E+00, 8.207354E+00,-2.538711E+00, 4.424277E+01, 4.354959E+01, 1.177016E+00, 1.115246E+00,-1.805102E+00, 1.964537E+00, 7.586069E+01, 3.465836E+01, 1.879938E+01, 1.463343E+00,19, 2.587002E-01,0, 0.000000E+00,0, 0.000000E+00,14, 3.015458E+01, 5.363654E-01, 6.619019E+00,NULL,NULL,1,mc_qqps,53
-21041,1635,20228,1855,94C2, 9.125000E+01,20,14,34,20,14,-6.317646E+00, 2.796455E+00, 5.982001E-01, 4.347964E+01, 4.314208E+01, 2.157104E+00, 1.157797E+00, 9.956528E-01,-4.033614E-01, 6.851468E+01, 4.204103E+01, 1.556411E+01, 1.804906E+00,14, 1.070723E+00,0, 0.000000E+00,0, 0.000000E+00,11, 2.188952E+01, 4.977087E-01, 7.029747E+00,NULL,NULL,1,mc_qqps,53
-21041,1636,20228,1910,94C2, 9.125000E+01,33,8,41,33,8,-2.730213E+00,-4.688787E+00, 7.952439E-01, 8.291225E+01, 8.227791E+01, 2.493270E+00,-1.473069E-01, 5.771998E+00, 1.758076E+00, 1.170698E+02, 7.811750E+01, 1.864490E+01, 1.227265E+01,9, 1.112406E-01,0, 0.000000E+00,0, 0.000000E+00,5, 2.192727E+01, 5.955635E-01, 1.105313E+01,NULL,NULL,1,mc_qqps,53
-21041,1637,20228,1922,94C2, 9.125000E+01,33,12,45,33,12, 2.282699E+01, 1.957807E+01, 6.375443E+00, 7.512314E+01, 7.458900E+01, 2.260273E+00, 1.410922E+01, 1.698508E+01, 5.847461E+00, 1.048256E+02, 4.569146E+01, 2.490247E+01, 1.650490E+00,14, 3.456808E+00,1, 0.000000E+00,0, 0.000000E+00,6, 1.937284E+01, 4.622803E-01, 1.161851E+01,NULL,NULL,1,mc_qqps,53
-21041,1638,20228,1937,94C2, 9.125000E+01,36,20,56,36,20, 9.079195E+00, 1.594551E+01,-1.513348E+01, 5.455274E+01, 5.378374E+01, 1.493993E+00, 4.706390E+00, 5.990870E+00,-1.064831E+01, 9.303886E+01, 4.613250E+01, 2.505393E+01, 4.563540E+00,13, 2.313213E-01,3, 0.000000E+00,0, 0.000000E+00,10, 2.248166E+01, 6.986504E-01, 6.365316E+00,2, 0.000000E+00,1,mc_qqps,53
-21041,1639,20228,1956,94C2, 9.125000E+01,25,14,39,25,14, 1.581711E-01,-6.799593E-01, 2.132523E+00, 4.693752E+01, 4.653689E+01, 1.861476E+00, 2.265320E-01,-1.530806E+01, 1.204584E+01, 7.671040E+01, 4.131705E+01, 2.474599E+01, 3.712500E+00,13, 7.311133E-01,1, 0.000000E+00,0, 0.000000E+00,8, 2.109840E+01, 5.934518E-01, 6.317639E+00,NULL,NULL,1,mc_qqps,53
-21041,1640,20228,2009,94C2, 9.125000E+01,24,11,35,24,11,-5.511939E+00,-1.273517E+01,-2.069548E+00, 4.385458E+01, 4.324833E+01, 1.802014E+00,-6.165974E+00,-1.105639E+01,-1.653171E+00, 5.793509E+01, 4.072823E+01, 1.408050E+01, 0.000000E+00,14, 2.542821E+00,0, 0.000000E+00,0, 0.000000E+00,10, 1.349380E+01, 5.133178E-01, 3.813304E+00,NULL,NULL,1,mc_qqps,53
-21041,1641,20228,2021,94C2, 9.125000E+01,43,18,61,43,18,-2.885005E+00, 1.872461E+00,-3.210349E+00, 7.264121E+01, 7.172222E+01, 1.667959E+00, 3.369771E+00, 8.540067E-01, 2.783373E+00, 1.022856E+02, 6.277299E+01, 2.123485E+01, 8.524526E+00,19, 8.334780E+00,3, 0.000000E+00,0, 0.000000E+00,9, 1.697445E+01, 8.703005E-01, 5.924068E+00,NULL,NULL,1,mc_qqps,53
-21041,1642,20228,2037,94C2, 9.125000E+01,21,10,31,21,10,-4.285430E+00,-9.690425E+00,-6.376759E+00, 6.042985E+01, 6.022672E+01, 2.867939E+00,-3.881942E+00,-1.324069E+01,-9.106561E+00, 7.242390E+01, 5.911657E+01, 8.699040E+00, 2.776201E+00,12, 1.089161E+01,0, 0.000000E+00,0, 0.000000E+00,8, 9.217850E+00, 5.178754E-01, 2.443617E+00,NULL,NULL,1,mc_qqps,53
-21041,1643,20228,2049,94C2, 9.125000E+01,22,14,36,22,14,-1.290630E+01, 1.206778E+01,-1.168704E+01, 5.520330E+01, 5.471392E+01, 2.486997E+00, 1.376253E+00,-7.763148E-01, 2.193192E+00, 8.115773E+01, 5.324927E+01, 2.595443E+01, 0.000000E+00,11, 3.687596E-01,3, 0.000000E+00,0, 0.000000E+00,9, 2.288610E+01, 3.940539E-01, 1.497983E+01,NULL,NULL,1,mc_qqps,53
-21041,1644,20228,2101,94C2, 9.125000E+01,27,16,43,27,16,-3.948053E-01,-6.091338E+00, 2.873342E-01, 6.394986E+01, 6.323008E+01, 2.341855E+00, 9.739484E-01,-2.331373E+01,-2.052831E+01, 1.072678E+02, 6.134355E+01, 1.489950E+01, 2.660065E+01,17, 1.298390E+01,1, 0.000000E+00,0, 0.000000E+00,11, 1.549676E+01, 5.073624E-01, 4.327903E+00,NULL,NULL,1,mc_qqps,53
-21041,1645,20228,2115,94C2, 9.125000E+01,30,15,45,30,15, 6.394932E+00, 4.671758E-01,-3.147611E+00, 6.257854E+01, 6.206337E+01, 2.068779E+00,-4.113828E+00, 1.528781E+00, 9.968814E-01, 9.412802E+01, 5.938162E+01, 2.276510E+01, 0.000000E+00,19, 5.676296E+00,0, 0.000000E+00,0, 0.000000E+00,15, 3.154949E+01, 3.661288E-01, 5.682257E+00,NULL,NULL,1,mc_qqps,53
-21041,1646,20228,2131,94C2, 9.125000E+01,44,16,60,44,16,-8.975059E+00, 1.989344E+01,-1.905020E+00, 7.538010E+01, 7.435901E+01, 1.689978E+00,-5.539968E+00, 6.857875E+00,-2.393356E-01, 1.010344E+02, 5.774503E+01, 2.177304E+01, 1.647482E+00,20, 1.396238E+01,0, 0.000000E+00,0, 0.000000E+00,12, 2.059215E+01, 3.326235E-01, 6.406737E+00,NULL,NULL,1,mc_qqps,53
-21041,1647,20228,2148,94C2, 9.125000E+01,26,16,42,26,16,-1.567849E+01,-1.051266E+01, 1.385568E+01, 8.898010E+01, 8.870266E+01, 3.411641E+00,-1.962902E+01,-3.807776E+00, 2.794971E+01, 1.220276E+02, 5.681662E+01, 2.585591E+01, 5.306120E+00,6, 0.000000E+00,12, 0.000000E+00,0, 0.000000E+00,6, 7.291468E+00, 6.509801E-01, 1.808640E+00,NULL,NULL,1,mc_qqps,53
-21041,1648,20228,2202,94C2, 9.125000E+01,26,22,48,26,22,-1.200543E+00, 6.691536E-01,-4.683665E-01, 4.922812E+01, 4.877036E+01, 1.875783E+00, 2.420942E+00, 1.649811E+00, 2.381544E+00, 8.117788E+01, 4.072435E+01, 2.478476E+01, 7.299529E-01,23, 1.052909E+00,0, 0.000000E+00,0, 0.000000E+00,19, 2.959545E+01, 3.557025E-01, 5.785826E+00,NULL,NULL,1,mc_qqps,53
-21041,1649,20228,2215,94C2, 9.125000E+01,38,13,51,38,13, 6.746035E+00, 3.338693E+00, 2.367855E+00, 5.017719E+01, 4.929591E+01, 1.297261E+00, 9.776652E+00, 2.968658E+00,-4.702383E+00, 9.050298E+01, 3.000602E+01, 1.460645E+01, 1.925549E+01,11, 2.431001E-01,2, 0.000000E+00,0, 0.000000E+00,6, 1.201527E+01, 5.460483E-01, 4.888317E+00,NULL,NULL,1,mc_qqps,53
-21041,1650,20228,2236,94C2, 9.125000E+01,41,18,59,41,18, 4.294853E+00, 6.481532E+00,-2.043406E+00, 5.724447E+01, 5.639781E+01, 1.375556E+00,-4.605592E+00,-3.241638E+00,-1.492397E+00, 9.672763E+01, 5.382978E+01, 1.712887E+01, 1.982378E+01,21, 1.240732E+01,0, 0.000000E+00,0, 0.000000E+00,9, 1.534261E+01, 6.843392E-01, 4.075302E+00,NULL,NULL,1,mc_qqps,53
-21041,1651,20228,2251,94C2, 9.125000E+01,31,13,44,31,13,-9.346427E+00, 2.034742E+01, 1.809740E+01, 5.833020E+01, 5.771374E+01, 1.861733E+00,-5.184958E+00, 1.213851E+01, 1.332893E+01, 9.378532E+01, 5.156709E+01, 2.653437E+01, 8.967655E-01,12, 8.509008E-02,0, 0.000000E+00,0, 0.000000E+00,9, 2.647597E+01, 6.865979E-01, 9.639215E+00,NULL,NULL,1,mc_qqps,53
-21041,1652,20228,2311,94C2, 9.125000E+01,68,18,86,68,18, 5.297377E+00,-6.816372E-01,-1.299283E+01, 7.889066E+01, 7.689353E+01, 1.130787E+00, 5.586593E+00,-7.761651E-01,-7.922168E+00, 1.171644E+02, 4.623544E+01, 2.119682E+01, 1.708442E+01,2, 0.000000E+00,16, 1.057182E+01,0, 0.000000E+00,1, 7.396132E-01, 7.396132E-01, 7.396132E-01,1, 0.000000E+00,1,mc_qqps,53
-21041,1653,20228,2335,94C2, 9.125000E+01,12,7,19,12,7, 1.226001E+00,-1.458205E+01,-9.277147E+00, 3.454398E+01, 3.433308E+01, 2.861090E+00, 3.122083E+00,-1.459264E+01,-1.124371E+01, 7.640417E+01, 3.344914E+01, 1.277860E+01, 2.927105E+01,5, 4.684439E-02,1, 0.000000E+00,0, 0.000000E+00,4, 1.277705E+01, 8.018739E-01, 5.877730E+00,NULL,NULL,1,mc_qqps,53
-21041,1654,20228,2346,94C2, 9.125000E+01,20,4,24,20,4,-9.593714E-01,-4.319443E-01, 6.559496E-01, 4.653119E+01, 4.611689E+01, 2.305845E+00,-8.006067E-01, 8.875192E-01, 1.282761E+00, 5.401473E+01, 4.473787E+01, 0.000000E+00, 2.768491E+00,6, 7.139185E-01,0, 0.000000E+00,0, 0.000000E+00,2, 4.715048E+00, 1.077651E+00, 3.637397E+00,NULL,NULL,1,mc_qqps,53
-21041,1655,20228,2359,94C2, 9.125000E+01,56,20,76,56,20,-4.091506E+00, 9.847407E-01, 5.936807E+00, 6.398158E+01, 6.280606E+01, 1.121537E+00,-9.001631E+00, 4.538755E+00, 1.123975E+01, 8.610624E+01, 5.806360E+01, 1.533410E+01, 3.709831E+00,23, 2.772123E+00,4, 0.000000E+00,0, 0.000000E+00,13, 1.178158E+01, 4.538629E-01, 2.630044E+00,NULL,NULL,1,mc_qqps,53
-21041,1656,20228,2420,94C2, 9.125000E+01,21,8,29,21,8,-5.608895E+00,-9.716631E+00,-1.389345E+01, 5.955923E+01, 5.940475E+01, 2.828798E+00,-1.702920E+00,-2.185769E-01, 1.574341E+00, 8.376451E+01, 5.956152E+01, 1.375429E+01, 1.055846E+01,7, 8.291496E-01,2, 0.000000E+00,0, 0.000000E+00,4, 7.127831E+00, 1.345625E+00, 2.651137E+00,NULL,NULL,1,mc_qqps,53
-21041,1657,20228,2439,94C2, 9.125000E+01,36,10,46,36,10, 9.790635E-02, 1.230255E+00,-2.158490E+00, 8.328909E+01, 8.276168E+01, 2.298936E+00, 1.375462E-01,-8.420804E-01,-1.372754E+00, 9.397491E+01, 7.199396E+01, 7.979613E+00, 1.615482E+00,19, 6.018214E+00,1, 3.781629E-01,0, 0.000000E+00,9, 9.147417E+00, 5.562405E-01, 1.600717E+00,NULL,NULL,1,mc_qqps,53
-21041,1658,20228,2452,94C2, 9.125000E+01,9,7,16,9,7, 4.530827E+00, 1.211234E+01, 1.298358E+00, 3.445335E+01, 3.436403E+01, 3.818225E+00, 3.172111E+00, 1.576571E+00,-6.210577E-01, 6.066481E+01, 3.304440E+01, 1.332132E+01, 1.289013E+01,9, 2.718296E+00,0, 0.000000E+00,0, 0.000000E+00,6, 1.332132E+01, 7.842650E-01, 5.079962E+00,NULL,NULL,1,mc_qqps,53
-21041,1659,20228,2503,94C2, 9.125000E+01,9,13,22,9,13,-6.473799E+00,-3.713394E+00,-4.226521E+00, 7.235439E+01, 7.228935E+01, 8.032150E+00,-2.330231E+00, 2.074703E+00,-9.306033E-01, 9.739333E+01, 7.234892E+01, 1.831157E+01, 3.864637E+00,13, 1.449136E+01,1, 0.000000E+00,0, 0.000000E+00,10, 2.047837E+01, 5.294576E-01, 3.863473E+00,NULL,NULL,1,mc_qqps,53
-21041,1660,20228,2516,94C2, 9.125000E+01,54,19,73,54,19,-3.498571E+00, 1.226964E+01, 4.764059E+00, 5.916164E+01, 5.778129E+01, 1.070024E+00,-1.423068E+00, 1.558478E+01, 6.471935E+00, 7.979751E+01, 5.223876E+01, 1.680256E+01, 3.064427E+00,19, 1.314837E-01,0, 0.000000E+00,0, 0.000000E+00,12, 1.437025E+01, 4.519564E-01, 2.814699E+00,NULL,NULL,1,mc_qqps,53
-21041,1661,20228,2538,94C2, 9.125000E+01,35,20,55,35,20,-5.540645E-01, 7.279065E-01,-2.733887E+00, 4.772277E+01, 4.693586E+01, 1.341025E+00, 8.889336E+00, 4.618272E+00,-1.031954E+01, 8.701665E+01, 4.506229E+01, 3.292704E+01, 5.868239E+00,11, 1.124722E-01,3, 0.000000E+00,0, 0.000000E+00,9, 2.929682E+01, 5.278458E-01, 1.750188E+01,NULL,NULL,1,mc_qqps,53
-21041,1662,20228,2558,94C2, 9.125000E+01,23,15,38,23,15, 9.128768E-01, 3.857313E-01, 2.169229E+00, 6.327174E+01, 6.294893E+01, 2.736910E+00, 9.525493E+00, 1.990189E+00, 5.850867E+00, 8.139489E+01, 6.124220E+01, 1.619010E+01, 5.099353E-01,16, 1.518875E+01,2, 0.000000E+00,0, 0.000000E+00,10, 1.567098E+01, 6.106222E-01, 5.558364E+00,NULL,NULL,1,mc_qqps,53
-21041,1663,20228,2611,94C2, 9.125000E+01,25,9,34,25,9, 1.216138E+01,-2.982368E+00, 1.618052E+01, 6.247496E+01, 6.196539E+01, 2.478616E+00, 1.086848E+01,-3.028017E+00, 1.475513E+01, 7.136868E+01, 5.166912E+01, 8.720110E+00, 1.736111E-01,2, 9.381988E-02,11, 5.527332E+00,0, 0.000000E+00,1, 1.016548E+00, 1.016548E+00, 1.016548E+00,NULL,NULL,1,mc_qqps,53
-21041,1664,20228,2625,94C2, 9.125000E+01,41,17,58,41,17, 2.128928E+00, 8.208197E+00, 5.469269E+00, 7.061314E+01, 7.001282E+01, 1.707630E+00, 2.460745E-02, 3.855974E+00, 6.177871E-01, 8.735857E+01, 5.975563E+01, 1.271047E+01, 4.376934E+00,7, 2.832261E-01,11, 0.000000E+00,0, 0.000000E+00,2, 1.902246E+00, 6.691119E-01, 1.233134E+00,NULL,NULL,1,mc_qqps,53
-21041,1665,20228,2644,94C2, 9.125000E+01,18,20,38,18,20,-4.220840E+00, 3.927827E+00,-2.172045E-01, 3.451777E+01, 3.426029E+01, 1.903349E+00, 5.608678E+00, 1.375550E+00,-1.514058E+01, 8.828390E+01, 1.877645E+01, 1.983180E+01, 3.314077E+01,8, 3.799801E+00,14, 3.716534E+00,0, 0.000000E+00,4, 4.247352E+00, 7.476912E-01, 1.513788E+00,NULL,NULL,1,mc_qqps,53
-21041,1666,20228,2656,94C2, 9.125000E+01,31,18,49,31,18,-1.640597E+00,-4.698649E-01, 1.334992E+00, 6.473059E+01, 6.419033E+01, 2.070656E+00, 1.118062E+00,-1.666617E+00,-1.668120E+00, 7.920838E+01, 5.734466E+01, 1.154845E+01, 1.866050E+00,3, 0.000000E+00,14, 4.624364E+00,0, 0.000000E+00,3, 2.608440E+00, 6.046396E-01, 1.063283E+00,3, 0.000000E+00,1,mc_qqps,53
-21041,1667,20228,2711,94C2, 9.125000E+01,17,10,27,17,10,-6.667736E+00, 8.772836E+00,-1.531141E+00, 6.686852E+01, 6.662763E+01, 3.919272E+00,-9.002976E+00, 1.167564E+01,-2.100901E+00, 8.980232E+01, 6.629882E+01, 1.371060E+01, 7.361579E+00,15, 1.392202E+01,0, 0.000000E+00,0, 0.000000E+00,7, 1.564352E+01, 3.665352E-01, 8.498390E+00,NULL,NULL,1,mc_qqps,53
-21041,1668,20228,2724,94C2, 9.125000E+01,38,12,50,38,12, 1.873802E+01, 2.024786E+01,-5.044128E+01, 1.310476E+02, 1.303249E+02, 3.429603E+00, 1.635768E+01, 1.828915E+01,-4.759908E+01, 1.432433E+02, 7.557314E+01, 5.418416E+00, 5.875416E+00,1, 0.000000E+00,9, 1.259206E+00,0, 0.000000E+00,1, 9.018315E-01, 9.018315E-01, 9.018315E-01,NULL,NULL,1,mc_qqps,53
-21041,1669,20228,2743,94C2, 9.125000E+01,42,13,55,42,13, 2.476737E+00, 1.603819E+01,-3.321762E+00, 5.290612E+01, 5.189815E+01, 1.235670E+00,-1.436991E+00,-5.673382E+00, 3.070970E+00, 8.132008E+01, 4.728033E+01, 2.784231E+01, 5.716564E-01,19, 1.317328E+00,0, 0.000000E+00,0, 0.000000E+00,10, 2.522326E+01, 8.113016E-01, 6.175449E+00,NULL,NULL,1,mc_qqps,53
-21041,1670,20228,2759,94C2, 9.125000E+01,26,16,42,26,16, 1.055732E+01,-3.374214E+00,-5.914038E+01, 7.067734E+01, 7.032751E+01, 2.704904E+00, 6.812422E+00,-1.243402E+00,-4.670902E+01, 1.001450E+02, 1.503730E+01, 1.493496E+01, 1.453273E+01,0, 0.000000E+00,17, 1.032572E+01,0, 0.000000E+00,NULL,NULL,NULL,NULL,1, 0.000000E+00,1,mc_qqps,53
-21041,1671,20228,2813,94C2, 9.125000E+01,42,17,59,42,17, 2.054185E+00,-5.227136E+00, 9.560177E+00, 5.443192E+01, 5.342961E+01, 1.272134E+00, 3.681691E+00,-6.188645E+00, 1.003561E+01, 7.285864E+01, 4.019192E+01, 1.410013E+01, 0.000000E+00,12, 3.058676E-01,5, 0.000000E+00,0, 0.000000E+00,10, 1.316849E+01, 5.193070E-01, 3.673772E+00,NULL,NULL,1,mc_qqps,53
-21041,1672,20228,2833,94C2, 9.125000E+01,28,22,50,28,22, 7.746544E+00,-8.347120E+00,-1.461073E+01, 5.325988E+01, 5.280262E+01, 1.885808E+00, 5.532817E+00,-6.037692E+00,-5.463379E+00, 8.800592E+01, 3.525298E+01, 2.898239E+01, 5.763642E+00,1, 0.000000E+00,16, 2.080679E+00,0, 0.000000E+00,NULL,NULL,NULL,NULL,3, 0.000000E+00,1,mc_qqps,53
-21041,1673,20228,2852,94C2, 9.125000E+01,44,14,58,44,14,-4.127468E+00,-7.553352E-01, 3.560538E+00, 4.732407E+01, 4.630986E+01, 1.052497E+00,-2.800194E+00,-4.538211E-01, 1.272185E+00, 7.125934E+01, 3.742442E+01, 6.344385E+00, 1.560285E+01,16, 5.145226E+00,0, 0.000000E+00,0, 0.000000E+00,8, 8.332414E+00, 6.139241E-01, 2.460887E+00,NULL,NULL,1,mc_qqps,53
-21041,1674,20228,2911,94C2, 9.125000E+01,28,16,44,28,16,-5.987093E+00, 1.064668E+01,-4.029737E+01, 5.407818E+01, 5.331310E+01, 1.904039E+00,-5.995933E+00, 9.192359E+00,-3.302659E+01, 8.069498E+01, 3.064276E+01, 2.168635E+01, 4.930448E+00,3, 0.000000E+00,9, 0.000000E+00,0, 0.000000E+00,2, 1.462948E+00, 4.395050E-01, 1.023443E+00,1, 0.000000E+00,1,mc_qqps,53
-21041,1675,20228,2924,94C2, 9.125000E+01,35,19,54,35,19, 3.112116E+00, 2.209905E+00, 3.150643E+00, 5.360220E+01, 5.296375E+01, 1.513250E+00, 8.623115E+00, 9.023815E+00, 1.167344E+01, 9.344065E+01, 4.687891E+01, 1.936741E+01, 1.576011E+01,16, 3.274417E-01,0, 0.000000E+00,0, 0.000000E+00,14, 2.263634E+01, 5.429226E-01, 3.807410E+00,NULL,NULL,1,mc_qqps,53
-21041,1676,20228,2943,94C2, 9.125000E+01,35,13,48,35,13, 9.280165E+00, 5.987772E+00,-7.520520E-01, 6.765469E+01, 6.697308E+01, 1.913517E+00, 2.805335E+00, 3.117825E+00,-4.806882E-01, 9.279883E+01, 6.360802E+01, 2.191940E+01, 2.660102E+00,17, 6.979462E+00,0, 0.000000E+00,0, 0.000000E+00,10, 2.103762E+01, 6.111495E-01, 5.705110E+00,NULL,NULL,1,mc_qqps,53
-21041,1677,20228,2958,94C2, 9.125000E+01,31,9,40,31,9,-1.663187E+01,-1.071969E+01, 7.082994E+00, 5.084975E+01, 5.019034E+01, 1.619043E+00,-2.421415E+01,-1.573207E+01, 1.192420E+01, 6.619881E+01, 4.652324E+01, 8.200063E+00, 1.521220E+00,14, 7.617176E-01,0, 0.000000E+00,0, 0.000000E+00,7, 1.355308E+01, 7.007864E-01, 5.627775E+00,NULL,NULL,1,mc_qqps,53
-21041,1678,20228,3014,94C2, 9.125000E+01,39,12,51,39,12,-1.077927E+01, 1.239511E+00,-1.914459E+00, 7.737675E+01, 7.619337E+01, 1.953676E+00, 8.041731E-01, 1.030352E-01, 2.073523E+00, 1.149688E+02, 3.144441E+01, 1.767342E+01, 2.023226E+01,16, 1.817746E+00,1, 0.000000E+00,0, 0.000000E+00,9, 1.767342E+01, 3.577852E-01, 5.467694E+00,NULL,NULL,1,mc_qqps,53
-21041,1679,20228,3031,94C2, 9.125000E+01,26,18,44,26,18,-8.547344E+00, 6.279722E+00, 6.100431E+00, 3.859707E+01, 3.817676E+01, 1.468337E+00,-2.402757E+00, 9.438276E-02, 1.756089E+00, 6.529839E+01, 3.345746E+01, 1.748077E+01, 1.756318E+00,10, 7.530783E-02,10, 0.000000E+00,0, 0.000000E+00,7, 1.299171E+01, 4.337144E-01, 7.464213E+00,NULL,NULL,1,mc_qqps,53
-21041,1680,20228,3046,94C2, 9.125000E+01,27,14,41,27,14, 1.988643E+00, 2.456102E+00, 1.164211E+00, 2.806474E+01, 2.756052E+01, 1.020760E+00, 1.986119E+00, 1.501803E+00, 5.450236E+00, 4.407086E+01, 1.215730E+01, 1.160913E+01, 4.396998E+00,0, 0.000000E+00,10, 0.000000E+00,0, 0.000000E+00,NULL,NULL,NULL,NULL,5, 0.000000E+00,1,mc_qqps,53
-21041,1681,20228,3107,94C2, 9.125000E+01,24,17,41,24,17,-6.402835E+00,-2.041869E+00,-4.871984E+00, 6.770780E+01, 6.741592E+01, 2.808997E+00, 2.645017E+00,-1.696145E+00,-1.351651E+00, 1.006486E+02, 6.595864E+01, 2.918431E+01, 3.756460E+00,13, 2.271432E+01,4, 0.000000E+00,0, 0.000000E+00,8, 1.624997E+01, 6.635356E-01, 5.898194E+00,NULL,NULL,1,mc_qqps,53
-21041,1682,20228,3120,94C2, 9.125000E+01,33,10,43,33,10,-5.409823E-01, 2.589788E+00, 2.454958E+00, 5.925534E+01, 5.876699E+01, 1.780818E+00,-1.753957E+00,-3.091094E+00, 1.658874E-01, 7.354576E+01, 5.348545E+01, 1.331615E+01, 1.654767E-01,17, 1.631879E+00,0, 0.000000E+00,0, 0.000000E+00,9, 1.412496E+01, 6.106886E-01, 3.477891E+00,NULL,NULL,1,mc_qqps,53
-21041,1683,20228,3133,94C2, 9.125000E+01,34,22,56,34,22, 1.807790E+00,-3.978216E+00,-7.235950E+00, 6.007203E+01, 5.955667E+01, 1.751667E+00, 2.858634E+00,-7.986813E+00,-1.474663E+01, 9.008824E+01, 4.787790E+01, 1.528813E+01, 1.425846E+01,4, 3.223092E+00,14, 9.331567E-01,0, 0.000000E+00,3, 2.920917E+00, 4.696090E-01, 1.364539E+00,NULL,NULL,1,mc_qqps,53
-21041,1684,20228,3152,94C2, 9.125000E+01,21,17,38,21,17, 1.551035E+01,-1.610681E+01, 1.632926E+01, 3.125857E+01, 3.083947E+01, 1.468546E+00, 2.318218E+00,-2.463122E+00, 2.925199E+00, 8.333615E+01, 2.921644E+01, 4.739008E+01, 4.295050E+00,18, 9.362530E+00,1, 0.000000E+00,0, 0.000000E+00,14, 3.907759E+01, 3.924663E-01, 9.190991E+00,NULL,NULL,1,mc_qqps,53
-21041,1685,20228,3204,94C2, 9.125000E+01,26,20,46,26,20, 1.428543E+00, 2.141615E+00,-2.168995E+00, 5.121975E+01, 5.080068E+01, 1.953872E+00, 3.328456E+00, 4.382381E+00, 2.746766E+00, 8.136458E+01, 3.072164E+01, 2.982688E+01, 3.179486E-01,6, 3.047032E-01,14, 1.204904E+00,0, 0.000000E+00,5, 1.170311E+01, 5.269144E-01, 5.053152E+00,NULL,NULL,1,mc_qqps,53
-21041,1686,20228,3222,94C2, 9.125000E+01,20,15,35,20,15, 1.314368E+00,-7.021418E-01,-3.165125E-01, 3.819419E+01, 3.772738E+01, 1.886369E+00, 5.721112E+00, 1.394507E+01,-1.090324E+01, 8.490150E+01, 3.693134E+01, 4.539231E+01, 6.368380E-01,11, 2.438055E+00,1, 0.000000E+00,0, 0.000000E+00,9, 4.373986E+01, 2.865204E-01, 1.844551E+01,NULL,NULL,1,mc_qqps,53
-21041,1687,20228,3235,94C2, 9.125000E+01,22,6,28,22,6, 1.170452E+01,-1.241922E+01, 4.485608E+00, 6.122736E+01, 6.086700E+01, 2.766682E+00, 5.131143E+00,-4.408163E+00, 1.815302E+00, 8.919636E+01, 5.149338E+01, 6.518999E+00, 1.733161E+01,11, 8.891573E+00,0, 0.000000E+00,0, 0.000000E+00,4, 1.036860E+01, 5.872376E-01, 4.118386E+00,NULL,NULL,1,mc_qqps,53
-21041,1688,20228,3248,94C2, 9.125000E+01,48,18,66,48,18,-6.574636E+00,-3.695709E+00, 6.218668E+00, 4.840108E+01, 4.672939E+01, 9.735289E-01,-5.267082E+00, 7.892240E-01, 6.504140E+00, 7.103304E+01, 3.956658E+01, 1.905769E+01, 1.909111E+00,22, 7.221792E+00,1, 0.000000E+00,0, 0.000000E+00,14, 1.871831E+01, 5.413649E-01, 3.397931E+00,NULL,NULL,1,mc_qqps,53
-21041,1689,20228,3305,94C2, 9.125000E+01,47,18,65,47,18,-3.859852E+00, 2.545669E+00, 2.015371E+00, 8.314905E+01, 8.253065E+01, 1.755971E+00,-2.907158E+00, 2.092762E+00, 2.890171E+00, 1.042187E+02, 7.261900E+01, 1.202412E+01, 6.822968E+00,20, 2.767089E+00,1, 0.000000E+00,0, 0.000000E+00,11, 1.238675E+01, 4.719840E-01, 2.355882E+00,NULL,NULL,1,mc_qqps,53
-21041,1690,20228,3322,94C2, 9.125000E+01,62,21,83,62,21,-1.292738E+01, 2.598943E+00, 1.603854E+01, 8.008759E+01, 7.786112E+01, 1.255825E+00,-8.774503E+00,-2.089062E+00, 3.306056E+00, 1.099127E+02, 5.872016E+01, 1.911289E+01, 8.480298E+00,8, 2.352021E+00,16, 2.812049E+00,0, 0.000000E+00,6, 7.312022E+00, 3.345916E-01, 2.406645E+00,1, 0.000000E+00,1,mc_qqps,53
-21041,1691,20228,3343,94C2, 9.125000E+01,37,28,65,37,28, 5.583976E+00,-6.882477E+00,-1.557387E+00, 4.822340E+01, 4.743678E+01, 1.282075E+00, 7.081190E+00,-1.246061E+00, 3.497974E+00, 9.331087E+01, 4.393732E+01, 2.950100E+01, 8.747495E-01,26, 9.520867E-01,0, 0.000000E+00,0, 0.000000E+00,22, 3.959157E+01, 4.363297E-01, 9.124323E+00,NULL,NULL,1,mc_qqps,53
-21041,1692,20228,3401,94C2, 9.125000E+01,18,11,29,18,11, 6.872278E+00,-9.498292E+00,-1.656849E+01, 5.763694E+01, 5.730388E+01, 3.183549E+00, 5.574179E+00,-8.322473E+00,-1.425940E+01, 6.516740E+01, 5.484476E+01, 5.923496E+00, 6.807874E-01,3, 0.000000E+00,10, 9.972927E+00,0, 0.000000E+00,3, 2.587259E+00, 7.103191E-01, 9.507530E-01,NULL,NULL,1,mc_qqps,53
-21041,1693,20228,3418,94C2, 9.125000E+01,20,9,29,20,9, 3.424532E+00, 7.296591E+00, 5.373644E+00, 6.767204E+01, 6.743225E+01, 3.371613E+00,-5.427146E-01, 2.088274E+00,-1.455049E+00, 8.126974E+01, 6.691680E+01, 1.221333E+01, 1.384371E+00,7, 0.000000E+00,0, 0.000000E+00,0, 0.000000E+00,5, 1.221333E+01, 8.411165E-01, 5.411104E+00,NULL,NULL,1,mc_qqps,53
-21041,1694,20228,3430,94C2, 9.125000E+01,20,16,36,20,16, 5.459442E+00, 1.504214E+00, 2.903770E-01, 3.835255E+01, 3.804267E+01, 1.902134E+00, 2.813632E+00,-1.262632E+00,-2.143080E-01, 1.008475E+02, 3.439919E+01, 4.521613E+01, 1.730930E+01,16, 2.619793E+00,0, 0.000000E+00,0, 0.000000E+00,11, 4.416935E+01, 6.005872E-01, 1.837059E+01,NULL,NULL,1,mc_qqps,53
-21041,1695,20228,3443,94C2, 9.125000E+01,41,20,61,41,20,-4.527404E+00, 6.419037E+00, 1.011962E+01, 7.101811E+01, 7.017911E+01, 1.711686E+00,-2.340469E+00, 2.970750E+00, 5.937670E+00, 9.954714E+01, 6.530637E+01, 2.631943E+01, 4.743896E-01,17, 4.804593E+00,8, 0.000000E+00,0, 0.000000E+00,9, 1.721734E+01, 7.493271E-01, 6.021194E+00,NULL,NULL,1,mc_qqps,53
-21041,1696,20228,3501,94C2, 9.125000E+01,12,11,23,12,11, 2.794636E-02,-7.827312E-02,-3.291751E+00, 6.777321E+00, 6.317082E+00, 5.264235E-01, 6.389355E-01,-6.629704E-01,-6.177077E-01, 2.329616E+01, 1.072982E+00, 1.542743E+01, 1.091402E+00,0, 0.000000E+00,5, 2.243480E-01,0, 0.000000E+00,NULL,NULL,NULL,NULL,5, 0.000000E+00,0,mc_qqps,53
-21041,1697,20228,3519,94C2, 9.125000E+01,22,13,35,22,13, 5.735709E+00, 9.090631E+00, 5.744802E+00, 4.080368E+01, 4.051316E+01, 1.841507E+00,-1.076776E+01,-1.158965E+01,-5.392551E+00, 9.360715E+01, 3.795432E+01, 1.773196E+01, 3.398925E+01,13, 8.806288E+00,0, 0.000000E+00,0, 0.000000E+00,8, 1.516255E+01, 7.167977E-01, 4.923618E+00,NULL,NULL,1,mc_qqps,53
-21041,1698,20228,3536,94C2, 9.125000E+01,33,24,57,33,24, 4.854061E+00,-5.697721E-01,-5.655664E+00, 6.056423E+01, 6.007753E+01, 1.820531E+00,-2.323749E+00,-4.853463E+00,-3.155148E+00, 9.729685E+01, 5.353842E+01, 2.179224E+01, 5.284472E+00,27, 3.341951E+00,0, 0.000000E+00,0, 0.000000E+00,19, 2.968142E+01, 5.147763E-01, 6.326296E+00,NULL,NULL,1,mc_qqps,53
-21041,1699,20228,3550,94C2, 9.125000E+01,23,13,36,23,13, 4.382432E+00, 7.563319E-01, 6.738093E+00, 7.892192E+01, 7.857602E+01, 3.416349E+00,-2.191494E+00,-1.566360E+00,-2.187547E+00, 9.923551E+01, 7.252454E+01, 6.714534E+00, 1.320324E+01,2, 0.000000E+00,6, 0.000000E+00,0, 0.000000E+00,2, 1.072169E+00, 4.068623E-01, 6.653069E-01,NULL,NULL,1,mc_qqps,53
-21041,1700,20228,3604,94C2, 9.125000E+01,27,10,37,27,10, 1.333190E+01,-1.507889E+01, 1.528685E+01, 6.579421E+01, 6.520683E+01, 2.415068E+00, 1.010912E+01,-1.021311E+01, 1.189535E+01, 9.524594E+01, 6.101578E+01, 2.420167E+01, 3.395256E+00,15, 1.003565E+01,0, 0.000000E+00,0, 0.000000E+00,8, 2.605647E+01, 7.372710E-01, 8.227019E+00,NULL,NULL,1,mc_qqps,53
-21041,1701,20228,3619,94C2, 9.125000E+01,47,13,60,47,13, 2.735307E+00, 4.602721E+00,-1.199963E+01, 6.824945E+01, 6.753816E+01, 1.436982E+00,-6.262004E-02, 7.374737E-01,-4.341878E+00, 8.239393E+01, 6.202299E+01, 1.224089E+01, 1.903592E+00,5, 8.966597E-02,9, 3.946393E+00,0, 0.000000E+00,1, 4.014287E-01, 4.014287E-01, 4.014287E-01,NULL,NULL,1,mc_qqps,53
-21041,1702,20228,3639,94C2, 9.125000E+01,19,11,30,19,11,-3.573301E-01, 8.979973E+00, 7.259954E+00, 7.147425E+01, 7.107572E+01, 3.740828E+00,-1.580994E+00, 9.336372E+00, 7.156829E+00, 1.010034E+02, 5.423326E+01, 1.898352E+01, 1.055747E+01,12, 5.112552E+00,1, 0.000000E+00,0, 0.000000E+00,8, 1.710777E+01, 4.255206E-01, 6.930185E+00,NULL,NULL,1,mc_qqps,53
-21041,1703,20228,3652,94C2, 9.125000E+01,35,16,51,35,16, 3.918429E+00,-2.026888E+01,-2.350654E+00, 6.641726E+01, 6.585454E+01, 1.881558E+00, 3.898324E+00,-2.266279E+01,-2.359222E+00, 9.623952E+01, 6.050525E+01, 2.742608E+01, 7.675489E-01,18, 6.225647E+00,2, 0.000000E+00,0, 0.000000E+00,10, 2.183092E+01, 6.601249E-01, 4.575609E+00,NULL,NULL,1,mc_qqps,53
-21041,1704,20228,3708,94C2, 9.125000E+01,31,25,56,31,25, 4.046513E+00,-6.176142E+00, 4.518277E+01, 1.072298E+02, 1.067186E+02, 3.442536E+00, 4.565434E+00,-8.377183E+00, 5.190763E+01, 1.336446E+02, 3.446768E+01, 2.641480E+01, 0.000000E+00,5, 0.000000E+00,25, 1.216869E+01,0, 0.000000E+00,5, 3.585972E+00, 5.026417E-01, 9.389603E-01,1, 0.000000E+00,1,mc_qqps,53
-21041,1705,20228,3724,94C2, 9.125000E+01,35,17,52,35,17,-1.413354E+00, 6.508537E+00,-2.734974E-01, 6.810015E+01, 6.731325E+01, 1.923236E+00,-1.018124E+00,-1.346142E+01,-7.595001E-01, 9.381147E+01, 6.209153E+01, 1.397979E+01, 1.109690E+01,19, 9.455143E-01,0, 0.000000E+00,0, 0.000000E+00,11, 1.484821E+01, 4.214399E-01, 3.532198E+00,NULL,NULL,1,mc_qqps,53
-21041,1706,20228,3742,94C2, 9.125000E+01,25,17,42,25,17, 3.220686E+00, 8.097589E-01, 1.318984E+01, 3.455305E+01, 3.405275E+01, 1.362110E+00, 2.333113E+00, 1.007862E+00, 1.835175E+01, 5.245627E+01, 8.057635E+00, 1.091723E+01, 6.985977E+00,1, 0.000000E+00,19, 1.638992E+01,0, 0.000000E+00,1, 2.182113E+00, 2.182113E+00, 2.182113E+00,1, 0.000000E+00,0,mc_qqps,53
-21041,1707,20228,3754,94C2, 9.125000E+01,32,15,47,32,15,-4.607622E+00, 2.989768E+00, 4.006971E+00, 2.749799E+01, 2.646600E+01, 8.270625E-01,-4.038318E+00, 5.525103E+00, 9.491204E+00, 5.338466E+01, 2.118537E+01, 1.966850E+01, 6.219826E+00,2, 0.000000E+00,6, 0.000000E+00,0, 0.000000E+00,1, 5.550446E+00, 5.550446E+00, 5.550446E+00,5, 0.000000E+00,1,mc_qqps,53
-21041,1708,20228,3813,94C2, 9.125000E+01,23,11,34,23,11, 5.726051E+00, 1.359990E+01,-4.106939E+01, 7.032121E+01, 6.939007E+01, 3.016959E+00, 3.721397E+00, 6.011418E+00,-1.840079E+01, 1.170918E+02, 6.023313E+01, 6.159821E+00, 4.061078E+01,0, 0.000000E+00,10, 1.648467E+01,0, 0.000000E+00,NULL,NULL,NULL,NULL,1, 0.000000E+00,1,mc_qqps,53
-21041,1709,20228,3828,94C2, 9.125000E+01,24,6,30,24,6,-3.204902E-01, 1.062221E+00, 9.622279E+00, 9.370411E+01, 9.330537E+01, 3.887724E+00,-1.543577E+00,-1.281059E+00, 5.551764E+00, 1.054953E+02, 6.356225E+01, 1.153796E+01, 2.532453E-01,0, 0.000000E+00,10, 1.628483E+00,0, 0.000000E+00,NULL,NULL,NULL,NULL,NULL,NULL,1,mc_qqps,53
-21041,1710,20228,3842,94C2, 9.125000E+01,15,12,27,15,12,-2.476813E+01,-7.148416E+00,-1.751388E+01, 5.247559E+01, 5.234421E+01, 3.489614E+00,-2.291060E+01,-7.885057E+00,-1.711948E+01, 7.020107E+01, 5.226684E+01, 6.965246E+00, 5.625548E+00,14, 4.272610E+00,1, 0.000000E+00,0, 0.000000E+00,9, 9.097531E+00, 5.362469E-01, 1.698585E+00,NULL,NULL,1,mc_qqps,53
-21041,1711,20228,3850,94C2, 9.125000E+01,28,16,44,28,16,-4.893703E-01,-1.348721E+01,-3.777378E+01, 1.171597E+02, 1.167313E+02, 4.168973E+00,-5.286076E-01,-1.246518E+01,-3.392934E+01, 1.406172E+02, 3.510252E+01, 2.094023E+01, 2.517257E+00,1, 0.000000E+00,20, 6.700296E+00,0, 0.000000E+00,1, 8.269827E-01, 8.269827E-01, 8.269827E-01,2, 0.000000E+00,1,mc_qqps,53
-21041,1712,20228,3911,94C2, 9.125000E+01,33,12,45,33,12,-5.282889E+00, 5.699863E+00, 5.623533E+00, 3.979400E+01, 3.920591E+01, 1.188058E+00, 1.195454E+00,-3.024854E+00,-3.436737E+00, 8.255076E+01, 2.854086E+01, 3.084391E+01, 6.694535E+00,11, 1.732575E+00,0, 0.000000E+00,0, 0.000000E+00,8, 3.517094E+01, 6.155308E-01, 1.103027E+01,NULL,NULL,1,mc_qqps,53
-21041,1713,20228,3932,94C2, 9.125000E+01,22,25,47,22,25, 1.634178E+01,-8.678864E+00,-6.267133E+01, 8.042699E+01, 8.002186E+01, 3.637357E+00, 1.308721E+01,-1.098527E+01,-4.987399E+01, 1.269073E+02, 1.136494E+01, 2.753252E+01, 1.894776E+01,0, 0.000000E+00,25, 8.706063E+00,0, 0.000000E+00,NULL,NULL,NULL,NULL,4, 0.000000E+00,1,mc_qqps,53
-21041,1714,20228,3952,94C2, 9.125000E+01,30,10,40,30,10, 5.408361E+00,-1.844679E+01, 2.336708E+01, 6.058371E+01, 6.007775E+01, 2.002592E+00, 7.998745E+00,-2.653573E+01, 3.494437E+01, 8.927267E+01, 5.602314E+01, 2.594846E+01, 2.740509E+00,2, 0.000000E+00,9, 1.283777E+00,0, 0.000000E+00,1, 1.534232E+00, 1.534232E+00, 1.534232E+00,NULL,NULL,1,mc_qqps,53
-21041,1715,20228,4011,94C2, 9.125000E+01,33,6,39,33,6,-1.512202E+00, 1.364228E+00,-2.886300E+00, 5.233468E+01, 5.141766E+01, 1.558111E+00,-7.607247E+00,-1.454910E+00,-1.512789E+00, 6.693195E+01, 4.099162E+01, 2.198903E+00, 2.712372E+00,10, 2.250884E+01,0, 0.000000E+00,0, 0.000000E+00,5, 1.188490E+01, 5.933861E-01, 7.618003E+00,NULL,NULL,1,mc_qqps,53
-21041,1716,20228,4023,94C2, 9.125000E+01,22,9,31,22,9,-1.410218E+01,-4.157532E-01,-1.784084E+01, 5.730087E+01, 5.705891E+01, 2.593587E+00,-1.004644E+01, 6.033193E-01,-1.253068E+01, 7.254356E+01, 5.144855E+01, 1.496545E+01, 2.772371E-01,5, 7.195127E-02,2, 0.000000E+00,0, 0.000000E+00,3, 7.261577E+00, 8.669895E-01, 3.650438E+00,1, 0.000000E+00,1,mc_qqps,53
-21041,1717,20228,4041,94C2, 9.125000E+01,45,14,59,45,14,-2.529297E+00, 1.070538E+01,-3.965844E+00, 6.151991E+01, 6.056845E+01, 1.345966E+00,-1.616607E+00, 1.556933E+01,-3.625681E+00, 8.806802E+01, 5.732070E+01, 2.004274E+01, 5.762411E+00,13, 2.740598E+00,1, 0.000000E+00,0, 0.000000E+00,8, 1.752128E+01, 8.590527E-01, 7.916069E+00,NULL,NULL,1,mc_qqps,53
-21041,1718,20228,4101,94C2, 9.125000E+01,42,13,55,42,13, 8.931662E-01, 4.833695E+00,-4.046798E+00, 5.911059E+01, 5.819360E+01, 1.385562E+00, 4.423039E-01,-1.779763E-01,-2.505922E+00, 8.138525E+01, 4.976132E+01, 1.902606E+01, 4.672974E-01,18, 4.088809E+00,0, 0.000000E+00,0, 0.000000E+00,12, 2.180736E+01, 4.435811E-01, 4.434453E+00,NULL,NULL,1,mc_qqps,53
-21041,1719,20228,4120,94C2, 9.125000E+01,32,22,54,32,22,-6.134987E+00,-1.321632E+01, 1.715436E+01, 4.416989E+01, 4.359682E+01, 1.362401E+00,-6.309682E-01,-7.637422E+00, 4.098444E+00, 8.578347E+01, 3.851249E+01, 1.251989E+01, 2.305985E+01,11, 0.000000E+00,8, 0.000000E+00,0, 0.000000E+00,9, 1.212773E+01, 4.930161E-01, 4.750412E+00,NULL,NULL,1,mc_qqps,53
-21041,1720,20228,4138,94C2, 9.125000E+01,47,11,58,47,11,-2.209740E+00,-7.416979E-01, 2.415409E+00, 9.032587E+01, 8.940012E+01, 1.902130E+00, 7.358243E+00,-1.176459E+01,-4.646585E+00, 1.092787E+02, 6.692514E+01, 1.585754E+01, 3.257054E+00,12, 2.310783E+00,1, 0.000000E+00,0, 0.000000E+00,6, 1.443953E+01, 4.636753E-01, 6.274911E+00,NULL,NULL,1,mc_qqps,53
-21041,1721,20228,4154,94C2, 9.125000E+01,37,15,52,37,15,-1.327977E+00,-7.838521E+00,-1.299302E+01, 6.723779E+01, 6.643101E+01, 1.795433E+00,-4.827671E+00,-1.530369E+01,-2.096439E+01, 1.112163E+02, 5.626537E+01, 1.926191E+01, 2.474361E+01,4, 8.335426E-01,10, 2.517744E+00,0, 0.000000E+00,1, 5.721548E-01, 5.721548E-01, 5.721548E-01,NULL,NULL,1,mc_qqps,53
-21041,1722,20228,4212,94C2, 9.125000E+01,31,24,55,31,24,-6.327469E+00,-5.544523E-01,-6.453061E+00, 3.610785E+01, 3.548777E+01, 1.144767E+00, 5.849001E+00,-9.238588E-01, 3.162045E+00, 6.907882E+01, 3.181529E+01, 2.568007E+01, 6.903237E+00,11, 0.000000E+00,7, 0.000000E+00,0, 0.000000E+00,11, 2.172513E+01, 3.876775E-01, 7.345621E+00,NULL,NULL,1,mc_qqps,53
-21041,1723,20228,4231,94C2, 9.125000E+01,7,10,17,7,10,-6.392198E+00, 3.109598E+00, 6.212530E+00, 2.496135E+01, 2.476044E+01, 3.537206E+00, 4.290824E+00,-1.373034E+00,-4.471062E+00, 8.310657E+01, 2.461691E+01, 2.152104E+01, 3.211775E+01,6, 8.243546E-01,0, 0.000000E+00,0, 0.000000E+00,4, 2.500168E+01, 7.579842E-01, 1.836343E+01,1, 0.000000E+00,1,mc_qqps,53
-21041,1724,20228,4241,94C2, 9.125000E+01,24,23,47,24,23, 7.869188E+00,-1.846348E+01, 2.515109E+01, 4.645420E+01, 4.614608E+01, 1.922753E+00, 4.588784E+00,-1.904074E+01, 2.133396E+01, 8.035619E+01, 3.351525E+01, 2.540218E+01, 7.530982E+00,15, 1.469770E+00,7, 5.534192E-01,0, 0.000000E+00,12, 1.601755E+01, 5.211223E-01, 2.375977E+00,NULL,NULL,1,mc_qqps,53
-21041,1725,20228,4300,94C2, 9.125000E+01,35,16,51,35,16,-6.192980E-01,-1.586541E+00, 3.925792E+00, 5.383199E+01, 5.306353E+01, 1.516101E+00,-7.210146E-01,-2.031926E+00, 4.183061E+00, 6.802731E+01, 1.136225E+01, 1.309822E+01, 1.097091E+00,0, 0.000000E+00,15, 5.291646E+00,0, 0.000000E+00,NULL,NULL,NULL,NULL,4, 0.000000E+00,1,mc_qqps,53
-21041,1726,20228,4314,94C2, 9.125000E+01,32,15,47,32,15, 9.134209E+00, 9.351458E+00,-3.477664E+00, 6.248271E+01, 6.190239E+01, 1.934450E+00, 1.996001E+01, 1.956020E+01,-5.742063E+00, 8.678697E+01, 4.135079E+01, 2.430425E+01, 0.000000E+00,14, 2.804098E-01,0, 0.000000E+00,0, 0.000000E+00,10, 1.193374E+01, 5.097803E-01, 3.809111E+00,NULL,NULL,1,mc_qqps,53
-21041,1727,20228,4333,94C2, 9.125000E+01,38,19,57,38,19,-1.549825E+00, 1.829993E+00, 8.875697E+00, 5.635042E+01, 5.563641E+01, 1.464116E+00,-6.375293E-01,-1.947237E+00, 1.089590E+01, 7.895213E+01, 4.697659E+01, 2.141781E+01, 6.902422E-01,17, 3.425507E+00,6, 0.000000E+00,0, 0.000000E+00,11, 1.416732E+01, 4.489520E-01, 2.832440E+00,NULL,NULL,1,mc_qqps,53
-21041,1728,20228,4345,94C2, 9.125000E+01,31,20,51,31,20, 5.755978E+00, 1.878904E-01, 4.858060E+01, 9.549454E+01, 9.512923E+01, 3.068685E+00,-1.836141E+00,-2.349697E+00, 3.186522E+01, 1.369073E+02, 2.485273E+01, 1.160365E+01, 2.980907E+01,2, 0.000000E+00,14, 0.000000E+00,0, 0.000000E+00,1, 6.737307E-01, 6.737307E-01, 6.737307E-01,3, 0.000000E+00,1,mc_qqps,53
-21041,1729,20228,4358,94C2, 9.125000E+01,13,11,24,13,11, 4.216576E-02, 8.114659E-01,-6.188126E-01, 5.706150E+01, 5.690877E+01, 4.377597E+00,-1.532353E+00, 1.768311E+00,-4.164335E+00, 7.378867E+01, 5.614938E+01, 1.562169E+01, 1.105486E+00,0, 0.000000E+00,12, 8.811067E+00,0, 0.000000E+00,NULL,NULL,NULL,NULL,1, 0.000000E+00,1,mc_qqps,53
-21041,1730,20228,4413,94C2, 9.125000E+01,32,9,41,32,9,-2.061423E+00,-4.970976E+00,-3.579233E+01, 5.555116E+01, 5.449125E+01, 1.702851E+00,-8.997450E+00, 5.098572E+00,-2.476956E+01, 7.850976E+01, 1.217517E+01, 1.061439E+01, 1.248663E+01,1, 0.000000E+00,5, 8.966174E-01,0, 0.000000E+00,1, 1.500250E+00, 1.500250E+00, 1.500250E+00,2, 0.000000E+00,1,mc_qqps,53
-21041,1731,20228,4434,94C2, 9.125000E+01,23,9,32,23,9, 3.274566E+00, 4.973084E-02, 5.052285E+00, 6.616776E+01, 6.579112E+01, 2.860484E+00, 3.924771E+00,-3.084939E-01,-7.749915E-01, 7.814959E+01, 7.968793E+00, 1.198183E+01, 0.000000E+00,0, 0.000000E+00,17, 1.014681E+01,0, 0.000000E+00,NULL,NULL,NULL,NULL,3, 0.000000E+00,0,mc_qqps,53
-21041,1732,20228,4448,94C2, 9.125000E+01,23,8,31,23,8,-2.176069E+00, 2.902903E+00,-6.696979E+00, 7.877494E+01, 7.859959E+01, 3.417373E+00,-3.289982E+00, 3.254725E+00,-9.911129E+00, 8.444607E+01, 6.697448E+01, 5.671134E+00, 0.000000E+00,0, 0.000000E+00,16, 1.365343E+01,0, 0.000000E+00,NULL,NULL,NULL,NULL,NULL,NULL,1,mc_qqps,53
-21041,1733,20228,4504,94C2, 9.125000E+01,35,16,51,35,16,-7.842436E+00, 8.909312E+00, 8.809291E+00, 6.770428E+01, 6.699183E+01, 1.914052E+00,-6.367365E+00, 8.390440E+00, 7.311010E+00, 9.544855E+01, 6.308523E+01, 2.182639E+01, 4.240322E+00,21, 2.434089E+00,0, 0.000000E+00,0, 0.000000E+00,13, 2.350397E+01, 5.027210E-01, 5.081964E+00,NULL,NULL,1,mc_qqps,53
-21041,1734,20228,4519,94C2, 9.125000E+01,23,12,35,23,12,-9.002748E+00, 7.664662E+00, 8.773439E+00, 5.724420E+01, 5.682808E+01, 2.470786E+00,-1.518746E+01, 1.407414E+01, 2.396857E+01, 8.301587E+01, 5.222949E+01, 2.524601E+01, 5.256498E-01,1, 0.000000E+00,14, 5.353021E+00,0, 0.000000E+00,1, 4.712718E-01, 4.712718E-01, 4.712718E-01,1, 0.000000E+00,1,mc_qqps,53
-21041,1735,20228,4531,94C2, 9.125000E+01,45,11,56,45,11, 1.769047E+00,-2.466756E+00,-1.301309E+00, 6.513420E+01, 6.420317E+01, 1.426737E+00, 2.070069E+00,-1.672430E+00,-4.642613E+00, 7.426594E+01, 4.969587E+01, 5.640109E+00, 2.300400E+00,6, 0.000000E+00,5, 0.000000E+00,0, 0.000000E+00,3, 1.662504E+00, 4.712711E-01, 6.856756E-01,NULL,NULL,1,mc_qqps,53
-21041,1736,20228,4553,94C2, 9.125000E+01,37,13,50,37,13, 6.328963E+00, 2.259446E+00,-1.673017E+01, 9.011715E+01, 8.936471E+01, 2.415262E+00, 8.916514E-01, 7.854287E-01,-9.831981E+00, 1.075272E+02, 8.495270E+01, 8.115798E+00, 6.266411E+00,7, 8.246125E-02,5, 0.000000E+00,0, 0.000000E+00,3, 6.548147E+00, 4.433700E-01, 3.076908E+00,NULL,NULL,1,mc_qqps,53
-21041,1737,20228,4608,94C2, 9.125000E+01,43,8,51,43,8, 6.597273E-01, 8.304555E+00,-4.757683E+00, 6.086941E+01, 5.863467E+01, 1.363597E+00,-1.405004E-01, 9.188946E+00,-2.023432E+00, 7.178178E+01, 5.686766E+01, 1.006680E+01, 8.455606E-01,9, 6.538988E-01,2, 0.000000E+00,0, 0.000000E+00,3, 7.069630E+00, 1.360381E+00, 2.967147E+00,NULL,NULL,1,mc_qqps,53
-21041,1738,20228,4620,94C2, 9.125000E+01,20,17,37,20,17,-2.852748E-01, 8.432174E+00,-9.172150E-01, 4.162072E+01, 4.137990E+01, 2.068995E+00,-1.445693E+00, 6.649041E+00,-9.165066E-02, 6.814966E+01, 3.513283E+01, 2.362137E+01, 2.907573E+00,18, 3.026310E+00,0, 0.000000E+00,0, 0.000000E+00,13, 2.252401E+01, 6.803061E-01, 4.726664E+00,NULL,NULL,1,mc_qqps,53
-21041,1739,20228,4631,94C2, 9.125000E+01,34,10,44,34,10, 2.822300E+00, 4.421003E+00,-4.741982E+00, 7.870304E+01, 7.816164E+01, 2.298872E+00, 1.752579E+00, 4.560463E+00,-4.231677E+00, 1.001617E+02, 6.475889E+01, 1.658116E+01, 3.250370E-01,11, 7.042223E+00,0, 0.000000E+00,0, 0.000000E+00,9, 2.113362E+01, 5.480068E-01, 5.280389E+00,NULL,NULL,1,mc_qqps,53
-21041,1740,20228,4645,94C2, 9.125000E+01,28,10,38,28,10, 1.336275E+01, 1.558070E+01,-2.929774E+00, 6.191112E+01, 6.112816E+01, 2.183149E+00, 1.280360E+01, 1.508624E+01,-3.143944E+00, 7.669383E+01, 5.860659E+01, 1.355084E+01, 0.000000E+00,13, 2.478073E+00,0, 0.000000E+00,0, 0.000000E+00,9, 1.395537E+01, 4.586047E-01, 5.105894E+00,NULL,NULL,1,mc_qqps,53
-21041,1741,20228,4702,94C2, 9.125000E+01,27,10,37,27,10, 1.412222E-01, 1.838050E+01,-2.752501E+00, 5.898191E+01, 5.856124E+01, 2.168935E+00, 6.508378E-01, 1.541678E+01,-3.312283E+00, 7.564712E+01, 3.030321E+01, 1.261874E+01, 2.821333E+00,11, 7.234388E+00,0, 0.000000E+00,0, 0.000000E+00,8, 1.323891E+01, 4.482822E-01, 4.499561E+00,NULL,NULL,1,mc_qqps,53
-21041,1742,20228,4717,94C2, 9.125000E+01,20,9,29,20,9,-1.366220E+01,-1.564644E+01,-1.691686E+00, 6.185480E+01, 6.157060E+01, 3.078530E+00,-8.692904E+00,-1.168154E+01,-5.344528E-01, 1.039013E+02, 6.014161E+01, 4.204647E+01, 0.000000E+00,14, 5.667019E+00,0, 0.000000E+00,0, 0.000000E+00,7, 2.743677E+01, 4.582588E-01, 2.182538E+01,NULL,NULL,1,mc_qqps,53
-21041,1743,20228,4729,94C2, 9.125000E+01,23,9,32,23,9,-3.657878E+00, 1.311501E+01, 7.219646E+00, 8.118744E+01, 8.102166E+01, 3.522681E+00,-6.303597E-01,-4.531521E-01, 3.491105E+00, 1.023985E+02, 7.242050E+01, 1.082794E+01, 7.269545E+00,13, 7.872200E+00,0, 0.000000E+00,0, 0.000000E+00,6, 1.146822E+01, 6.658149E-01, 4.733883E+00,NULL,NULL,1,mc_qqps,53
-21041,1744,20228,4744,94C2, 9.125000E+01,34,17,51,34,17,-9.409081E+00,-3.934403E+00, 1.003010E+01, 6.210596E+01, 6.146331E+01, 1.807745E+00,-6.563982E+00, 1.477282E+00, 2.935800E+00, 9.880336E+01, 5.337102E+01, 2.648225E+01, 9.604988E+00,16, 4.331038E+00,0, 0.000000E+00,0, 0.000000E+00,10, 2.420162E+01, 5.471978E-01, 1.077227E+01,NULL,NULL,1,mc_qqps,53
-21041,1745,20228,4759,94C2, 9.125000E+01,26,16,42,26,16,-2.557857E+00,-2.217614E+00,-2.979834E+00, 4.153505E+01, 4.110004E+01, 1.580771E+00,-3.436564E+00,-3.251159E+00,-6.750554E+00, 5.633620E+01, 3.689526E+01, 1.188475E+01, 2.977829E+00,5, 3.286527E-02,9, 0.000000E+00,0, 0.000000E+00,4, 4.687507E+00, 4.366588E-01, 1.919739E+00,NULL,NULL,1,mc_qqps,53
-21041,1746,20228,4812,94C2, 9.125000E+01,40,16,56,40,16,-9.563954E+00,-2.252557E+00,-3.137370E+01, 7.101632E+01, 6.993034E+01, 1.748259E+00,-3.379571E+00, 3.202617E-03,-2.139618E+01, 8.663086E+01, 5.795432E+01, 5.525671E+00, 9.683207E+00,7, 3.807237E+00,11, 2.395012E-01,0, 0.000000E+00,2, 2.317007E+00, 4.106497E-01, 1.906357E+00,1, 0.000000E+00,1,mc_qqps,53
-21041,1747,20228,4829,94C2, 9.125000E+01,45,17,62,45,17, 1.289284E+01, 3.132924E+00, 4.763793E+00, 8.791814E+01, 8.697673E+01, 1.932816E+00, 2.260751E+01, 3.872581E+00, 5.001870E+00, 1.202497E+02, 8.361942E+01, 2.137638E+01, 6.035064E+00,22, 5.261178E+00,0, 0.000000E+00,0, 0.000000E+00,12, 1.660145E+01, 5.026776E-01, 3.724406E+00,NULL,NULL,1,mc_qqps,53
-21041,1748,20228,4845,94C2, 9.125000E+01,22,8,30,22,8, 3.441855E+01, 1.895559E+01, 1.513701E+01, 9.107540E+01, 9.048379E+01, 4.112899E+00, 1.903184E+01, 1.065863E+01, 8.851179E+00, 1.319230E+02, 7.906161E+01, 4.044333E+01, 4.043353E-01,8, 0.000000E+00,0, 0.000000E+00,0, 0.000000E+00,7, 4.044333E+01, 5.181772E-01, 2.195849E+01,NULL,NULL,1,mc_qqps,53
-21041,1749,20228,4900,94C2, 9.125000E+01,38,22,60,38,22,-1.117399E+01, 2.786393E+01,-1.619187E+00, 6.606773E+01, 6.522711E+01, 1.716503E+00,-9.154342E+00, 1.581163E+01,-1.481289E+00, 9.384572E+01, 5.396631E+01, 2.649730E+01, 0.000000E+00,23, 5.372399E+00,0, 0.000000E+00,0, 0.000000E+00,19, 2.535159E+01, 4.073174E-01, 4.196871E+00,NULL,NULL,1,mc_qqps,53
-21041,1750,20228,4925,94C2, 9.125000E+01,34,4,38,34,4,-1.439907E+00, 1.244242E+00,-2.654418E+00, 8.019573E+01, 7.958652E+01, 2.340780E+00,-4.027065E-01, 8.818769E-02,-1.701682E+00, 8.331194E+01, 7.622353E+01, 2.506753E+00, 6.094450E-01,7, 0.000000E+00,1, 0.000000E+00,0, 0.000000E+00,2, 2.217629E+00, 6.814693E-01, 1.536160E+00,NULL,NULL,1,mc_qqps,53
-21041,1751,20228,4943,94C2, 9.125000E+01,39,15,54,39,15, 5.822338E-01,-5.635603E+00,-4.002467E+00, 6.920397E+01, 6.817435E+01, 1.748060E+00, 3.842707E+00,-1.292266E+01,-7.229815E+00, 9.034985E+01, 5.712986E+01, 6.800332E+00, 1.360197E+01,19, 1.969383E+01,0, 0.000000E+00,0, 0.000000E+00,8, 6.341190E+00, 4.724111E-01, 1.011260E+00,NULL,NULL,1,mc_qqps,53
-21041,1752,20228,4958,94C2, 9.125000E+01,31,10,41,31,10, 1.006365E+01,-3.169932E+00, 1.390912E+01, 6.716325E+01, 6.670574E+01, 2.151798E+00, 7.441780E+00,-1.056092E+00, 1.111235E+01, 8.169948E+01, 6.300420E+01, 6.333843E+00, 7.705588E+00,3, 0.000000E+00,7, 0.000000E+00,0, 0.000000E+00,3, 1.973513E+00, 4.880278E-01, 9.886863E-01,NULL,NULL,1,mc_qqps,53
-21041,1753,20228,5011,94C2, 9.125000E+01,29,15,44,29,15, 1.455154E+00,-1.306911E+00,-4.096000E-01, 6.773164E+01, 6.701337E+01, 2.310806E+00, 1.932299E+00, 1.851023E+00,-2.303520E+00, 9.772330E+01, 6.166063E+01, 1.406006E+01, 5.715310E+00,16, 8.485028E+00,0, 0.000000E+00,0, 0.000000E+00,9, 1.699196E+01, 6.554968E-01, 4.488508E+00,NULL,NULL,1,mc_qqps,53
-21041,1754,20228,5026,94C2, 9.125000E+01,37,15,52,37,15,-6.066649E+00, 9.415225E+00,-4.410601E+00, 7.802685E+01, 7.736500E+01, 2.090946E+00,-6.442482E+00, 8.760253E+00,-4.619277E+00, 8.969307E+01, 5.984778E+01, 6.486083E+00, 2.898422E+00,11, 3.114400E+00,5, 0.000000E+00,0, 0.000000E+00,7, 6.840302E+00, 5.550895E-01, 1.726615E+00,NULL,NULL,1,mc_qqps,53
-21041,1755,20228,5042,94C2, 9.125000E+01,27,14,41,27,14,-1.974397E+01,-7.319087E+00,-2.272950E+01, 5.060788E+01, 5.023325E+01, 1.860491E+00,-2.186828E+01,-6.752733E+00,-3.031018E+01, 8.221018E+01, 3.386416E+01, 2.468654E+01, 6.321297E+00,12, 7.387044E-01,4, 0.000000E+00,0, 0.000000E+00,5, 1.855800E+01, 5.944713E-01, 1.531417E+01,NULL,NULL,1,mc_qqps,53
-21041,1756,20228,5103,94C2, 9.125000E+01,16,16,32,16,16,-9.966747E+00, 3.049352E-01, 5.113698E+00, 5.088406E+01, 5.064284E+01, 3.165177E+00,-6.880174E+00, 1.077803E+00, 2.924495E+00, 9.879046E+01, 4.143398E+01, 2.742714E+01, 1.485464E+01,16, 1.841871E+00,0, 0.000000E+00,0, 0.000000E+00,13, 3.228149E+01, 5.183424E-01, 6.287021E+00,NULL,NULL,1,mc_qqps,53
-21041,1757,20228,5115,94C2, 9.125000E+01,41,19,60,41,19, 1.801135E+00, 8.074095E+00,-1.466535E+01, 5.646989E+01, 5.508869E+01, 1.343627E+00, 3.578271E+00, 8.952591E+00,-1.376266E+01, 7.745553E+01, 4.343145E+01, 1.946345E+01, 9.244845E-01,9, 0.000000E+00,10, 5.515044E-01,0, 0.000000E+00,7, 7.530446E+00, 5.532769E-01, 1.635647E+00,NULL,NULL,1,mc_qqps,53
-21041,1758,20228,5135,94C2, 9.125000E+01,19,10,29,19,10,-1.262522E+01, 4.647670E+00, 9.547398E+00, 7.286055E+01, 7.253442E+01, 3.817601E+00,-2.895936E+00, 1.585887E-01,-2.153464E-01, 9.199310E+01, 6.856807E+01, 1.695903E+01, 0.000000E+00,10, 1.464933E+01,3, 0.000000E+00,0, 0.000000E+00,8, 1.806502E+01, 7.596970E-01, 5.907884E+00,NULL,NULL,1,mc_qqps,53
-21041,1759,20228,5150,94C2, 9.125000E+01,32,16,48,32,16, 1.018003E+01, 4.651639E+00,-6.175376E+00, 5.543159E+01, 5.471458E+01, 1.709831E+00, 1.558941E+01, 6.981302E+00,-5.538180E+00, 8.241760E+01, 4.879237E+01, 1.004636E+01, 8.969715E+00,16, 6.375272E+00,1, 0.000000E+00,0, 0.000000E+00,11, 1.735992E+01, 4.771674E-01, 4.119639E+00,NULL,NULL,1,mc_qqps,53
-21041,1760,20228,5205,94C2, 9.125000E+01,34,16,50,34,16,-3.136116E+00,-2.646627E+00,-3.724366E+00, 7.375435E+01, 7.314249E+01, 2.151250E+00,-4.860724E+00, 1.677685E+00, 2.947446E+00, 9.468754E+01, 7.009012E+01, 1.948268E+01, 6.149214E-01,11, 2.261916E-01,5, 0.000000E+00,0, 0.000000E+00,7, 1.501467E+01, 7.608374E-01, 5.916702E+00,NULL,NULL,1,mc_qqps,53
-21041,1761,20228,5224,94C2, 9.125000E+01,44,18,62,44,18, 5.237588E+00,-1.163729E+01,-3.625238E+00, 7.199105E+01, 7.116393E+01, 1.617362E+00, 6.384627E+00,-5.684299E+00,-1.922811E+00, 9.153133E+01, 5.263787E+01, 1.615590E+01, 2.074772E+00,24, 5.383090E+00,0, 0.000000E+00,0, 0.000000E+00,14, 1.596304E+01, 5.903997E-01, 2.773762E+00,NULL,NULL,1,mc_qqps,53
-21041,1762,20228,5241,94C2, 9.125000E+01,61,21,82,61,21,-6.048163E+00,-1.148938E+01, 3.307449E+00, 7.903962E+01, 7.748521E+01, 1.270249E+00,-6.002743E+00,-3.261124E+00, 5.816239E+00, 1.082192E+02, 6.772092E+01, 2.327540E+01, 4.652300E+00,19, 2.611290E+00,0, 0.000000E+00,0, 0.000000E+00,13, 1.787903E+01, 2.928235E-01, 3.786947E+00,NULL,NULL,1,mc_qqps,53
-21041,1763,20228,5300,94C2, 9.125000E+01,27,7,34,27,7,-3.054830E+00,-2.788198E+00, 9.897079E+00, 6.942191E+01, 6.900612E+01, 2.555782E+00,-3.501489E+00,-2.961845E+00, 5.744755E+00, 7.822659E+01, 6.512175E+01, 4.477458E+00, 4.327236E+00,2, 0.000000E+00,7, 0.000000E+00,0, 0.000000E+00,1, 1.349796E+00, 1.349796E+00, 1.349796E+00,NULL,NULL,1,mc_qqps,53
-21041,1764,20228,5317,94C2, 9.125000E+01,36,12,48,36,12,-2.293958E+01, 2.358970E+01,-5.378762E+01, 1.077789E+02, 1.071746E+02, 2.977071E+00,-1.441363E+01, 1.587601E+01,-3.599458E+01, 1.507529E+02, 8.647966E+01, 3.781352E+01, 4.011405E+00,8, 7.602070E-02,4, 0.000000E+00,0, 0.000000E+00,4, 1.388895E+01, 7.635098E-01, 1.014504E+01,NULL,NULL,1,mc_qqps,53
-21041,1765,20228,5331,94C2, 9.125000E+01,48,13,61,48,13, 4.225702E+00,-1.290891E+00,-8.456276E-02, 5.870420E+01, 5.713204E+01, 1.190251E+00, 8.954675E+00, 2.938160E-01,-1.588335E+00, 1.055729E+02, 4.593728E+01, 4.658011E+01, 2.885538E-01,16, 4.500566E+00,0, 0.000000E+00,0, 0.000000E+00,8, 3.982544E+01, 4.636672E-01, 1.405847E+01,NULL,NULL,1,mc_qqps,53
-21041,1766,20228,5349,94C2, 9.125000E+01,30,16,46,30,16, 2.104998E+00,-1.383489E+01,-8.739104E-01, 5.980149E+01, 5.929359E+01, 1.976453E+00, 6.791479E-01,-3.716410E+00, 2.009434E+00, 8.810658E+01, 5.646851E+01, 1.791192E+01, 8.806560E+00,21, 5.028251E+00,0, 0.000000E+00,0, 0.000000E+00,8, 1.255242E+01, 3.978975E-01, 5.741057E+00,NULL,NULL,1,mc_qqps,53
-21041,1767,20228,5406,94C2, 9.125000E+01,65,16,81,65,16,-4.049037E+00,-7.004904E+00, 2.260353E+01, 9.647135E+01, 9.512132E+01, 1.463405E+00,-2.289925E+00,-3.342535E+00, 2.192360E+01, 1.173070E+02, 3.984547E+01, 1.383453E+01, 7.003199E+00,13, 1.122160E-01,4, 0.000000E+00,0, 0.000000E+00,7, 8.364664E+00, 4.099752E-01, 3.447546E+00,2, 0.000000E+00,1,mc_qqps,53
-21041,1768,20228,5433,94C2, 9.125000E+01,22,15,37,22,15, 1.034895E+01, 3.997272E+00,-5.827929E+00, 5.964176E+01, 5.931995E+01, 2.696361E+00, 5.082768E+00, 1.495445E+00,-1.717548E+00, 9.346272E+01, 5.926590E+01, 3.225684E+01, 9.248498E-01,17, 1.404767E+01,0, 0.000000E+00,0, 0.000000E+00,12, 3.282320E+01, 7.834084E-01, 7.396700E+00,NULL,NULL,1,mc_qqps,53
-21041,1769,20228,5444,94C2, 9.125000E+01,58,23,81,58,23,-3.252064E+00, 1.884418E-01, 9.080169E+00, 4.949734E+01, 4.788276E+01, 8.255649E-01, 1.124230E+00,-2.886099E+00,-1.126673E+00, 7.490752E+01, 3.215950E+01, 2.274845E+01, 2.708799E+00,12, 6.216407E-01,12, 0.000000E+00,0, 0.000000E+00,7, 1.047794E+01, 4.766935E-01, 2.955169E+00,NULL,NULL,1,mc_qqps,53
-21041,1770,20228,5511,94C2, 9.125000E+01,37,7,44,37,7, 7.772216E+00, 2.646496E-01, 6.288521E-01, 6.308714E+01, 6.127966E+01, 1.656207E+00, 1.115726E+01, 1.863680E+00, 1.248723E-01, 6.921992E+01, 5.753851E+01, 3.319275E+00, 0.000000E+00,6, 0.000000E+00,0, 0.000000E+00,0, 0.000000E+00,5, 5.187596E+00, 3.963780E-01, 2.374092E+00,NULL,NULL,1,mc_qqps,53
-21041,1771,20228,5534,94C2, 9.125000E+01,25,10,35,25,10, 4.364733E-01,-7.014244E+00, 1.837999E+00, 5.003762E+01, 4.951760E+01, 1.980704E+00,-1.025831E+00,-3.067703E-01, 3.191548E+00, 7.696648E+01, 4.425159E+01, 1.151084E+01, 1.541801E+01,9, 4.732445E+00,3, 0.000000E+00,0, 0.000000E+00,5, 8.806551E+00, 5.821594E-01, 3.074499E+00,NULL,NULL,1,mc_qqps,53
-21041,1772,20228,5545,94C2, 9.125000E+01,32,21,53,32,21, 1.630905E+01,-8.844461E-01,-2.960547E+01, 4.590213E+01, 4.527077E+01, 1.414711E+00, 6.175775E+00, 5.272181E+00,-2.942131E+01, 8.545403E+01, 3.524617E+01, 1.572196E+01, 1.875128E+01,3, 0.000000E+00,13, 3.451285E+00,0, 0.000000E+00,2, 6.229878E+00, 1.151236E+00, 5.078642E+00,2, 0.000000E+00,1,mc_qqps,53
-21041,1773,20228,5602,94C2, 9.125000E+01,28,12,40,28,12, 1.252330E+01, 2.834415E+01,-1.136029E+01, 5.738071E+01, 5.679173E+01, 2.028276E+00, 7.892043E+00, 1.030552E+01,-2.197053E+00, 9.702831E+01, 4.102121E+01, 3.139987E+01, 8.358583E+00,13, 1.391306E+00,0, 0.000000E+00,0, 0.000000E+00,8, 3.078391E+01, 4.254311E-01, 1.918048E+01,NULL,NULL,1,mc_qqps,53
-21041,1774,20228,5616,94C2, 9.125000E+01,25,11,36,25,11,-8.072834E+00,-4.684427E-02, 9.508621E-01, 5.266268E+01, 5.218845E+01, 2.087538E+00,-6.877078E+00,-2.226229E-01, 8.534999E-01, 7.074535E+01, 4.879831E+01, 1.502960E+01, 1.977971E+00,13, 2.040810E+01,0, 0.000000E+00,0, 0.000000E+00,9, 1.610470E+01, 4.301228E-01, 5.030156E+00,NULL,NULL,1,mc_qqps,53
-21041,1775,20228,5629,94C2, 9.125000E+01,28,17,45,28,17, 2.354601E+00,-9.290541E-01, 2.601385E+00, 6.385912E+01, 6.332257E+01, 2.261520E+00, 5.749654E-01,-1.705806E+00, 3.469167E+00, 8.477292E+01, 4.807099E+01, 1.674522E+01, 1.575372E+00,20, 6.065059E+00,0, 0.000000E+00,0, 0.000000E+00,14, 1.817207E+01, 4.850386E-01, 3.340194E+00,NULL,NULL,1,mc_qqps,53
-21041,1776,20228,5646,94C2, 9.125000E+01,39,7,46,39,7, 5.013028E+00, 1.015458E+00,-4.693826E+00, 7.505538E+01, 7.441566E+01, 1.908094E+00, 3.066604E+00, 1.927551E+00,-4.724956E+00, 8.410672E+01, 6.387567E+01, 8.366452E+00, 0.000000E+00,15, 4.992639E+00,0, 0.000000E+00,0, 0.000000E+00,7, 9.051328E+00, 6.222744E-01, 2.540419E+00,NULL,NULL,1,mc_qqps,53
-21041,1777,20228,5702,94C2, 9.125000E+01,8,22,30,8,22, 2.636768E-01, 5.201078E-01, 1.080620E+00, 8.493165E+00, 8.315885E+00, 1.039486E+00, 3.524558E-01,-7.467389E-01,-1.003629E+01, 5.027707E+01, 5.745645E+00, 4.136451E+01, 4.193879E-01,0, 0.000000E+00,15, 6.902410E+00,0, 0.000000E+00,NULL,NULL,NULL,NULL,5, 0.000000E+00,0,mc_qqps,53
-21041,1778,20228,5733,94C2, 9.125000E+01,32,15,47,32,15,-2.098624E+02, 8.638289E+01,-6.702739E+02, 7.881203E+02, 7.875789E+02, 2.461184E+01,-2.208973E+02, 9.232703E+01,-6.674266E+02, 8.233987E+02, 5.458186E+01, 1.018254E+01, 2.518149E+01,5, 0.000000E+00,13, 3.026312E+00,0, 0.000000E+00,2, 2.776194E+00, 7.452098E-01, 2.030984E+00,2, 0.000000E+00,1,mc_qqps,53
-21041,1779,20228,5753,94C2, 9.125000E+01,24,25,49,24,25, 7.787937E-01,-4.502588E+00,-9.738899E+00, 2.341982E+01, 2.277052E+01, 9.487717E-01, 9.488688E-01,-1.233269E+00,-1.383968E+01, 5.778643E+01, 1.008979E+01, 1.947350E+01, 1.489312E+01,7, 1.181327E+00,7, 1.154170E+00,0, 0.000000E+00,6, 5.714512E+00, 1.791284E-01, 1.956842E+00,6, 0.000000E+00,0,mc_qqps,53
-21041,1780,20228,5813,94C2, 9.125000E+01,27,18,45,27,18,-1.033576E+00, 9.617025E+00,-1.685118E+01, 6.287354E+01, 6.231940E+01, 2.308126E+00,-2.679635E+00, 1.508775E+01,-2.261310E+01, 8.897803E+01, 5.923119E+01, 1.773096E+01, 5.600015E+00,4, 1.828236E-01,11, 0.000000E+00,0, 0.000000E+00,2, 3.462556E+00, 6.650121E-01, 2.797544E+00,2, 0.000000E+00,1,mc_qqps,53
-21041,1781,20228,5833,94C2, 9.125000E+01,47,19,66,47,19, 2.690662E+00,-7.167478E+00,-5.942316E+00, 5.897026E+01, 5.782610E+01, 1.230343E+00, 1.205305E+00,-1.137975E+00,-1.116906E+00, 9.340844E+01, 5.119942E+01, 2.459159E+01, 3.289952E+00,20, 4.080179E-01,0, 0.000000E+00,0, 0.000000E+00,15, 2.916891E+01, 3.591733E-01, 8.127028E+00,NULL,NULL,1,mc_qqps,53
-21041,1782,20228,5852,94C2, 9.125000E+01,22,11,33,22,11,-2.681820E+01, 1.128616E+01, 5.953140E+00, 4.513134E+01, 4.475188E+01, 2.034177E+00, 3.476463E+01,-1.987176E+01, 2.575726E+00, 1.275454E+02, 4.033633E+01, 8.038989E+01, 1.134647E+00,13, 5.138633E+00,2, 0.000000E+00,0, 0.000000E+00,7, 3.973554E+01, 5.664126E-01, 3.384608E+01,NULL,NULL,1,mc_qqps,53
-21041,1783,20228,5904,94C2, 9.125000E+01,14,15,29,14,15,-1.745710E+01,-2.266307E+00, 9.460737E-01, 3.591899E+01, 3.569601E+01, 2.549715E+00,-1.220774E+01,-2.667806E+00, 4.768162E-01, 6.971605E+01, 3.476764E+01, 2.965632E+01, 2.067626E+00,18, 1.800807E+01,0, 0.000000E+00,0, 0.000000E+00,13, 3.180368E+01, 7.683248E-01, 8.624022E+00,NULL,NULL,1,mc_qqps,53
-21041,1784,20228,5917,94C2, 9.125000E+01,17,7,24,17,7,-5.510634E-01,-6.968639E+00, 2.843524E+00, 7.364893E+01, 7.342844E+01, 4.319320E+00,-1.090068E-01, 2.118891E+00, 9.403522E+00, 8.640335E+01, 7.295741E+01, 1.113147E+01, 2.378893E-01,8, 8.834748E-01,0, 0.000000E+00,0, 0.000000E+00,6, 1.251654E+01, 5.179443E-01, 5.347304E+00,NULL,NULL,1,mc_qqps,53
-21041,1785,20228,5927,94C2, 9.125000E+01,38,22,60,38,22, 4.681671E+00,-2.749469E+00,-1.648478E+00, 5.286462E+01, 5.209703E+01, 1.370975E+00,-2.890500E+00, 2.742958E-01,-9.206744E-01, 8.958210E+01, 4.966398E+01, 2.811744E+01, 2.744825E+00,26, 4.530518E+00,0, 0.000000E+00,0, 0.000000E+00,17, 2.706809E+01, 5.075693E-01, 3.716696E+00,NULL,NULL,1,mc_qqps,53
-21041,1786,20228,5941,94C2, 9.125000E+01,33,15,48,33,15,-7.341383E-01, 1.993280E+00, 2.395346E+00, 7.905698E+01, 7.874034E+01, 2.386071E+00, 1.075489E+00, 1.550087E+00, 5.154461E+00, 9.790973E+01, 6.509790E+01, 1.721031E+01, 3.705758E-01,2, 0.000000E+00,16, 6.808494E+00,0, 0.000000E+00,2, 2.307044E+00, 1.035178E+00, 1.271866E+00,NULL,NULL,1,mc_qqps,53
-21041,1787,20228,5959,94C2, 9.125000E+01,40,11,51,40,11,-7.384125E-01, 1.809423E+00,-3.401406E+00, 7.497536E+01, 7.431482E+01, 1.857870E+00, 4.785954E+00, 1.919193E+00, 1.181325E+01, 1.023101E+02, 4.252129E+01, 7.672815E+00, 1.966190E+01,9, 9.049107E-01,15, 1.247394E+00,0, 0.000000E+00,5, 5.208972E+00, 6.369457E-01, 1.557358E+00,NULL,NULL,1,mc_qqps,53
-21041,1788,20228,10017,94C2, 9.125000E+01,23,8,31,23,8,-6.265605E+00, 1.311180E+01, 9.296856E+00, 6.166076E+01, 6.139949E+01, 2.669543E+00,-5.507138E+00, 1.386660E+01, 8.976635E+00, 8.084509E+01, 5.166819E+01, 1.235396E+01, 6.830386E+00,12, 3.083683E+00,0, 0.000000E+00,0, 0.000000E+00,4, 6.478015E+00, 6.066207E-01, 3.775619E+00,NULL,NULL,1,mc_qqps,53
-21041,1789,20228,10028,94C2, 9.125000E+01,23,13,36,23,13, 8.195189E+00,-2.189492E+00, 1.127537E+01, 5.890554E+01, 5.832693E+01, 2.535954E+00, 8.199780E+00,-1.810403E+00, 1.155344E+01, 7.665782E+01, 5.625361E+01, 1.719674E+01, 5.555503E-01,2, 7.173111E-01,11, 9.407292E+00,0, 0.000000E+00,1, 3.409787E-01, 3.409787E-01, 3.409787E-01,NULL,NULL,1,mc_qqps,53
-21041,1790,20228,10043,94C2, 9.125000E+01,29,11,40,29,11, 4.291468E+00, 7.166212E+00,-7.454926E+00, 5.064324E+01, 5.012179E+01, 1.728338E+00,-1.103222E+01, 4.346643E+00,-5.273615E+00, 9.366272E+01, 4.607816E+01, 1.858437E+01, 1.573057E+01,13, 1.463062E-01,0, 0.000000E+00,0, 0.000000E+00,7, 1.955907E+01, 9.835636E-01, 4.820412E+00,NULL,NULL,1,mc_qqps,53
-21041,1791,20228,10059,94C2, 9.125000E+01,27,23,50,27,23,-2.295767E+00,-4.176178E-01,-3.050761E+00, 3.151966E+01, 3.080951E+01, 1.141093E+00,-2.696077E+00,-8.220958E-01, 1.543965E+00, 6.184671E+01, 2.126384E+01, 2.873667E+01, 4.218709E-01,7, 1.292947E-01,18, 2.429476E+01,0, 0.000000E+00,6, 5.641243E+00, 2.815421E-01, 1.328606E+00,NULL,NULL,1,mc_qqps,53
-21041,1792,20228,10116,94C2, 9.125000E+01,25,13,38,25,13, 1.539341E+00, 3.335243E+00, 8.811618E+00, 3.287354E+01, 3.220844E+01, 1.288338E+00, 1.933982E+00, 4.349107E+00, 1.001942E+01, 5.463691E+01, 8.916021E+00, 2.142261E+01, 3.407741E-01,0, 0.000000E+00,11, 2.926312E+00,0, 0.000000E+00,NULL,NULL,NULL,NULL,5, 0.000000E+00,0,mc_qqps,53
-21041,1793,20228,10150,94C2, 9.125000E+01,24,9,33,24,9,-2.779013E+00, 2.323697E+00, 1.140052E+00, 5.821750E+01, 5.774247E+01, 2.405936E+00,-1.055747E+01, 2.984277E+00, 1.206385E+00, 7.774959E+01, 5.158577E+01, 1.811077E+01, 0.000000E+00,11, 4.082710E+00,0, 0.000000E+00,0, 0.000000E+00,8, 1.907560E+01, 4.882385E-01, 1.060373E+01,NULL,NULL,1,mc_qqps,53
-21041,1794,20228,10203,94C2, 9.125000E+01,27,17,44,27,17,-1.553481E+00,-6.573681E+00,-7.919120E-02, 4.490289E+01, 4.443291E+01, 1.645663E+00, 2.502445E+00, 2.007220E+01, 1.645281E+00, 8.373441E+01, 2.044525E+01, 3.813506E+01, 6.964673E-01,16, 4.856903E-01,0, 0.000000E+00,0, 0.000000E+00,13, 2.823840E+01, 3.506034E-01, 1.202482E+01,NULL,NULL,1,mc_qqps,53
-21041,1795,20228,10227,94C2, 9.125000E+01,30,8,38,30,8, 5.823661E-01,-1.606229E+00,-4.882683E+00, 5.357180E+01, 5.302216E+01, 1.767405E+00,-3.323726E-01,-7.667542E-01,-1.293009E+01, 6.495956E+01, 2.457166E+01, 5.830417E+00, 5.557345E+00,0, 0.000000E+00,11, 1.661756E+00,0, 0.000000E+00,NULL,NULL,NULL,NULL,1, 0.000000E+00,1,mc_qqps,53
-21041,1796,20228,10243,94C2, 9.125000E+01,21,13,34,21,13,-1.899198E+00, 2.989705E+00, 2.068949E+00, 6.540901E+01, 6.515975E+01, 3.102845E+00, 2.711536E-01, 1.465818E+00, 1.382753E+00, 9.348044E+01, 6.098950E+01, 1.523158E+01, 0.000000E+00,14, 7.858581E-01,0, 0.000000E+00,0, 0.000000E+00,11, 2.412187E+01, 4.883431E-01, 1.123925E+01,NULL,NULL,1,mc_qqps,53
-21041,1797,20228,10256,94C2, 9.125000E+01,34,15,49,34,15,-1.876119E+01,-8.808751E-02,-3.068977E+01, 8.864445E+01, 8.821519E+01, 2.594564E+00,-1.798113E+01,-2.223419E+00,-2.962617E+01, 1.018270E+02, 7.422601E+01, 6.912191E+00, 5.512457E+00,4, 3.938797E-02,17, 5.428110E+00,0, 0.000000E+00,3, 1.817039E+00, 5.016639E-01, 7.605470E-01,NULL,NULL,1,mc_qqps,53
-21041,1798,20228,10313,94C2, 9.125000E+01,26,6,32,26,6, 4.382352E-01, 4.848768E+00,-1.312816E+00, 8.105217E+01, 8.060140E+01, 3.100054E+00,-7.849575E-01, 1.545535E+01,-3.694666E+00, 9.772424E+01, 7.847440E+01, 8.224315E+00, 7.886187E+00,12, 1.326342E+01,0, 0.000000E+00,0, 0.000000E+00,4, 8.888852E+00, 5.407000E-01, 4.842015E+00,NULL,NULL,1,mc_qqps,53
-21041,1799,20228,10325,94C2, 9.125000E+01,15,6,21,15,6, 1.500831E+01, 3.584195E+01, 4.939964E+00, 4.718883E+01, 4.684752E+01, 3.123168E+00, 5.464635E-01,-2.578843E+00, 2.697898E-01, 9.014598E+01, 4.634912E+01, 4.118011E-01, 3.314396E+01,7, 3.024121E+00,0, 0.000000E+00,0, 0.000000E+00,4, 9.401391E+00, 6.624610E-01, 4.344469E+00,1, 0.000000E+00,1,mc_qqps,53
-21041,1800,20228,10335,94C2, 9.125000E+01,15,5,20,15,5, 6.668954E+00, 1.621949E+01,-2.428766E+00, 4.635622E+01, 4.620134E+01, 3.080089E+00, 1.106109E+00, 4.431496E+00, 1.081891E-01, 7.410213E+01, 4.616872E+01, 5.805568E+00, 2.194035E+01,11, 5.065710E+00,0, 0.000000E+00,0, 0.000000E+00,3, 5.805568E+00, 9.998342E-01, 2.792741E+00,NULL,NULL,1,mc_qqps,53
-21041,1801,20228,10346,94C2, 9.125000E+01,32,25,57,32,25,-6.400474E-01,-9.355556E-01,-3.224897E+00, 5.068931E+01, 5.018642E+01, 1.568326E+00,-2.848080E+00,-1.340961E+00,-5.287065E+00, 8.946979E+01, 4.607210E+01, 3.141537E+01, 5.647151E+00,18, 2.513764E+00,6, 0.000000E+00,0, 0.000000E+00,12, 1.780034E+01, 4.654576E-01, 4.465114E+00,NULL,NULL,1,mc_qqps,53
-21041,1802,20228,10401,94C2, 9.125000E+01,27,6,33,27,6, 1.521508E+01,-2.963042E+00,-5.581313E+00, 7.231715E+01, 7.197300E+01, 2.665667E+00, 1.133152E+01,-1.063993E+00,-4.484609E+00, 7.712993E+01, 7.088398E+01, 2.232487E+00, 2.676496E+00,10, 3.534458E+00,0, 0.000000E+00,0, 0.000000E+00,2, 1.875523E+00, 7.237002E-01, 1.151822E+00,NULL,NULL,1,mc_qqps,53
-21041,1803,20228,10414,94C2, 9.125000E+01,70,22,92,70,22, 1.593092E+00,-8.285377E+00,-3.057459E+01, 8.206550E+01, 7.980441E+01, 1.140063E+00, 9.706364E-01,-5.526344E+00,-2.386945E+01, 1.281929E+02, 2.605908E+01, 3.638101E+01, 9.746341E+00,2, 0.000000E+00,22, 2.934408E+00,0, 0.000000E+00,2, 1.972988E+00, 5.443553E-01, 1.428633E+00,NULL,NULL,1,mc_qqps,53
-21041,1804,20228,10433,94C2, 9.125000E+01,24,14,38,24,14,-3.687173E+00,-4.176548E+00,-1.689599E+01, 3.567184E+01, 3.502460E+01, 1.459359E+00,-6.311409E+00,-5.710031E+00,-2.933657E+01, 5.126970E+01, 1.202968E+01, 9.608293E+00, 5.989563E+00,0, 0.000000E+00,10, 2.323500E+00,0, 0.000000E+00,NULL,NULL,NULL,NULL,6, 0.000000E+00,1,mc_qqps,53
-21041,1805,20228,10454,94C2, 9.125000E+01,23,5,28,23,5, 1.595508E+00, 1.585479E+00, 6.800336E-01, 8.333759E+01, 8.297491E+01, 3.607605E+00, 3.754374E+00, 1.082366E+01, 5.797447E+00, 9.704662E+01, 7.956248E+01, 1.190949E+01, 2.687196E-01,10, 1.015272E+01,0, 0.000000E+00,0, 0.000000E+00,4, 1.344031E+01, 2.949435E-01, 7.105614E+00,NULL,NULL,1,mc_qqps,53
-21041,1806,20228,10506,94C2, 9.125000E+01,26,17,43,26,17,-1.154763E+00,-1.264180E+00,-2.676689E+00, 6.448055E+01, 6.395854E+01, 2.459944E+00, 4.697116E+00,-9.391722E+00,-6.939156E+00, 9.103594E+01, 5.844366E+01, 2.442170E+01, 2.133675E+00,18, 1.652422E+01,0, 0.000000E+00,0, 0.000000E+00,11, 1.647481E+01, 5.623863E-01, 3.580876E+00,NULL,NULL,1,mc_qqps,53
-21041,1807,20228,10520,94C2, 9.125000E+01,27,15,42,27,15, 2.816223E+00,-1.532382E-01,-3.096236E+01, 6.164051E+01, 6.092853E+01, 2.256612E+00, 2.719634E+00, 1.298056E+00,-3.724777E+01, 9.738048E+01, 3.961659E+00, 1.979490E+01, 1.534014E+01,1, 0.000000E+00,14, 6.302090E+00,0, 0.000000E+00,1, 6.049163E-01, 6.049163E-01, 6.049163E-01,4, 0.000000E+00,0,mc_qqps,53
-21041,1808,20228,10542,94C2, 9.125000E+01,23,13,36,23,13, 1.101898E+01,-4.977297E+00, 1.379474E+01, 4.821518E+01, 4.785118E+01, 2.080486E+00, 1.262694E+01,-6.376517E+00, 1.998574E+01, 9.339784E+01, 4.240598E+01, 2.396264E+01, 1.857682E+01,14, 2.388438E+00,1, 0.000000E+00,0, 0.000000E+00,9, 2.543618E+01, 5.964548E-01, 6.337809E+00,NULL,NULL,1,mc_qqps,53
-21041,1809,20228,10556,94C2, 9.125000E+01,36,13,49,36,13,-1.258069E+01,-3.638429E+00,-4.582227E+00, 5.120145E+01, 5.064392E+01, 1.406776E+00,-3.514461E+00,-6.940828E+00, 3.815868E+00, 8.217384E+01, 3.747315E+01, 1.322550E+01, 1.503617E+01,14, 6.236777E-01,1, 0.000000E+00,0, 0.000000E+00,9, 1.663960E+01, 8.142745E-01, 4.531830E+00,NULL,NULL,1,mc_qqps,53
-21041,1810,20228,10609,94C2, 9.125000E+01,27,9,36,27,9,-1.046155E+01,-1.039351E+00,-4.084240E+00, 5.688927E+01, 5.627548E+01, 2.084277E+00, 3.014305E+00, 1.000387E+00,-1.028547E+00, 8.223752E+01, 5.275721E+01, 2.128756E+01, 4.060692E+00,11, 1.495217E+01,1, 0.000000E+00,0, 0.000000E+00,7, 2.103339E+01, 4.575563E-01, 1.342242E+01,NULL,NULL,1,mc_qqps,53
-21041,1811,20228,10624,94C2, 9.125000E+01,25,12,37,25,12,-1.407630E+00, 1.319222E+00, 2.484491E+00, 4.998896E+01, 4.957012E+01, 1.982805E+00, 5.649610E+00,-1.991113E+00, 1.285722E+00, 7.675172E+01, 3.874690E+01, 2.192125E+01, 0.000000E+00,16, 4.070136E+00,0, 0.000000E+00,0, 0.000000E+00,9, 2.200874E+01, 4.826396E-01, 8.162519E+00,NULL,NULL,1,mc_qqps,53
-21041,1812,20228,10638,94C2, 9.125000E+01,27,7,34,27,7,-2.228770E+02, 1.240035E+02,-8.192704E+01, 2.838734E+02, 2.833409E+02, 1.049411E+01,-1.939796E+02, 1.084814E+02,-6.877672E+01, 3.219605E+02, 2.256470E+01, 2.583973E+00, 2.180512E+01,12, 2.688026E+00,0, 0.000000E+00,0, 0.000000E+00,5, 1.628200E+01, 6.662253E-01, 7.824747E+00,NULL,NULL,1,mc_qqps,53
-21041,1813,20228,10651,94C2, 9.125000E+01,23,15,38,23,15,-2.801148E+00,-1.911892E+01,-3.744747E+00, 5.782713E+01, 5.743402E+01, 2.497131E+00,-6.225155E+00,-3.310507E+01,-3.740344E+00, 8.990308E+01, 5.354329E+01, 2.598915E+01, 3.892876E+00,17, 1.304402E+00,0, 0.000000E+00,0, 0.000000E+00,12, 2.760023E+01, 6.271910E-01, 7.924138E+00,NULL,NULL,1,mc_qqps,53
-21041,1814,20228,10703,94C2, 9.125000E+01,42,19,61,42,19,-8.592068E+00, 6.482315E+00,-5.512812E-01, 7.563049E+01, 7.486079E+01, 1.782400E+00,-7.715916E+00, 8.289200E+00, 1.795935E+00, 1.014504E+02, 5.973833E+01, 2.040940E+01, 2.647161E+00,23, 4.997517E+00,0, 0.000000E+00,0, 0.000000E+00,16, 2.087330E+01, 4.113387E-01, 3.107884E+00,NULL,NULL,1,mc_qqps,53
-21041,1815,20228,10720,94C2, 9.125000E+01,29,22,51,29,22,-3.477151E+00, 3.806281E+00,-6.409256E-01, 5.444411E+01, 5.400644E+01, 1.862291E+00, 3.658990E+00,-1.880990E+00, 2.544673E+00, 8.282358E+01, 5.200058E+01, 2.205204E+01, 1.998207E+00,23, 1.035412E+00,1, 0.000000E+00,0, 0.000000E+00,17, 2.206088E+01, 5.234976E-01, 4.329226E+00,1, 0.000000E+00,1,mc_qqps,53
-21041,1816,20228,10735,94C2, 9.125000E+01,19,4,23,19,4,-8.605194E+00,-8.320616E-01,-8.633184E+00, 9.131075E+01, 9.114297E+01, 4.796999E+00,-1.000868E+01,-2.800549E+00,-1.023597E+01, 1.038011E+02, 8.004258E+01, 4.522847E+00, 7.967456E+00,5, 1.290927E-01,0, 0.000000E+00,0, 0.000000E+00,2, 4.522847E+00, 1.513677E+00, 3.009170E+00,NULL,NULL,1,mc_qqps,53
-21041,1817,20228,10745,94C2, 9.125000E+01,24,12,36,24,12, 1.218920E+00,-1.543107E+00,-1.430625E-01, 8.620836E+01, 8.579770E+01, 3.574904E+00,-3.071238E+00, 6.312511E-01, 2.152677E+00, 1.059721E+02, 8.041481E+01, 8.553177E+00, 5.001612E+00,15, 1.119267E+00,0, 0.000000E+00,0, 0.000000E+00,10, 1.505547E+01, 4.361339E-01, 3.716428E+00,NULL,NULL,1,mc_qqps,53
-21041,1818,20228,10758,94C2, 9.125000E+01,33,16,49,33,16, 2.957491E+01, 2.260840E+00,-1.084043E+01, 4.897467E+01, 4.809449E+01, 1.457409E+00, 2.058368E+01, 3.339951E+00,-7.842625E+00, 7.627618E+01, 4.528225E+01, 9.431105E+00, 7.239754E+00,19, 6.635468E+00,0, 0.000000E+00,0, 0.000000E+00,11, 1.994354E+01, 3.702357E-01, 6.579749E+00,NULL,NULL,1,mc_qqps,53
-21041,1819,20228,10820,94C2, 9.125000E+01,57,20,77,57,20,-3.345807E+00, 5.775831E+00, 1.690704E+01, 8.360447E+01, 8.248424E+01, 1.447092E+00, 8.147608E-01, 1.150191E+00, 6.200808E+00, 1.057736E+02, 5.508395E+01, 1.958788E+01, 2.581225E+00,1, 0.000000E+00,17, 6.986255E-01,0, 0.000000E+00,NULL,NULL,NULL,NULL,1, 0.000000E+00,1,mc_qqps,53
-21041,1820,20228,10844,94C2, 9.125000E+01,21,9,30,21,9,-1.300017E+01,-3.942937E+00,-5.779200E+00, 6.619977E+01, 6.596471E+01, 3.141177E+00,-9.636071E+00,-2.472351E+00,-4.774665E+00, 7.578016E+01, 6.409029E+01, 8.024263E+00, 0.000000E+00,12, 2.145886E+00,0, 0.000000E+00,0, 0.000000E+00,6, 6.030596E+00, 5.364226E-01, 1.650015E+00,NULL,NULL,1,mc_qqps,53
-21041,1821,20228,10859,94C2, 9.125000E+01,41,10,51,41,10, 2.738553E+01, 2.968009E+00, 5.730396E-01, 5.773785E+01, 5.646887E+01, 1.377290E+00, 8.613385E+00, 3.190339E-04,-7.932488E-01, 8.999845E+01, 4.270199E+01, 2.668819E+01, 4.355352E+00,12, 3.493181E+00,0, 0.000000E+00,0, 0.000000E+00,7, 2.790525E+01, 9.854293E-01, 1.250284E+01,NULL,NULL,1,mc_qqps,53
-21041,1822,20228,10912,94C2, 9.125000E+01,26,19,45,26,19, 1.114884E+00, 3.973134E+00,-7.334622E+00, 5.833646E+01, 5.776503E+01, 2.221732E+00,-3.901056E+00,-5.707140E+00, 9.584789E+00, 8.634020E+01, 5.518162E+01, 1.577585E+01, 1.159356E+01,3, 0.000000E+00,14, 1.518343E+00,0, 0.000000E+00,3, 2.792249E+00, 6.454895E-01, 1.358095E+00,NULL,NULL,1,mc_qqps,53
-21041,1823,20228,10925,94C2, 9.125000E+01,13,8,21,13,8, 1.952328E+01, 9.883639E+00,-4.660867E+00, 4.163594E+01, 4.152420E+01, 3.194169E+00, 3.527346E+00, 8.822904E-01,-1.412174E+00, 8.751799E+01, 4.128509E+01, 3.495200E+01, 1.093004E+01,10, 8.348307E+00,0, 0.000000E+00,0, 0.000000E+00,6, 3.495200E+01, 4.850324E-01, 2.131300E+01,NULL,NULL,1,mc_qqps,53
-21041,1824,20228,10935,94C2, 9.125000E+01,22,14,36,22,14, 2.813683E-01,-3.645822E+00,-3.647421E-01, 5.658925E+01, 5.630229E+01, 2.559195E+00, 1.161428E+00,-1.104274E+01,-1.364085E+00, 8.628934E+01, 5.502903E+01, 2.343723E+01, 1.617414E+00,16, 4.364839E-01,0, 0.000000E+00,0, 0.000000E+00,13, 2.808269E+01, 4.483030E-01, 5.540456E+00,NULL,NULL,1,mc_qqps,53
-21041,1825,20228,10949,94C2, 9.125000E+01,18,16,34,18,16, 2.620309E+00, 1.012855E+00,-2.617448E+00, 5.731144E+01, 5.708473E+01, 3.171374E+00, 3.359725E-01, 2.698870E+00, 2.253974E+00, 9.423581E+01, 5.513217E+01, 2.139017E+01, 1.553421E+01,13, 5.013661E-01,0, 0.000000E+00,0, 0.000000E+00,11, 2.093624E+01, 7.190784E-01, 7.157318E+00,NULL,NULL,1,mc_qqps,53
-21041,1826,20228,11004,94C2, 9.125000E+01,14,15,29,14,15,-2.782943E+00,-6.555569E-01,-2.595031E+00, 2.861743E+01, 2.846677E+01, 2.033341E+00,-1.321968E+01,-2.105317E+00,-1.203401E+01, 8.035855E+01, 2.572641E+01, 3.290983E+01, 1.552589E+01,7, 5.688018E+00,1, 0.000000E+00,0, 0.000000E+00,5, 3.026420E+01, 5.278147E-01, 2.521124E+01,NULL,NULL,1,mc_qqps,53
-21041,1827,20228,11018,94C2, 9.125000E+01,22,18,40,22,18, 2.921371E+00, 2.398360E+00, 2.045232E+01, 3.012885E+01, 2.938405E+01, 1.335639E+00, 1.657675E+00, 1.683366E+00, 1.490578E+01, 6.597986E+01, 3.379795E+00, 2.930873E+01, 5.828545E+00,3, 0.000000E+00,8, 3.530564E+00,0, 0.000000E+00,2, 1.429140E+00, 7.137288E-01, 7.154111E-01,4, 0.000000E+00,0,mc_qqps,53
-21041,1828,20228,11038,94C2, 9.125000E+01,26,8,34,26,8,-2.063765E+00,-5.614743E+00, 3.126879E+00, 7.845478E+01, 7.811757E+01, 3.004522E+00,-1.351247E+00,-5.597133E+00, 3.632987E+00, 8.384332E+01, 7.547646E+01, 2.599556E+00, 2.788978E+00,4, 0.000000E+00,3, 0.000000E+00,0, 0.000000E+00,2, 1.824006E+00, 8.537294E-01, 9.702764E-01,NULL,NULL,1,mc_qqps,53
-21041,1829,20228,11052,94C2, 9.125000E+01,31,22,53,31,22,-7.897327E+00,-8.598293E-01, 4.194205E+00, 3.606962E+01, 3.540836E+01, 1.142205E+00,-3.610386E+00,-3.032044E+00, 9.660494E-01, 7.914896E+01, 3.186359E+01, 2.650389E+01, 1.609766E+01,13, 4.093934E-02,3, 0.000000E+00,0, 0.000000E+00,11, 2.056064E+01, 5.164626E-01, 4.014934E+00,1, 0.000000E+00,1,mc_qqps,53
-21041,1830,20228,11115,94C2, 9.125000E+01,27,18,45,27,18, 5.206473E+02, 5.213405E+02, 2.315863E+03, 2.457643E+03, 2.457322E+03, 9.101193E+01, 5.254006E+02, 5.256503E+02, 2.324705E+03, 2.496663E+03, 1.991985E+01, 3.407706E+01, 4.971451E+00,0, 0.000000E+00,20, 9.932760E+00,0, 0.000000E+00,NULL,NULL,NULL,NULL,1, 0.000000E+00,1,mc_qqps,53
-21041,1831,20228,11130,94C2, 9.125000E+01,37,13,50,37,13,-6.884431E+00,-4.924057E+00,-9.561172E+00, 5.920179E+01, 5.840332E+01, 1.578468E+00,-3.911058E+00,-3.751158E+00,-6.036757E+00, 8.037056E+01, 5.343511E+01, 2.016501E+01, 5.149490E-01,16, 6.511149E+00,2, 0.000000E+00,0, 0.000000E+00,9, 1.959994E+01, 4.888177E-01, 5.349007E+00,NULL,NULL,1,mc_qqps,53
-21041,1832,20228,11148,94C2, 9.125000E+01,36,22,58,36,22,-7.763933E+00,-6.266981E-02, 4.961253E+00, 5.540643E+01, 5.459952E+01, 1.516653E+00,-1.658267E+00, 1.046285E+00,-4.413703E+00, 8.750875E+01, 4.776871E+01, 3.009732E+01, 1.016268E+00,15, 1.217858E+01,10, 0.000000E+00,0, 0.000000E+00,11, 1.884954E+01, 7.209698E-01, 3.942256E+00,NULL,NULL,1,mc_qqps,53
-21041,1833,20228,11205,94C2, 9.125000E+01,39,19,58,39,19,-8.200729E+00, 1.203729E+01, 3.502939E+01, 7.613998E+01, 7.536128E+01, 1.932341E+00,-4.451028E+00, 1.235875E+01, 3.289209E+01, 9.822504E+01, 5.398268E+01, 2.208504E+01, 0.000000E+00,6, 0.000000E+00,18, 2.652144E-01,0, 0.000000E+00,4, 6.185853E+00, 1.207880E+00, 1.876508E+00,NULL,NULL,1,mc_qqps,53
-21041,1834,20228,11225,94C2, 9.125000E+01,26,11,37,26,11,-1.625048E+01, 2.405501E+00,-1.980858E+01, 5.751463E+01, 5.695023E+01, 2.190393E+00,-9.470930E+00, 1.062582E+00,-1.151384E+01, 7.538261E+01, 4.852112E+01, 1.577038E+01, 8.375000E-01,5, 0.000000E+00,4, 0.000000E+00,0, 0.000000E+00,4, 7.344525E+00, 1.199484E+00, 3.683038E+00,NULL,NULL,1,mc_qqps,53
-21041,1835,20228,11243,94C2, 9.125000E+01,48,14,62,48,14,-9.885343E+00, 9.437682E+00, 8.828600E+00, 7.043768E+01, 6.954367E+01, 1.448826E+00,-3.809844E+00, 6.279362E+00, 3.866793E+00, 8.517052E+01, 6.270976E+01, 1.352126E+01, 4.139744E-01,13, 1.373513E+00,1, 0.000000E+00,0, 0.000000E+00,9, 1.287505E+01, 6.015137E-01, 5.741454E+00,NULL,NULL,1,mc_qqps,53
-21041,1836,20228,11302,94C2, 9.125000E+01,20,11,31,20,11,-1.023897E+01, 2.528005E+00,-1.729626E+00, 7.353374E+01, 7.322256E+01, 3.661128E+00,-1.137136E+00, 7.624108E-01,-1.036677E+00, 8.648932E+01, 7.201462E+01, 1.090132E+01, 6.259480E-01,14, 4.942980E+00,0, 0.000000E+00,0, 0.000000E+00,10, 1.232964E+01, 4.301362E-01, 2.874918E+00,NULL,NULL,1,mc_qqps,53
-21041,1837,20228,11315,94C2, 9.125000E+01,36,16,52,36,16,-9.289385E+00, 4.197104E+00, 1.784137E+01, 5.001178E+01, 4.922533E+01, 1.367370E+00,-2.425439E+00, 1.609711E+00, 5.493224E+00, 7.964819E+01, 3.998525E+01, 1.561640E+01, 9.190336E+00,7, 1.019927E-01,8, 0.000000E+00,0, 0.000000E+00,5, 6.487393E+00, 7.297990E-01, 3.266848E+00,1, 0.000000E+00,1,mc_qqps,53
-21041,1838,20228,11333,94C2, 9.125000E+01,29,11,40,29,11,-2.062469E+00,-1.227432E+01,-4.588840E+00, 1.016805E+02, 1.011218E+02, 3.486959E+00,-1.867135E+00,-4.267239E+01,-1.744400E+00, 1.348024E+02, 5.483358E+01, 5.700085E+00, 2.742174E+01,11, 7.580831E+00,2, 0.000000E+00,0, 0.000000E+00,4, 4.314976E+00, 5.423180E-01, 2.109036E+00,NULL,NULL,1,mc_qqps,53
-21041,1839,20228,11349,94C2, 9.125000E+01,24,8,32,24,8,-3.576616E+00, 1.698698E+01, 3.280021E+01, 7.793382E+01, 7.756821E+01, 3.232009E+00,-1.523281E+00, 9.586452E+00, 1.794795E+01, 1.000459E+02, 6.512505E+01, 6.353312E+00, 1.575873E+01,0, 0.000000E+00,12, 4.923792E+00,0, 0.000000E+00,NULL,NULL,NULL,NULL,NULL,NULL,1,mc_qqps,53
-21041,1840,20228,11403,94C2, 9.125000E+01,25,18,43,25,18, 1.339580E+01, 2.322230E+01, 8.051297E+00, 3.755033E+01, 3.684270E+01, 1.473708E+00,-1.366428E+00, 1.054345E+00, 2.692443E+00, 9.647277E+01, 3.367056E+01, 4.017665E+01, 1.874580E+01,16, 7.254164E-01,0, 0.000000E+00,0, 0.000000E+00,12, 3.922767E+01, 3.371651E-01, 2.906061E+01,NULL,NULL,1,mc_qqps,53
-21041,1841,20228,11417,94C2, 9.125000E+01,50,20,70,50,20,-5.884385E+00,-9.819241E+00,-9.092962E+00, 4.966447E+01, 4.845628E+01, 9.691256E-01,-2.490931E-01,-2.841408E+00,-8.862702E-01, 1.016563E+02, 3.605040E+01, 4.944260E+01, 7.520022E-01,25, 9.952817E-01,1, 0.000000E+00,0, 0.000000E+00,15, 4.894749E+01, 3.492962E-01, 1.652128E+01,NULL,NULL,1,mc_qqps,53
-21041,1842,20228,11433,94C2, 9.125000E+01,11,6,17,11,6, 3.291281E+00,-2.669601E+00,-3.723563E+00, 7.462704E+01, 7.450269E+01, 6.772972E+00,-1.583483E+00, 1.288944E+00, 2.950524E+00, 8.743037E+01, 7.383485E+01, 1.262688E+01, 1.764533E-01,3, 0.000000E+00,1, 0.000000E+00,0, 0.000000E+00,3, 1.017156E+01, 1.808089E+00, 6.420062E+00,NULL,NULL,1,mc_qqps,53
-21041,1843,20228,11444,94C2, 9.125000E+01,27,17,44,27,17, 1.364956E-01, 2.477798E+01, 2.557134E+01, 9.336373E+01, 9.285340E+01, 3.439015E+00,-7.094604E-01, 2.771133E+01, 2.921828E+01, 1.255797E+02, 3.641716E+01, 2.757757E+01, 8.675186E-01,21, 4.413891E+00,0, 0.000000E+00,0, 0.000000E+00,16, 3.134846E+01, 5.113183E-01, 8.401102E+00,NULL,NULL,1,mc_qqps,53
-21041,1844,20228,11458,94C2, 9.125000E+01,22,16,38,22,16, 2.796478E+00,-2.819357E+00,-6.048655E+00, 6.045427E+01, 6.011457E+01, 2.732481E+00, 1.927588E+00,-3.249341E+00,-6.500830E+00, 8.691040E+01, 4.964405E+01, 2.083397E+01, 5.625462E+00,1, 0.000000E+00,13, 8.913706E+00,0, 0.000000E+00,1, 3.426118E+00, 3.426118E+00, 3.426118E+00,NULL,NULL,1,mc_qqps,53
-21041,1845,20228,11512,94C2, 9.125000E+01,21,19,40,21,19,-7.024342E-01,-1.966689E+00, 1.554654E-01, 2.930617E+01, 2.892936E+01, 1.377588E+00,-5.265773E-01,-2.445876E+00,-5.979815E-01, 7.604813E+01, 2.855698E+01, 3.799297E+01, 5.981902E+00,19, 2.081988E+00,0, 0.000000E+00,0, 0.000000E+00,14, 3.996057E+01, 6.600122E-01, 1.014205E+01,NULL,NULL,1,mc_qqps,53
-21041,1846,20228,11524,94C2, 9.125000E+01,30,14,44,30,14,-2.579705E-01,-9.133290E+00,-5.673084E+00, 5.998241E+01, 5.929581E+01, 1.976527E+00, 2.676577E-01,-6.019191E+00,-3.994122E+00, 8.156282E+01, 5.550338E+01, 1.177561E+01, 7.075993E+00,14, 2.694221E+00,2, 4.083850E-01,0, 0.000000E+00,10, 1.453367E+01, 7.723639E-01, 2.891289E+00,NULL,NULL,1,mc_qqps,53
-21041,1847,20228,11540,94C2, 9.125000E+01,39,14,53,39,14, 1.024483E+00, 3.710096E+00,-3.936721E+00, 5.331554E+01, 5.244837E+01, 1.344830E+00, 3.899333E-01,-2.549184E+00, 1.533694E+00, 8.305640E+01, 4.636974E+01, 1.727462E+01, 1.085952E+01,13, 1.072767E+01,3, 0.000000E+00,0, 0.000000E+00,8, 1.421641E+01, 2.584267E-01, 3.579190E+00,NULL,NULL,1,mc_qqps,53
-21041,1848,20228,11557,94C2, 9.125000E+01,36,11,47,36,11, 5.954564E-01, 3.987647E+00, 9.085761E-01, 5.569307E+01, 5.514544E+01, 1.531818E+00, 6.980890E+00, 1.355532E+01, 6.007148E+00, 7.862886E+01, 5.011450E+01, 2.110157E+01, 0.000000E+00,17, 1.493629E+00,0, 0.000000E+00,0, 0.000000E+00,10, 2.255715E+01, 3.676671E-01, 1.025615E+01,NULL,NULL,1,mc_qqps,53
-21041,1849,20228,11612,94C2, 9.125000E+01,30,9,39,30,9, 4.172567E+00,-5.826475E+00, 6.467031E+00, 7.492214E+01, 7.448366E+01, 2.482789E+00, 1.061853E+01,-1.492360E+01, 1.386587E+01, 9.549948E+01, 6.566167E+01, 7.725018E+00, 1.290577E+01,15, 5.749734E+00,0, 0.000000E+00,0, 0.000000E+00,4, 3.408291E+00, 6.145294E-01, 1.022821E+00,1, 0.000000E+00,1,mc_qqps,53
-21041,1850,20228,11628,94C2, 9.125000E+01,28,13,41,28,13,-8.664908E+00, 7.844086E+00, 6.459651E-01, 4.451161E+01, 4.371588E+01, 1.561281E+00, 3.489024E+00,-8.377039E-01,-6.864319E-01, 7.377422E+01, 4.131149E+01, 2.803853E+01, 0.000000E+00,18, 6.196098E+00,0, 0.000000E+00,0, 0.000000E+00,11, 2.610144E+01, 5.161476E-01, 1.413250E+01,NULL,NULL,1,mc_qqps,53
-21041,1851,20228,11638,94C2, 9.125000E+01,33,11,44,33,11,-9.133277E+00,-2.009498E+01,-1.044803E+02, 2.489472E+02, 2.482518E+02, 7.522780E+00,-9.515386E+00,-1.953271E+01,-1.017749E+02, 2.627630E+02, 4.825561E+00, 1.330954E+01, 0.000000E+00,1, 0.000000E+00,9, 1.831787E+01,0, 0.000000E+00,1, 5.063024E-01, 5.063024E-01, 5.063024E-01,4, 0.000000E+00,0,mc_qqps,53
-21041,1852,20228,11652,94C2, 9.125000E+01,32,15,47,32,15,-2.953762E+00,-3.627984E+00, 4.635777E+00, 6.087555E+01, 6.033731E+01, 1.885541E+00, 9.344907E-01,-1.476622E+00,-1.527933E+00, 8.193803E+01, 4.417031E+01, 1.327180E+01, 7.322433E+00,1, 0.000000E+00,13, 4.434227E+00,0, 0.000000E+00,1, 4.923138E-01, 4.923138E-01, 4.923138E-01,1, 0.000000E+00,1,mc_qqps,53
-21041,1853,20228,11708,94C2, 9.125000E+01,25,11,36,25,11, 1.233591E+01, 5.178399E+00,-4.298954E+00, 5.493276E+01, 5.436176E+01, 2.174470E+00, 8.729194E+00, 2.697740E+00,-4.959505E+00, 9.552663E+01, 5.120377E+01, 2.261419E+01, 1.345304E+01,10, 2.014266E+00,0, 0.000000E+00,0, 0.000000E+00,6, 1.777875E+01, 3.728095E-01, 7.203604E+00,NULL,NULL,1,mc_qqps,53
-21041,1854,20228,11723,94C2, 9.125000E+01,28,14,42,28,14,-1.035908E+00,-1.685591E+01,-7.836640E+00, 8.790434E+01, 8.746783E+01, 3.123851E+00,-2.091611E+00,-9.692122E+00,-3.272634E-01, 1.106109E+02, 6.035495E+01, 1.848132E+01, 4.225236E+00,9, 3.413999E+00,1, 0.000000E+00,0, 0.000000E+00,6, 1.620645E+01, 7.901881E-01, 5.871621E+00,NULL,NULL,1,mc_qqps,53
-21041,1855,20228,11738,94C2, 9.125000E+01,26,16,42,26,16,-1.809129E+00, 1.139420E+00,-4.083589E-02, 6.365820E+01, 6.327573E+01, 2.433682E+00,-1.441817E-01, 5.300547E+00, 7.637386E+00, 8.323629E+01, 6.165698E+01, 1.863050E+01, 0.000000E+00,5, 0.000000E+00,12, 6.360667E-01,0, 0.000000E+00,3, 4.242266E+00, 5.716325E-01, 2.723052E+00,1, 0.000000E+00,1,mc_qqps,53
-21041,1856,20228,11800,94C2, 9.125000E+01,23,14,37,23,14,-4.029358E+00,-5.010123E-01, 1.443662E+00, 6.072993E+01, 6.050079E+01, 2.630469E+00,-2.055767E+00,-2.887742E+00, 1.055843E+01, 7.530930E+01, 3.208668E+01, 1.272965E+01, 1.849726E+00,3, 0.000000E+00,15, 1.066504E+01,0, 0.000000E+00,2, 1.462446E+00, 4.916987E-01, 9.707474E-01,1, 0.000000E+00,1,mc_qqps,53
-21041,1857,20228,11819,94C2, 9.125000E+01,26,16,42,26,16,-5.489058E+00, 2.186047E+00, 8.618154E+00, 6.889385E+01, 6.859916E+01, 2.638429E+00,-4.486975E+00, 1.075020E+00, 8.645860E+00, 8.609344E+01, 6.603041E+01, 1.453170E+01, 1.470085E+00,7, 0.000000E+00,12, 7.834427E-01,0, 0.000000E+00,6, 6.440568E+00, 4.272709E-01, 2.479568E+00,NULL,NULL,1,mc_qqps,53
-21041,1858,20228,11834,94C2, 9.125000E+01,16,9,25,16,9, 1.076897E+00,-1.083726E+00,-4.922841E-01, 4.399377E+01, 4.380119E+01, 2.737574E+00, 6.702808E+00,-1.644572E+01,-5.002162E+00, 6.977953E+01, 4.346871E+01, 2.191328E+01, 0.000000E+00,14, 1.335713E+01,0, 0.000000E+00,0, 0.000000E+00,9, 2.578576E+01, 8.047276E-01, 8.689325E+00,NULL,NULL,1,mc_qqps,53
-21041,1859,20228,11848,94C2, 9.125000E+01,29,16,45,29,16, 2.527347E+00,-1.506211E+00,-1.251259E+00, 5.653320E+01, 5.612423E+01, 1.935318E+00, 8.927062E+00,-5.240467E+00, 6.213772E-02, 8.132809E+01, 5.009394E+01, 2.191375E+01, 0.000000E+00,17, 7.142857E+00,2, 0.000000E+00,0, 0.000000E+00,13, 2.039389E+01, 5.731543E-01, 4.922485E+00,NULL,NULL,1,mc_qqps,53
-21041,1860,20228,11905,94C2, 9.125000E+01,27,19,46,27,19, 1.084875E+01,-3.435436E+00,-8.772435E+00, 4.733163E+01, 4.698062E+01, 1.740023E+00, 7.266152E+00,-7.418628E-01,-6.537667E+00, 8.375005E+01, 4.276410E+01, 2.326657E+01, 1.318904E+01,16, 2.279986E+00,3, 0.000000E+00,0, 0.000000E+00,10, 1.507025E+01, 4.970738E-01, 3.757281E+00,NULL,NULL,1,mc_qqps,53
-21041,1861,20228,11923,94C2, 9.125000E+01,45,19,64,45,19,-1.850435E+00, 6.700726E+00,-5.031960E+00, 6.109244E+01, 6.002619E+01, 1.333915E+00,-1.805655E+00, 8.550966E+00,-6.429799E+00, 1.023912E+02, 5.616831E+01, 3.615863E+01, 5.444656E+00,20, 4.325649E+00,2, 0.000000E+00,0, 0.000000E+00,11, 2.796480E+01, 5.259075E-01, 7.080700E+00,NULL,NULL,1,mc_qqps,53
-21041,1862,20228,11942,94C2, 9.125000E+01,27,15,42,27,15,-1.848755E+00,-1.224851E+00,-3.380055E+00, 6.888988E+01, 6.843658E+01, 2.534688E+00,-2.857843E+00,-3.082114E+00, 1.134182E+00, 8.570636E+01, 5.769543E+01, 1.026071E+01, 5.512146E+00,6, 2.348958E+00,6, 0.000000E+00,0, 0.000000E+00,4, 5.553058E+00, 5.155004E-01, 3.147270E+00,NULL,NULL,1,mc_qqps,53
-21041,1863,20228,11958,94C2, 9.125000E+01,26,19,45,26,19,-5.071304E+00, 1.252282E-02,-4.002210E+00, 5.019131E+01, 4.972291E+01, 1.912420E+00, 6.852502E+00,-4.654676E+00, 5.256181E+00, 9.056209E+01, 4.468469E+01, 3.140470E+01, 5.928171E+00,16, 2.289261E+00,2, 0.000000E+00,0, 0.000000E+00,13, 3.084498E+01, 5.368441E-01, 5.401209E+00,NULL,NULL,1,mc_qqps,53
-21041,1864,20228,12013,94C2, 9.125000E+01,19,12,31,19,12,-6.673927E-02, 1.174002E-01, 7.226943E+00, 1.264041E+01, 1.178786E+01, 6.204138E-01, 6.775218E-01,-1.802774E+00,-2.435961E+00, 8.769518E+01, 1.728886E+00, 2.664120E+01, 4.841356E+01,1, 0.000000E+00,4, 0.000000E+00,0, 0.000000E+00,NULL,NULL,NULL,NULL,4, 0.000000E+00,0,mc_qqps,53
-21041,1865,20228,12042,94C2, 9.125000E+01,30,12,42,30,12, 6.241653E+00,-1.964169E+00,-5.333328E+00, 7.121575E+01, 7.059217E+01, 2.353072E+00, 3.012882E-01,-3.767803E-01, 3.990568E+00, 8.801985E+01, 6.152026E+01, 8.178601E+00, 8.627320E+00,5, 0.000000E+00,7, 0.000000E+00,0, 0.000000E+00,4, 4.085177E+00, 6.407819E-01, 1.794712E+00,NULL,NULL,1,mc_qqps,53
-21041,1866,20228,12057,94C2, 9.125000E+01,35,16,51,35,16,-4.240351E+00, 3.805740E+00,-1.505948E+00, 4.299204E+01, 4.208192E+01, 1.202341E+00,-3.623388E+00, 3.284818E+00,-1.727044E+00, 6.673034E+01, 3.845030E+01, 2.166290E+01, 4.332601E-01,13, 6.410396E+00,5, 0.000000E+00,0, 0.000000E+00,10, 1.180565E+01, 4.999743E-01, 1.987667E+00,NULL,NULL,1,mc_qqps,53
-21041,1867,20228,12112,94C2, 9.125000E+01,44,19,63,44,19, 2.123728E+00,-1.552734E+00, 3.468708E+01, 9.045380E+01, 8.972782E+01, 2.039269E+00, 1.088075E+00,-3.051561E-02, 3.535571E+01, 1.106354E+02, 3.198769E+01, 2.012105E+01, 6.058030E-02,3, 0.000000E+00,20, 8.874926E+00,0, 0.000000E+00,3, 6.524806E+00, 8.477216E-01, 3.912702E+00,1, 0.000000E+00,1,mc_qqps,53
-21041,1868,20228,12133,94C2, 9.125000E+01,24,9,33,24,9, 6.370938E+00, 7.603473E+00, 7.509407E+00, 5.846349E+01, 5.813444E+01, 2.422268E+00, 4.272876E+00, 4.349420E+00, 4.516716E+00, 7.287242E+01, 5.745154E+01, 1.029940E+01, 3.637850E+00,14, 9.917154E-01,0, 0.000000E+00,0, 0.000000E+00,7, 9.770540E+00, 5.064206E-01, 4.211312E+00,NULL,NULL,1,mc_qqps,53
-21041,1869,20228,12145,94C2, 9.125000E+01,29,9,38,29,9, 1.462657E-01,-1.732277E+00, 2.395186E+00, 3.842426E+01, 3.792186E+01, 1.307650E+00,-9.291922E-01,-2.621975E+00, 7.339135E+00, 4.560037E+01, 1.027732E+01, 6.193633E+00, 0.000000E+00,1, 0.000000E+00,12, 1.845713E+00,0, 0.000000E+00,1, 9.824809E-01, 9.824809E-01, 9.824809E-01,1, 0.000000E+00,0,mc_qqps,53
-21041,1870,20228,12202,94C2, 9.125000E+01,44,10,54,44,10,-1.176420E+00,-1.063642E+01, 3.315184E+00, 7.168240E+01, 7.065614E+01, 1.605821E+00, 9.094381E-01,-5.466706E+00, 2.672137E+00, 8.128027E+01, 6.669133E+01, 9.597863E+00, 0.000000E+00,19, 7.196886E+00,0, 0.000000E+00,0, 0.000000E+00,6, 8.006817E+00, 4.565239E-01, 3.426781E+00,NULL,NULL,1,mc_qqps,53
-21041,1871,20228,12222,94C2, 9.125000E+01,32,14,46,32,14, 1.690203E-01, 6.118396E+00, 1.429513E+01, 5.139558E+01, 5.079974E+01, 1.587492E+00, 3.896661E-01, 8.750278E+00, 3.841222E+00, 7.239042E+01, 4.292343E+01, 2.028329E+01, 7.115644E-01,11, 1.835885E-01,7, 3.109700E-01,0, 0.000000E+00,5, 4.484112E+00, 4.545992E-01, 1.731007E+00,2, 0.000000E+00,1,mc_qqps,53
-21041,1872,20228,12241,94C2, 9.125000E+01,17,19,36,17,19,-1.384776E+00,-6.779110E+00, 5.360571E+00, 4.069988E+01, 4.040439E+01, 2.376729E+00, 1.104860E+00,-3.231990E-01,-2.487319E+00, 8.364261E+01, 3.974846E+01, 3.214513E+01, 9.792324E+00,15, 1.329047E+01,0, 0.000000E+00,0, 0.000000E+00,11, 2.444007E+01, 4.225374E-01, 5.853635E+00,NULL,NULL,1,mc_qqps,53
-21041,1873,20228,12254,94C2, 9.125000E+01,35,14,49,35,14,-1.129733E+00,-9.902947E+00,-2.423780E+00, 6.933627E+01, 6.873817E+01, 1.963948E+00, 2.976021E+00, 6.727685E+00,-2.012579E-01, 8.821779E+01, 6.680477E+01, 7.190342E+00, 2.266415E+00,16, 7.025578E+00,0, 0.000000E+00,0, 0.000000E+00,9, 1.474868E+01, 3.360441E-01, 5.813979E+00,NULL,NULL,1,mc_qqps,53
-21041,1874,20228,12308,94C2, 9.125000E+01,23,7,30,23,7, 1.273788E+01,-3.883214E+00,-1.058053E+01, 7.374541E+01, 7.355289E+01, 3.197952E+00, 1.282790E+01,-4.425646E+00,-1.038440E+01, 9.920220E+01, 7.301342E+01, 6.305014E+00, 3.595973E+00,6, 0.000000E+00,1, 0.000000E+00,0, 0.000000E+00,4, 2.126492E+01, 3.382568E+00, 8.686090E+00,1, 0.000000E+00,1,mc_qqps,53
-21041,1875,20228,12318,94C2, 9.125000E+01,25,13,38,25,13, 4.259693E+00,-1.307416E+00, 9.665107E+00, 5.554120E+01, 5.513300E+01, 2.205320E+00, 2.731611E-01,-3.146082E-01, 5.942389E+00, 6.951662E+01, 4.190672E+01, 1.308323E+01, 0.000000E+00,5, 0.000000E+00,15, 1.502530E+01,0, 0.000000E+00,3, 5.284341E+00, 4.008367E-01, 3.991300E+00,1, 0.000000E+00,1,mc_qqps,53
-21041,1876,20228,12334,94C2, 9.125000E+01,35,14,49,35,14, 2.807445E+00, 6.581455E+00, 4.334069E+00, 7.106137E+01, 7.024895E+01, 2.007113E+00, 1.119201E+01, 7.546339E+00, 1.451316E+00, 1.240076E+02, 6.477489E+01, 1.969998E+01, 3.324622E+01,18, 1.110997E+01,0, 0.000000E+00,0, 0.000000E+00,8, 1.787238E+01, 8.035746E-01, 5.577458E+00,NULL,NULL,1,mc_qqps,53
-21041,1877,20228,12350,94C2, 9.125000E+01,26,18,44,26,18, 3.705199E+00,-7.717118E+00, 1.470426E+00, 5.243715E+01, 5.205718E+01, 2.002199E+00, 6.368872E+00,-1.442056E+01, 5.274443E+00, 7.370678E+01, 5.047914E+01, 1.722310E+01, 3.046333E+00,27, 1.081018E+01,0, 0.000000E+00,0, 0.000000E+00,16, 1.750779E+01, 4.018111E-01, 2.973816E+00,NULL,NULL,1,mc_qqps,53
-21041,1878,20228,12406,94C2, 9.125000E+01,22,13,35,22,13,-2.212310E+00,-7.609494E+00,-4.401836E+00, 6.969337E+01, 6.936128E+01, 3.152786E+00,-2.893763E+00,-2.406597E+01,-4.102493E+00, 9.554105E+01, 4.296880E+01, 2.233125E+01, 3.617331E+00,9, 4.588019E+00,3, 0.000000E+00,0, 0.000000E+00,5, 5.521205E+00, 6.180402E-01, 1.726132E+00,NULL,NULL,1,mc_qqps,53
-21041,1879,20228,12417,94C2, 9.125000E+01,31,13,44,31,13, 6.570652E+00, 9.562737E+00, 6.109554E+00, 6.356348E+01, 6.284715E+01, 2.027327E+00, 9.060287E+00, 1.266983E+01, 4.000147E+00, 9.841798E+01, 5.971535E+01, 1.835904E+01, 1.574359E+01,14, 5.139019E+00,2, 0.000000E+00,0, 0.000000E+00,8, 1.804736E+01, 2.157851E-01, 4.034831E+00,NULL,NULL,1,mc_qqps,53
-21041,1880,20228,12431,94C2, 9.125000E+01,47,12,59,47,12,-3.035491E+00,-4.440999E+00, 2.499160E+02, 3.078790E+02, 3.069825E+02, 6.531543E+00,-3.801955E+00,-5.670465E+00, 2.528219E+02, 3.209436E+02, 3.028072E+01, 1.236326E+01, 7.013610E-01,1, 0.000000E+00,15, 0.000000E+00,0, 0.000000E+00,NULL,NULL,NULL,NULL,NULL,NULL,1,mc_qqps,53
-21041,1881,20228,12449,94C2, 9.125000E+01,35,11,46,35,11, 9.524650E+00,-2.400683E+01,-9.842141E+00, 4.726832E+01, 4.678437E+01, 1.336696E+00,-8.550991E-01,-2.256172E+00,-2.360250E+00, 9.163505E+01, 3.938626E+01, 3.981025E+01, 4.374782E+00,13, 3.882958E+00,1, 0.000000E+00,0, 0.000000E+00,6, 3.621379E+01, 3.378159E-01, 2.943597E+01,NULL,NULL,1,mc_qqps,53
-21041,1882,20228,12504,94C2, 9.125000E+01,21,8,29,21,8,-7.496632E+00, 1.157516E+01, 8.353595E+00, 6.013274E+01, 5.975311E+01, 2.845386E+00,-8.995629E+00, 1.526064E+01, 1.139571E+01, 8.787810E+01, 5.785106E+01, 6.280813E+00, 0.000000E+00,11, 1.120584E+00,1, 0.000000E+00,0, 0.000000E+00,7, 2.650918E+01, 3.333001E-01, 1.199732E+01,NULL,NULL,1,mc_qqps,53
-21041,1883,20228,12517,94C2, 9.125000E+01,36,14,50,36,14,-1.668795E+01, 5.296365E+00, 7.381146E+00, 6.858939E+01, 6.762660E+01, 1.878517E+00,-7.058997E+00, 3.934707E+00, 3.968758E+00, 9.059374E+01, 6.617490E+01, 1.307771E+01, 9.184182E-01,19, 8.570942E+00,0, 0.000000E+00,0, 0.000000E+00,12, 2.108594E+01, 6.005536E-01, 4.845150E+00,NULL,NULL,1,mc_qqps,53
-21041,1884,20228,12535,94C2, 9.125000E+01,26,9,35,26,9,-8.259982E+00, 9.097061E+00,-1.196847E+01, 6.755582E+01, 6.701517E+01, 2.577507E+00,-2.217275E+00, 2.479245E+00,-5.822130E+00, 7.851189E+01, 6.469303E+01, 4.588435E+00, 9.217988E-01,8, 6.535956E+00,1, 0.000000E+00,0, 0.000000E+00,6, 8.981935E+00, 6.872174E-01, 2.754504E+00,NULL,NULL,1,mc_qqps,53
-21041,1885,20228,12549,94C2, 9.125000E+01,24,14,38,24,14, 6.382002E+00,-5.958411E-01,-1.313594E+00, 6.819762E+01, 6.789392E+01, 2.828913E+00, 1.372400E+01,-2.260895E+00,-3.774732E+00, 1.083790E+02, 5.961190E+01, 2.536298E+01, 1.403438E+01,18, 1.386377E+01,0, 0.000000E+00,0, 0.000000E+00,10, 2.115007E+01, 3.806964E-01, 6.614954E+00,NULL,NULL,1,mc_qqps,53
-21041,1886,20228,12601,94C2, 9.125000E+01,34,16,50,34,16, 1.137096E+01,-1.120482E+00, 4.413377E-01, 6.441550E+01, 6.364349E+01, 1.871867E+00, 1.998704E+00, 6.495008E-01, 1.048823E+00, 9.017849E+01, 5.535878E+01, 2.521560E+01, 5.473683E-01,19, 9.296310E+00,0, 0.000000E+00,0, 0.000000E+00,13, 2.313515E+01, 6.044902E-01, 7.173157E+00,NULL,NULL,1,mc_qqps,53
-21041,1887,20228,12616,94C2, 9.125000E+01,30,18,48,30,18,-3.362756E+00, 2.214271E-01, 6.206380E+00, 5.544315E+01, 5.476882E+01, 1.825627E+00, 4.020571E-01, 7.219639E-01, 2.865547E+00, 8.535176E+01, 5.273411E+01, 2.749879E+01, 1.651680E+00,15, 3.466643E+00,4, 0.000000E+00,0, 0.000000E+00,13, 2.420427E+01, 4.204175E-01, 8.269561E+00,NULL,NULL,1,mc_qqps,53
-21041,1888,20228,12633,94C2, 9.125000E+01,27,9,36,27,9,-2.645378E+00, 3.749029E+00,-4.031796E+00, 7.343693E+01, 7.279184E+01, 2.695994E+00,-5.220759E+00, 7.711443E+00,-6.227506E+00, 9.105086E+01, 6.793552E+01, 9.855832E+00, 3.938603E+00,11, 3.104784E+01,0, 0.000000E+00,0, 0.000000E+00,6, 1.424494E+01, 4.052504E-01, 6.304438E+00,NULL,NULL,1,mc_qqps,53
-21041,1889,20228,12644,94C2, 9.125000E+01,19,8,27,19,8,-3.713909E-01, 1.091349E+00, 1.012489E+01, 6.638741E+01, 6.607362E+01, 3.477559E+00,-3.000117E-01,-1.266812E+00, 5.905712E+00, 9.937466E+01, 2.607095E+00, 2.145607E+01, 1.153116E+01,0, 0.000000E+00,9, 8.875408E+00,0, 0.000000E+00,NULL,NULL,NULL,NULL,3, 0.000000E+00,0,mc_qqps,53
-21041,1890,20228,12713,94C2, 9.125000E+01,19,11,30,19,11,-7.825387E+00, 1.808727E+01, 6.372787E+00, 1.119250E+02, 1.115862E+02, 5.872955E+00,-4.729608E+01, 6.846628E+01, 2.048533E+01, 1.830745E+02, 1.084918E+02, 6.732738E+01, 2.607406E+00,9, 2.730692E+00,0, 0.000000E+00,0, 0.000000E+00,6, 1.396327E+01, 7.636488E-01, 7.300947E+00,NULL,NULL,1,mc_qqps,53
-21041,1891,20228,12727,94C2, 9.125000E+01,23,15,38,23,15, 1.122135E+01,-2.919355E+00,-2.256253E+00, 4.964460E+01, 4.921114E+01, 2.139615E+00,-8.651281E+00,-4.212279E-01, 8.054912E-01, 8.820104E+01, 4.890699E+01, 3.250133E+01, 2.632348E+00,15, 1.239246E+01,0, 0.000000E+00,0, 0.000000E+00,11, 3.297264E+01, 1.009373E+00, 7.154489E+00,1, 0.000000E+00,1,mc_qqps,53
-21041,1892,20228,12740,94C2, 9.125000E+01,35,14,49,35,14, 2.270521E+00,-4.818785E+00,-5.099212E+00, 4.994844E+01, 4.936618E+01, 1.410462E+00, 8.990932E-02,-1.060387E+00,-5.194577E+00, 8.312318E+01, 3.675683E+01, 2.943130E+01, 2.560402E+00,14, 5.618547E+00,2, 0.000000E+00,0, 0.000000E+00,9, 2.841175E+01, 7.540055E-01, 1.073538E+01,1, 0.000000E+00,1,mc_qqps,53
-21041,1893,20228,12755,94C2, 9.125000E+01,26,15,41,26,15,-1.038234E+00, 5.968363E-01, 9.012142E+00, 4.004490E+01, 3.953443E+01, 1.520555E+00, 3.117655E+00,-2.425750E+00,-2.587963E+00, 6.611260E+01, 2.733951E+01, 2.579214E+01, 2.755503E-01,1, 0.000000E+00,16, 6.265724E+00,0, 0.000000E+00,1, 2.751539E+00, 2.751539E+00, 2.751539E+00,2, 0.000000E+00,1,mc_qqps,53
-21041,1894,20228,12818,94C2, 9.125000E+01,17,9,26,17,9, 6.520494E+00, 1.055577E+01, 7.045223E+00, 6.219591E+01, 6.199637E+01, 3.646845E+00, 1.452154E+01, 2.314975E+01, 1.620695E+01, 8.614760E+01, 5.745465E+01, 1.853735E+01, 2.670623E+00,7, 3.260511E+01,0, 0.000000E+00,0, 0.000000E+00,4, 1.177753E+01, 7.693236E-01, 8.944057E+00,NULL,NULL,1,mc_qqps,53
-21041,1895,20228,12827,94C2, 9.125000E+01,17,7,24,17,7, 2.973807E+01, 7.141209E+00,-1.917950E+01, 3.910311E+01, 3.897322E+01, 2.292543E+00,-1.483436E+01,-1.189237E+00, 8.085428E+00, 1.044382E+02, 3.567607E+01, 3.072923E+00, 4.460442E+01,9, 3.058414E+00,0, 0.000000E+00,0, 0.000000E+00,4, 2.078408E+01, 4.680421E-01, 1.724312E+01,NULL,NULL,1,mc_qqps,53
-21041,1896,20228,12837,94C2, 9.125000E+01,30,15,45,30,15,-1.272865E+00,-2.812850E+00,-1.381485E+00, 4.095234E+01, 4.026526E+01, 1.342175E+00, 5.796654E+00, 3.683094E+00, 4.515199E-01, 6.990570E+01, 3.269953E+01, 1.658803E+01, 9.775459E+00,17, 8.114456E+00,0, 0.000000E+00,0, 0.000000E+00,10, 1.643281E+01, 4.897573E-01, 4.279078E+00,NULL,NULL,1,mc_qqps,53
-21041,1897,20228,12851,94C2, 9.125000E+01,32,12,44,32,12, 5.302931E+00,-5.758998E+00,-1.784175E+00, 6.384285E+01, 6.297952E+01, 1.968110E+00, 1.165470E+00, 3.799829E+00,-8.520252E+00, 1.043551E+02, 6.068582E+01, 3.033677E+01, 8.897556E+00,9, 0.000000E+00,1, 0.000000E+00,0, 0.000000E+00,8, 3.031417E+01, 5.221409E-01, 1.287086E+01,NULL,NULL,1,mc_qqps,53
-21041,1898,20228,12906,94C2, 9.125000E+01,32,8,40,32,8, 6.103851E+00, 9.061884E+00,-2.760421E+00, 5.751987E+01, 5.678800E+01, 1.774625E+00, 3.502179E+00,-2.620167E+00, 1.184584E+00, 8.996679E+01, 5.329263E+01, 9.627847E-01, 3.030722E+01,7, 2.107310E-01,0, 0.000000E+00,0, 0.000000E+00,3, 2.168906E+00, 3.266239E-01, 9.627847E-01,NULL,NULL,1,mc_qqps,53
-21041,1899,20228,12920,94C2, 9.125000E+01,19,13,32,19,13, 2.673740E-01,-3.241723E+00, 3.441686E+00, 5.148283E+01, 5.127716E+01, 2.698798E+00,-6.384705E-01, 5.392391E+00,-5.426167E+00, 8.750848E+01, 4.492809E+01, 2.887686E+01, 4.570574E+00,15, 1.692797E+01,2, 0.000000E+00,0, 0.000000E+00,10, 2.888239E+01, 8.844721E-01, 7.676541E+00,NULL,NULL,1,mc_qqps,53
-21041,1900,20228,12932,94C2, 9.125000E+01,16,16,32,16,16,-9.611734E-01, 9.014969E+00,-4.771151E+00, 5.557345E+01, 5.539216E+01, 3.462010E+00,-5.994816E-01, 6.357398E+00,-6.312520E+00, 7.820758E+01, 5.042978E+01, 1.946695E+01, 3.167192E+00,11, 9.200206E+00,7, 0.000000E+00,0, 0.000000E+00,6, 1.118798E+01, 9.635161E-01, 3.391682E+00,NULL,NULL,1,mc_qqps,53
-21041,1901,20228,12945,94C2, 9.125000E+01,37,18,55,37,18, 2.502798E+00,-1.137452E-01,-4.647605E+00, 7.565643E+01, 7.520049E+01, 2.032445E+00, 1.114071E+00, 1.101978E+00,-4.692347E-01, 1.023986E+02, 6.951201E+01, 2.050046E+01, 5.696350E+00,2, 6.993841E-02,17, 3.793378E+00,0, 0.000000E+00,1, 5.453697E-01, 5.453697E-01, 5.453697E-01,NULL,NULL,1,mc_qqps,53
-21041,1902,20228,13000,94C2, 9.125000E+01,10,16,26,10,16,-3.306806E-01,-2.651079E+00, 2.800846E+00, 1.062794E+01, 1.037356E+01, 1.037356E+00,-9.159784E-01,-7.567073E-01, 6.290880E+00, 3.190087E+01, 2.907526E+00, 2.040090E+01, 8.720297E-01,0, 0.000000E+00,11, 8.523601E-01,0, 0.000000E+00,NULL,NULL,NULL,NULL,6, 0.000000E+00,0,mc_qqps,53
-21041,1903,20228,13021,94C2, 9.125000E+01,30,9,39,30,9,-2.538032E+00, 1.531463E+01, 9.736282E+00, 4.872694E+01, 4.796091E+01, 1.598697E+00,-3.438197E+00, 1.963398E+01, 1.233307E+01, 7.693952E+01, 4.360088E+01, 1.548821E+01, 9.975916E+00,12, 2.591206E-01,0, 0.000000E+00,0, 0.000000E+00,6, 1.826085E+01, 8.762677E-01, 8.082627E+00,NULL,NULL,1,mc_qqps,53
-21041,1904,20228,13038,94C2, 9.125000E+01,32,14,46,32,14, 1.712584E+00, 2.230458E-01, 5.603129E+00, 7.459808E+01, 7.416503E+01, 2.317657E+00, 6.008545E+00,-3.693219E+00, 1.159529E+01, 9.240685E+01, 6.173207E+01, 1.163240E+01, 4.173113E+00,13, 7.070585E+00,2, 5.176853E-01,0, 0.000000E+00,8, 7.684363E+00, 5.437102E-01, 2.109374E+00,NULL,NULL,1,mc_qqps,53
-21041,1905,20228,13055,94C2, 9.125000E+01,28,14,42,28,14,-1.638601E+00, 3.497009E+00, 3.471034E-02, 5.935944E+01, 5.903585E+01, 2.108423E+00,-5.190619E+00,-1.228588E+00, 2.399425E+00, 8.956585E+01, 5.802042E+01, 2.406879E+01, 3.802372E-01,16, 1.091312E+00,0, 0.000000E+00,0, 0.000000E+00,11, 2.413795E+01, 6.538403E-01, 6.172221E+00,NULL,NULL,1,mc_qqps,53
-21041,1906,20228,13109,94C2, 9.125000E+01,41,14,55,41,14,-3.548010E-01,-2.180714E+00, 6.133172E+00, 8.922900E+01, 8.859973E+01, 2.160969E+00, 1.287610E+00,-1.461239E+00, 3.199585E+00, 1.006996E+02, 5.981154E+01, 6.549276E+00, 1.021025E+00,11, 1.407625E+00,6, 0.000000E+00,0, 0.000000E+00,5, 7.063324E+00, 8.281042E-01, 1.960386E+00,NULL,NULL,1,mc_qqps,53
-21041,1907,20228,13126,94C2, 9.125000E+01,25,19,44,25,19,-5.708966E+00,-1.689829E+01,-2.107333E+00, 5.525077E+01, 5.495362E+01, 2.198145E+00,-2.770632E+00,-7.625578E+00,-1.580931E+00, 1.033990E+02, 5.317935E+01, 1.594594E+01, 2.850947E+01,14, 1.353308E+00,0, 0.000000E+00,0, 0.000000E+00,11, 1.878873E+01, 6.410887E-01, 5.991397E+00,NULL,NULL,1,mc_qqps,53
-21041,1908,20228,13139,94C2, 9.125000E+01,46,18,64,46,18, 1.367589E-01,-4.878121E+00, 4.928489E+00, 6.010878E+01, 5.937833E+01, 1.290833E+00, 4.570392E+00, 1.801293E+00, 1.103820E+00, 8.672748E+01, 5.032329E+01, 1.329191E+01, 1.275775E+01,16, 7.154489E-01,2, 0.000000E+00,0, 0.000000E+00,11, 1.249895E+01, 4.932432E-01, 2.371320E+00,1, 0.000000E+00,1,mc_qqps,53
-21041,1909,20228,13157,94C2, 9.125000E+01,40,10,50,40,10,-5.301943E+00, 5.078537E+00,-2.003376E+00, 6.352388E+01, 6.237513E+01, 1.559378E+00,-5.704920E-01,-4.620189E+00,-2.559042E+00, 9.178222E+01, 5.038634E+01, 2.257524E+01, 1.556908E+00,14, 8.922015E+00,0, 0.000000E+00,0, 0.000000E+00,8, 2.670143E+01, 3.071580E-01, 1.809835E+01,NULL,NULL,1,mc_qqps,53
-21041,1910,20228,13212,94C2, 9.125000E+01,23,10,33,23,10, 1.064140E+00,-1.189986E+01, 1.535338E+01, 4.050541E+01, 3.992134E+01, 1.735711E+00, 7.204692E-01,-7.774726E-01,-2.861297E-01, 6.609116E+01, 3.578383E+01, 2.511308E+01, 1.170335E-01,5, 0.000000E+00,6, 0.000000E+00,0, 0.000000E+00,4, 4.061979E+00, 3.556390E-01, 1.704999E+00,NULL,NULL,1,mc_qqps,53
-21041,1911,20228,13231,94C2, 9.125000E+01,40,13,53,40,13, 6.053492E+00, 1.210916E+01, 6.794927E+00, 3.452682E+01, 3.310969E+01, 8.277422E-01,-2.854158E+00, 1.397817E+00,-3.078574E+00, 9.062688E+01, 2.662949E+01, 5.538721E+01, 7.142103E-01,16, 1.552668E+00,0, 0.000000E+00,0, 0.000000E+00,11, 5.538583E+01, 7.770991E-01, 2.602847E+01,NULL,NULL,1,mc_qqps,53
-21041,1912,20228,13252,94C2, 9.125000E+01,19,9,28,19,9, 2.892105E+00, 1.441118E-01, 6.460527E+00, 7.427410E+01, 7.406811E+01, 3.898321E+00, 4.526962E+00,-4.538717E-01, 6.794863E+00, 9.315064E+01, 5.950135E+01, 1.187230E+01, 7.004231E+00,0, 0.000000E+00,14, 1.665653E+01,0, 0.000000E+00,NULL,NULL,NULL,NULL,NULL,NULL,1,mc_qqps,53
-21041,1913,20228,13304,94C2, 9.125000E+01,24,12,36,24,12, 2.526370E+00, 1.751849E+00,-1.630305E+01, 3.346206E+01, 3.294927E+01, 1.372886E+00, 2.844416E+00, 1.287945E+00,-1.860936E+01, 4.376751E+01, 1.244967E+01, 1.030546E+01, 0.000000E+00,0, 0.000000E+00,15, 5.360264E+00,0, 0.000000E+00,NULL,NULL,NULL,NULL,1, 0.000000E+00,0,mc_qqps,53
-21041,1914,20228,13314,94C2, 9.125000E+01,25,18,43,25,18, 2.284617E+00,-7.680765E-02,-7.786129E-01, 3.624961E+01, 3.567973E+01, 1.427189E+00, 2.896657E+00, 4.251658E+00,-9.899565E+00, 8.042943E+01, 2.742107E+01, 4.064840E+01, 3.531424E+00,3, 0.000000E+00,17, 8.379144E+00,0, 0.000000E+00,2, 1.647513E+00, 6.325032E-01, 1.015010E+00,NULL,NULL,1,mc_qqps,53
-21041,1915,20228,13328,94C2, 9.125000E+01,29,29,58,29,29,-1.383906E+00,-2.500077E+00,-7.633334E+00, 5.573347E+01, 5.512406E+01, 1.900830E+00,-1.630869E+00, 6.030697E+00, 1.233537E+01, 1.079045E+02, 4.995929E+01, 2.346647E+01, 2.870459E+01,1, 1.419467E-02,26, 3.207460E+00,0, 0.000000E+00,NULL,NULL,NULL,NULL,NULL,NULL,1,mc_qqps,53
-21041,1916,20228,13344,94C2, 9.125000E+01,21,15,36,21,15, 1.764538E+00, 1.522388E+00, 1.514431E+00, 4.898170E+01, 4.866314E+01, 2.317292E+00,-5.402804E-01,-5.911249E-01,-1.251401E+00, 7.392012E+01, 4.768008E+01, 2.485933E+01, 7.907356E-02,14, 1.453122E+00,3, 0.000000E+00,0, 0.000000E+00,11, 2.246533E+01, 5.611995E-01, 4.792029E+00,NULL,NULL,1,mc_qqps,53
-21041,1917,20228,13401,94C2, 9.125000E+01,26,15,41,26,15, 1.399372E+01, 5.986355E+00,-2.430228E+00, 4.579675E+01, 4.543742E+01, 1.747593E+00, 1.686157E+01, 8.452526E+00,-4.004743E+00, 7.494604E+01, 2.736491E+01, 2.703771E+01, 5.224971E-01,15, 3.307150E+00,1, 0.000000E+00,0, 0.000000E+00,11, 2.692500E+01, 4.299917E-01, 9.464729E+00,NULL,NULL,1,mc_qqps,53
-21041,1918,20228,13414,94C2, 9.125000E+01,23,11,34,23,11,-9.046186E+00,-4.310725E+00, 1.078939E+01, 5.729455E+01, 5.698743E+01, 2.477714E+00, 1.175958E+00, 3.915405E+00,-8.080572E-01, 9.952557E+01, 4.761616E+01, 3.648210E+01, 4.228591E+00,12, 3.968925E-01,0, 0.000000E+00,0, 0.000000E+00,8, 3.800243E+01, 7.328650E-01, 2.625434E+01,NULL,NULL,1,mc_qqps,53
-21041,1919,20228,13428,94C2, 9.125000E+01,67,18,85,67,18, 9.781920E-01,-4.234200E+00, 7.999603E+00, 5.781005E+01, 5.597958E+01, 8.355161E-01, 1.186011E+00,-9.549120E+00, 1.052990E+01, 7.868581E+01, 4.742141E+01, 1.437092E+01, 4.098177E+00,9, 0.000000E+00,5, 0.000000E+00,0, 0.000000E+00,8, 8.314068E+00, 3.692078E-01, 2.080767E+00,1, 0.000000E+00,1,mc_qqps,53
-21041,1920,20228,13455,94C2, 9.125000E+01,30,14,44,30,14,-1.360639E+00, 2.466407E-01,-1.923748E+00, 6.215413E+01, 6.165755E+01, 2.055252E+00,-2.060700E+00, 4.652474E+00,-7.547815E+00, 9.639668E+01, 5.682459E+01, 3.084722E+01, 3.431817E+00,16, 8.611390E+00,1, 0.000000E+00,0, 0.000000E+00,9, 2.405809E+01, 6.332734E-01, 8.726788E+00,NULL,NULL,1,mc_qqps,53
-21041,1921,20228,13511,94C2, 9.125000E+01,27,18,45,27,18,-2.224901E+00,-2.327097E+00, 3.645074E+00, 4.379962E+01, 4.346118E+01, 1.609673E+00, 3.725535E+00,-3.354760E+00,-3.812126E+00, 7.633028E+01, 4.169814E+01, 2.379206E+01, 9.025097E+00,14, 6.842125E+00,1, 0.000000E+00,0, 0.000000E+00,9, 2.174497E+01, 5.813268E-01, 7.151940E+00,NULL,NULL,1,mc_qqps,53
-21041,1922,20228,13526,94C2, 9.125000E+01,31,15,46,31,15, 6.887564E+00, 1.624444E+01,-1.750342E+00, 3.475261E+01, 3.393465E+01, 1.094666E+00,-4.038275E+00,-1.009129E+01, 2.519425E+00, 7.535469E+01, 2.899173E+01, 3.264753E+01, 6.869429E-01,16, 4.540902E+00,0, 0.000000E+00,0, 0.000000E+00,11, 3.838177E+01, 4.603694E-01, 1.496181E+01,NULL,NULL,1,mc_qqps,53
-21041,1923,20228,13538,94C2, 9.125000E+01,20,17,37,20,17, 3.943692E+00,-4.062069E+00,-2.036742E+01, 2.922727E+01, 2.875599E+01, 1.437800E+00, 4.682382E+00,-3.998695E+00,-2.226449E+01, 6.132391E+01, 1.259914E+01, 2.869706E+01, 3.404094E+00,0, 0.000000E+00,14, 3.367578E+00,0, 0.000000E+00,NULL,NULL,NULL,NULL,5, 0.000000E+00,1,mc_qqps,53
-21041,1924,20228,13559,94C2, 9.125000E+01,17,5,22,17,5, 2.024749E+01, 1.318736E+01,-6.121432E+01, 8.714098E+01, 8.695691E+01, 5.115112E+00, 1.008122E+01, 6.545844E+00,-4.590021E+01, 1.212762E+02, 3.295705E+01, 3.413527E+01, 0.000000E+00,7, 3.097351E+00,5, 4.239522E-01,0, 0.000000E+00,4, 3.359587E+01, 1.232026E+00, 2.662795E+01,NULL,NULL,1,mc_qqps,53
-21041,1925,20228,13616,94C2, 9.125000E+01,14,6,20,14,6,-2.705152E+00, 7.449506E+00,-2.433936E+00, 3.868728E+01, 3.858576E+01, 2.756126E+00,-3.811889E-01,-3.917847E-01,-1.558496E+00, 9.874542E+01, 3.872834E+01, 4.285065E+01, 1.059847E+00,10, 4.616646E+00,0, 0.000000E+00,0, 0.000000E+00,4, 5.782336E+01, 4.422164E+00, 2.157027E+01,NULL,NULL,1,mc_qqps,53
-21041,1926,20228,13626,94C2, 9.125000E+01,29,12,41,29,12, 1.460387E+01, 6.712375E+00, 1.377304E+01, 6.558690E+01, 6.507692E+01, 2.244032E+00, 1.405783E+01, 8.083841E+00, 1.431228E+01, 7.596297E+01, 5.658853E+01, 7.884438E+00, 7.447823E-01,11, 3.350793E+00,5, 0.000000E+00,0, 0.000000E+00,7, 7.248004E+00, 4.758430E-01, 1.515496E+00,1, 0.000000E+00,1,mc_qqps,53
-21041,1927,20228,13643,94C2, 9.125000E+01,42,18,60,42,18, 1.071020E+01,-4.060443E+00,-4.122682E+00, 4.623729E+01, 4.515335E+01, 1.075080E+00, 4.324753E+00,-2.803976E+00, 3.734799E+00, 9.735728E+01, 3.580904E+01, 3.238049E+01, 1.706484E+01,19, 7.195032E+00,0, 0.000000E+00,0, 0.000000E+00,13, 2.986440E+01, 3.324256E-01, 7.782260E+00,NULL,NULL,1,mc_qqps,53
-21041,1928,20228,13700,94C2, 9.125000E+01,22,6,28,22,6,-2.457940E-01,-2.246679E+00, 3.072899E+00, 5.953608E+01, 5.914509E+01, 2.688413E+00, 1.217713E+00,-4.519537E+00, 8.132917E+00, 7.197259E+01, 5.451522E+01, 1.082639E+01, 1.616162E+00,1, 0.000000E+00,9, 3.777174E+00,0, 0.000000E+00,NULL,NULL,NULL,NULL,NULL,NULL,1,mc_qqps,53
-21041,1929,20228,13713,94C2, 9.125000E+01,27,20,47,27,20, 8.359869E+00,-2.405361E-01, 2.747428E+00, 6.224114E+01, 6.190324E+01, 2.292713E+00, 8.998719E+00,-4.922252E-01, 3.095700E+00, 9.554054E+01, 5.575318E+01, 2.772664E+01, 5.572771E+00,22, 1.091009E+00,1, 0.000000E+00,0, 0.000000E+00,16, 2.657393E+01, 6.132529E-01, 5.275206E+00,NULL,NULL,1,mc_qqps,53
-21041,1930,20228,13728,94C2, 9.125000E+01,53,23,76,53,23, 1.565440E+00,-6.079450E-01,-9.695572E-02, 6.878098E+01, 6.755579E+01, 1.274638E+00, 3.391153E+00,-4.675243E+00,-1.205535E+01, 8.903156E+01, 4.899280E+01, 1.671397E+01, 2.954938E+00,5, 0.000000E+00,23, 1.278626E+00,0, 0.000000E+00,3, 1.652337E+00, 5.235564E-01, 5.816748E-01,1, 0.000000E+00,1,mc_qqps,53
-21041,1931,20228,13753,94C2, 9.125000E+01,17,7,24,17,7, 1.368921E+01,-1.695717E+00,-8.411214E+00, 5.417225E+01, 5.384504E+01, 3.167355E+00, 1.855141E+01,-2.075678E+00,-7.907732E+00, 6.497646E+01, 5.340066E+01, 7.516372E+00, 2.358438E+00,10, 3.851569E+00,0, 0.000000E+00,0, 0.000000E+00,5, 8.505710E+00, 4.155817E-01, 5.034145E+00,NULL,NULL,1,mc_qqps,53
-21041,1932,20228,13803,94C2, 9.125000E+01,48,12,60,48,12,-1.783065E+00, 7.458257E+00, 9.092104E+00, 5.952983E+01, 5.848438E+01, 1.218425E+00,-1.453360E+00, 5.460852E+00, 7.589489E+00, 7.859187E+01, 3.509429E+01, 1.768994E+01, 1.372105E+00,1, 0.000000E+00,10, 0.000000E+00,0, 0.000000E+00,1, 8.352692E-01, 8.352692E-01, 8.352692E-01,NULL,NULL,1,mc_qqps,53
-21041,1933,20228,13820,94C2, 9.125000E+01,36,16,52,36,16, 2.910208E+00, 8.535817E-01,-8.849483E+00, 5.815372E+01, 5.748677E+01, 1.596855E+00, 5.555566E+00,-3.524206E+00,-5.905479E+00, 7.788644E+01, 5.570831E+01, 1.374156E+01, 3.986676E+00,9, 4.556800E+00,5, 5.073652E-01,0, 0.000000E+00,8, 1.285340E+01, 4.077829E-01, 4.722853E+00,NULL,NULL,1,mc_qqps,53
-21041,1934,20228,13836,94C2, 9.125000E+01,45,12,57,45,12, 3.312274E+00, 1.015341E+00, 1.217854E+00, 7.275160E+01, 7.189887E+01, 1.597753E+00, 7.826922E+00,-2.996928E+00, 3.845110E+00, 8.368354E+01, 6.088206E+01, 9.538227E+00, 6.792492E-01,17, 3.392577E+00,1, 0.000000E+00,0, 0.000000E+00,7, 8.669475E+00, 3.864382E-01, 2.454577E+00,NULL,NULL,1,mc_qqps,53
-21041,1935,20228,13852,94C2, 9.125000E+01,25,8,33,25,8, 1.249541E+01, 3.075707E-02,-1.180072E+01, 5.427571E+01, 5.384796E+01, 2.153919E+00, 2.412850E+00, 1.654339E+00,-2.244200E+00, 8.186784E+01, 5.222178E+01, 1.391842E+01, 7.853592E+00,13, 1.487943E+01,0, 0.000000E+00,0, 0.000000E+00,7, 1.975435E+01, 7.776865E-01, 5.835922E+00,NULL,NULL,1,mc_qqps,53
-21041,1936,20228,13907,94C2, 9.125000E+01,23,11,34,23,11,-1.615701E-01, 1.031019E+01, 7.370298E+00, 4.687275E+01, 4.661986E+01, 2.026951E+00,-7.551944E-02,-3.070841E-01,-2.557870E+00, 7.312191E+01, 4.524753E+01, 1.155166E+01, 1.133177E+01,9, 0.000000E+00,0, 0.000000E+00,0, 0.000000E+00,8, 1.491740E+01, 3.292158E-01, 4.091404E+00,NULL,NULL,1,mc_qqps,53
-21041,1937,20228,13921,94C2, 9.125000E+01,17,13,30,17,13, 1.474683E+00, 4.657392E+00, 5.147907E+00, 3.349072E+01, 3.314487E+01, 1.949698E+00, 6.150152E-02, 4.456294E+00, 4.989669E+00, 6.996899E+01, 3.075773E+01, 2.580782E+01, 1.670701E+00,13, 1.177213E+00,0, 0.000000E+00,0, 0.000000E+00,11, 3.491975E+01, 7.132306E-01, 1.332570E+01,NULL,NULL,1,mc_qqps,53
-21041,1938,20228,13933,94C2, 9.125000E+01,45,9,54,45,9, 6.745468E+00, 3.661763E+00,-1.911760E+01, 8.061214E+01, 7.960410E+01, 1.768980E+00, 4.684005E+00, 2.188505E+00,-1.402148E+01, 9.680078E+01, 5.937842E+01, 1.354339E+01, 2.648919E+00,2, 0.000000E+00,12, 4.638154E+00,0, 0.000000E+00,NULL,NULL,NULL,NULL,NULL,NULL,1,mc_qqps,53
-21041,1939,20228,13946,94C2, 9.125000E+01,28,12,40,28,12, 5.376796E+00,-2.877979E+00, 5.136018E+00, 6.971662E+01, 6.932516E+01, 2.475899E+00, 2.354275E+00,-8.346956E-01, 3.281126E+00, 9.558923E+01, 4.461974E+01, 2.439328E+01, 0.000000E+00,16, 5.648140E+00,0, 0.000000E+00,0, 0.000000E+00,11, 2.193579E+01, 4.370272E-01, 5.640039E+00,NULL,NULL,1,mc_qqps,53
-21041,1940,20228,13958,94C2, 9.125000E+01,26,15,41,26,15, 4.037528E+00,-1.403410E+01, 2.221260E+01, 4.494682E+01, 4.427700E+01, 1.702962E+00, 8.003572E-01,-2.190206E+00,-2.198831E+00, 7.914042E+01, 4.085323E+01, 2.622484E+01, 5.677901E+00,4, 0.000000E+00,9, 2.392540E+00,0, 0.000000E+00,4, 4.784293E+00, 7.215264E-01, 1.771905E+00,NULL,NULL,1,mc_qqps,53
-21041,1941,20228,14010,94C2, 9.125000E+01,38,20,58,38,20, 8.847713E+00,-5.153500E+00,-4.436676E+00, 6.773074E+01, 6.709051E+01, 1.765540E+00, 7.118612E+00,-4.571124E+00, 1.161242E+00, 9.626849E+01, 5.799221E+01, 1.624250E+01, 3.756086E+00,22, 4.206702E+00,3, 3.464756E-01,0, 0.000000E+00,16, 2.131774E+01, 3.920660E-01, 4.275018E+00,NULL,NULL,1,mc_qqps,53
-21041,1942,20228,14026,94C2, 9.125000E+01,25,8,33,25,8, 1.946004E+01,-5.398985E+00,-5.076694E+01, 1.120843E+02, 1.117256E+02, 4.469026E+00, 1.666587E+01,-5.732261E+00,-4.470995E+01, 1.240068E+02, 5.227465E+01, 3.739152E+00, 8.184837E+00,0, 0.000000E+00,12, 2.310905E+01,0, 0.000000E+00,NULL,NULL,NULL,NULL,NULL,NULL,1,mc_qqps,53
-21041,1943,20228,14040,94C2, 9.125000E+01,23,20,43,23,20,-5.568455E+00, 5.167226E-01,-2.265209E+01, 4.767558E+01, 4.730041E+01, 2.056540E+00,-8.274959E+00, 1.011624E+00,-2.913390E+01, 6.477106E+01, 2.575339E+01, 1.472244E+01, 2.373026E+00,0, 0.000000E+00,22, 3.201647E+00,0, 0.000000E+00,NULL,NULL,NULL,NULL,NULL,NULL,1,mc_qqps,53
-21041,1944,20228,14054,94C2, 9.125000E+01,29,9,38,29,9,-7.076746E+00,-4.208508E+00, 3.546357E+00, 7.301229E+01, 7.262807E+01, 2.504416E+00, 2.823852E+00, 6.156725E-01, 9.524097E-01, 8.947809E+01, 7.071084E+01, 1.333519E+01, 3.205358E+00,16, 7.791885E+00,0, 0.000000E+00,0, 0.000000E+00,6, 1.222038E+01, 9.549296E-01, 4.036799E+00,NULL,NULL,1,mc_qqps,53
-21041,1945,20228,14106,94C2, 9.125000E+01,35,16,51,35,16,-1.576165E+01, 3.294075E+01, 1.006347E+03, 1.062795E+03, 1.062293E+03, 3.035122E+01,-1.125144E+01, 2.997927E+01, 9.936542E+02, 1.089924E+03, 3.933705E+01, 2.391934E+01, 3.209778E+00,1, 0.000000E+00,18, 1.019033E+01,0, 0.000000E+00,1, 7.579898E-01, 7.579898E-01, 7.579898E-01,NULL,NULL,1,mc_qqps,53
-21041,1946,20228,14121,94C2, 9.125000E+01,47,16,63,47,16,-9.073097E+00, 2.991529E-01,-3.551827E+01, 1.055421E+02, 1.046642E+02, 2.226899E+00,-5.636487E+00,-2.572636E-02,-3.070707E+01, 1.196136E+02, 5.517553E+01, 1.377404E+01, 2.975000E-01,2, 0.000000E+00,21, 8.109346E+00,0, 0.000000E+00,1, 1.680978E+00, 1.680978E+00, 1.680978E+00,1, 0.000000E+00,1,mc_qqps,53
-21041,1947,20228,14140,94C2, 9.125000E+01,46,13,59,46,13,-3.396444E+00,-1.597829E-01, 2.150615E+00, 7.541570E+01, 7.445946E+01, 1.618684E+00,-1.837671E-02, 1.476151E+00,-1.269236E-01, 1.022274E+02, 5.482693E+01, 1.220012E+01, 1.060180E+01,20, 1.164574E+01,0, 0.000000E+00,0, 0.000000E+00,10, 1.621354E+01, 4.443104E-01, 2.589196E+00,NULL,NULL,1,mc_qqps,53
-21041,1948,20228,14156,94C2, 9.125000E+01,36,16,52,36,16,-2.528025E+00, 6.317295E+00, 1.635592E+01, 1.304371E+02, 1.298830E+02, 3.607861E+00,-1.054091E+00, 5.784459E+00, 1.379302E+01, 1.466249E+02, 9.083366E+01, 1.154753E+01, 4.640248E+00,5, 5.641001E-02,10, 0.000000E+00,0, 0.000000E+00,1, 2.058885E+00, 2.058885E+00, 2.058885E+00,NULL,NULL,1,mc_qqps,53
-21041,1949,20228,14213,94C2, 9.125000E+01,35,9,44,35,9, 9.077585E+00,-3.983788E-01,-2.330146E+01, 7.718338E+01, 7.663829E+01, 2.189666E+00, 8.164073E+00,-5.131483E+00,-1.568680E+01, 1.000427E+02, 5.425043E+01, 2.197968E+01, 8.796877E-01,1, 0.000000E+00,14, 5.174283E+00,0, 0.000000E+00,NULL,NULL,NULL,NULL,NULL,NULL,1,mc_qqps,53
-21041,1950,20228,14230,94C2, 9.125000E+01,34,17,51,34,17,-2.838654E+00, 3.816922E+00,-9.292627E+00, 6.241632E+01, 6.172015E+01, 1.815299E+00,-1.758469E+00, 4.478105E+00,-8.456975E+00, 8.835426E+01, 5.006652E+01, 2.292709E+01, 3.014987E+00,1, 0.000000E+00,16, 4.504467E+00,0, 0.000000E+00,1, 6.151768E-01, 6.151768E-01, 6.151768E-01,NULL,NULL,1,mc_qqps,53
-21041,1951,20228,14245,94C2, 9.125000E+01,48,18,66,48,18, 1.388979E+00, 2.179438E+00, 1.523913E+00, 7.878385E+01, 7.757079E+01, 1.616058E+00, 1.425182E+00, 3.216131E+00, 1.554102E+00, 1.043773E+02, 6.523259E+01, 1.994214E+01, 5.673655E+00,22, 2.515987E+00,0, 0.000000E+00,0, 0.000000E+00,13, 1.601167E+01, 3.709065E-01, 4.526463E+00,NULL,NULL,1,mc_qqps,53
-21041,1952,20228,14307,94C2, 9.125000E+01,26,19,45,26,19,-7.652963E+00, 1.229294E+01, 3.263213E+01, 7.746205E+01, 7.705891E+01, 2.963804E+00,-6.453093E+00, 1.136255E+01, 2.931537E+01, 9.743491E+01, 2.259404E+01, 1.488823E+01, 3.845350E+00,4, 0.000000E+00,15, 2.332165E+01,0, 0.000000E+00,3, 3.189865E+00, 6.958601E-01, 1.529763E+00,NULL,NULL,1,mc_qqps,53
-21041,1953,20228,14321,94C2, 9.125000E+01,25,21,46,25,21,-5.075483E+00, 8.721273E+00, 4.025553E+00, 5.177346E+01, 5.100820E+01, 2.040328E+00, 7.035686E+00,-7.737331E+00,-3.048312E+00, 1.068446E+02, 3.434583E+01, 4.852106E+01, 2.155534E-01,23, 4.255426E+00,0, 0.000000E+00,0, 0.000000E+00,18, 5.319240E+01, 4.603101E-01, 7.467456E+00,NULL,NULL,1,mc_qqps,53
-21041,1954,20228,14336,94C2, 9.125000E+01,29,8,37,29,8,-2.510955E+00, 1.569279E-01, 1.547024E+00, 5.791135E+01, 5.738096E+01, 1.978654E+00,-6.674904E+00,-4.534371E+00,-5.052240E+00, 7.443517E+01, 4.723282E+01, 1.652383E+01, 0.000000E+00,6, 0.000000E+00,4, 0.000000E+00,0, 0.000000E+00,4, 1.285501E+01, 2.494823E+00, 4.784494E+00,NULL,NULL,1,mc_qqps,53
-21041,1955,20228,14357,94C2, 9.125000E+01,48,17,65,48,17,-9.645690E+00, 9.010908E+00,-1.289299E+01, 9.038378E+01, 8.924883E+01, 1.859351E+00,-8.079172E+00,-1.540491E+01,-8.110783E+00, 1.468515E+02, 6.645645E+01, 1.540274E+01, 3.447501E+01,18, 1.066870E+01,1, 0.000000E+00,0, 0.000000E+00,11, 2.084200E+01, 6.419743E-01, 7.458341E+00,NULL,NULL,1,mc_qqps,53
-21041,1956,20228,14413,94C2, 9.125000E+01,49,14,63,49,14,-1.412637E+01,-1.749107E+01,-1.564023E+01, 7.229349E+01, 7.089833E+01, 1.446905E+00,-1.185661E+01,-1.764316E+01,-1.378895E+01, 1.072831E+02, 4.931318E+01, 1.721446E+01, 4.312501E+00,15, 3.714776E-01,0, 0.000000E+00,0, 0.000000E+00,10, 3.043521E+01, 6.891642E-01, 6.579651E+00,NULL,NULL,1,mc_qqps,53
-21041,1957,20228,14428,94C2, 9.125000E+01,31,10,41,31,10, 1.281329E+02, 6.737327E+01,-5.053068E+02, 5.984734E+02, 5.979155E+02, 1.928760E+01, 1.277602E+02, 6.885918E+01,-5.055282E+02, 6.175194E+02, 6.053636E+01, 1.904594E+01, 0.000000E+00,1, 0.000000E+00,16, 1.330693E+01,0, 0.000000E+00,NULL,NULL,NULL,NULL,NULL,NULL,1,mc_qqps,53
-21041,1958,20228,14443,94C2, 9.125000E+01,14,12,26,14,12,-6.125553E+01, 5.627613E+00, 7.163730E+00, 1.026528E+02, 1.025097E+02, 7.322121E+00,-6.529700E+01, 6.886699E+00, 7.111742E+00, 1.291560E+02, 3.590612E+01, 1.478146E+01, 7.996034E+00,13, 9.641121E+00,0, 0.000000E+00,0, 0.000000E+00,9, 1.783340E+01, 8.268356E-01, 6.761399E+00,NULL,NULL,1,mc_qqps,53
-21041,1959,20228,14456,94C2, 9.125000E+01,43,13,56,43,13, 1.188776E-01,-2.102814E+00,-2.982462E-01, 6.901398E+01, 6.824537E+01, 1.587102E+00,-1.216471E+00,-4.975151E+00,-2.477211E+00, 9.162051E+01, 6.468585E+01, 1.264662E+01, 6.749641E+00,19, 6.522448E+00,0, 0.000000E+00,0, 0.000000E+00,11, 1.541491E+01, 3.161760E-01, 3.194314E+00,NULL,NULL,1,mc_qqps,53
-21041,1960,20228,14515,94C2, 9.125000E+01,17,14,31,17,14,-8.097257E+00, 8.719015E+00,-2.090482E+00, 7.241799E+01, 7.224176E+01, 4.249516E+00,-1.963177E+00, 1.394474E+00,-1.394280E+00, 9.902155E+01, 7.133797E+01, 1.730349E+01, 1.946303E+00,14, 1.535484E+01,0, 0.000000E+00,0, 0.000000E+00,10, 2.339380E+01, 4.960190E-01, 7.394778E+00,NULL,NULL,1,mc_qqps,53
-21041,1961,20228,14526,94C2, 9.125000E+01,27,6,33,27,6,-2.779166E+00, 4.060875E+00, 6.735682E-02, 8.059396E+01, 8.022865E+01, 2.971431E+00,-2.235469E+00, 3.686503E+00, 2.310854E-01, 8.630906E+01, 7.497292E+01, 5.229045E+00, 0.000000E+00,13, 1.775057E+01,0, 0.000000E+00,0, 0.000000E+00,5, 5.318710E+00, 4.860485E-01, 1.899722E+00,NULL,NULL,1,mc_qqps,53
-21041,1962,20228,14539,94C2, 9.125000E+01,30,21,51,30,21, 1.263624E+00, 4.312636E+00,-5.656188E+00, 4.519937E+01, 4.473037E+01, 1.491012E+00, 1.046546E+00, 4.258578E+00,-6.694193E+00, 7.821359E+01, 2.961426E+01, 2.133396E+01, 8.815475E+00,8, 2.789479E-01,10, 6.208558E-01,0, 0.000000E+00,7, 6.942945E+00, 4.558749E-01, 1.586949E+00,1, 0.000000E+00,1,mc_qqps,53
-21041,1963,20228,14559,94C2, 9.125000E+01,36,13,49,36,13, 5.625128E-02,-1.773837E+00,-3.460876E+00, 6.505817E+01, 6.450655E+01, 1.791849E+00,-1.847926E+00, 1.479081E+00, 4.919503E+00, 8.252557E+01, 5.655010E+01, 1.337318E+01, 4.094234E+00,3, 0.000000E+00,13, 0.000000E+00,0, 0.000000E+00,3, 2.142855E+00, 6.841925E-01, 7.394962E-01,NULL,NULL,1,mc_qqps,53
-21041,1964,20228,14614,94C2, 9.125000E+01,19,17,36,19,17,-4.325944E+00,-3.067050E+00, 4.215598E-01, 6.139943E+01, 6.118941E+01, 3.220495E+00, 1.025367E+00, 6.567081E-01,-4.447519E+00, 8.924796E+01, 6.166025E+01, 2.471305E+01, 3.135479E+00,14, 1.316499E+01,8, 0.000000E+00,0, 0.000000E+00,9, 1.806207E+01, 5.040986E-01, 3.905422E+00,NULL,NULL,1,mc_qqps,53
-21041,1965,20228,14628,94C2, 9.125000E+01,24,19,43,24,19,-9.055003E+00, 1.310636E+01, 1.179384E+01, 5.890224E+01, 5.822667E+01, 2.426111E+00,-8.852148E-02,-9.016614E-01,-4.823563E+00, 1.015017E+02, 5.710738E+01, 2.004947E+01, 1.940827E+01,13, 3.747023E+00,0, 0.000000E+00,0, 0.000000E+00,10, 2.229481E+01, 5.362066E-01, 6.279263E+00,1, 0.000000E+00,1,mc_qqps,53
-21041,1966,20228,14644,94C2, 9.125000E+01,22,12,34,22,12, 9.392315E+00,-1.708422E+01,-1.247856E+01, 6.961709E+01, 6.911048E+01, 3.141386E+00,-3.946060E+00, 3.010719E+00, 2.603397E+00, 1.000620E+02, 6.247376E+01, 2.670481E+01, 8.561789E-01,13, 1.165110E+01,1, 0.000000E+00,0, 0.000000E+00,9, 2.894925E+01, 3.569258E-01, 1.252086E+01,NULL,NULL,1,mc_qqps,53
-21041,1967,20228,14658,94C2, 9.125000E+01,14,7,21,14,7, 5.057513E-01,-1.118150E-01,-8.119609E-01, 5.130805E+00, 4.632235E+00, 3.308739E-01,-1.784444E-03, 5.355356E-01,-9.424274E+00, 4.575346E+01, 2.466640E+00, 4.062265E+01, 0.000000E+00,0, 0.000000E+00,1, 0.000000E+00,0, 0.000000E+00,NULL,NULL,NULL,NULL,4, 0.000000E+00,0,mc_qqps,53
-21041,1968,20228,14741,94C2, 9.125000E+01,32,7,39,32,7,-1.566704E+01, 1.735744E+01,-6.966814E+00, 7.055747E+01, 6.998445E+01, 2.187014E+00,-1.249984E+01, 1.448584E+01,-5.713583E+00, 8.465276E+01, 6.289030E+01, 3.228141E+00, 1.089709E+01,9, 1.879493E+01,0, 0.000000E+00,0, 0.000000E+00,4, 3.228141E+00, 3.998063E-01, 1.085478E+00,NULL,NULL,1,mc_qqps,53
-21041,1969,20228,14756,94C2, 9.125000E+01,29,14,43,29,14,-1.609566E+00, 2.002205E+00,-1.071616E+00, 6.886127E+01, 6.834730E+01, 2.356803E+00, 6.677530E+00, 4.578132E+00, 1.548773E+00, 9.348673E+01, 6.622910E+01, 6.635970E+00, 1.470594E+01,16, 3.232405E+00,0, 0.000000E+00,0, 0.000000E+00,8, 9.786611E+00, 5.048600E-01, 2.577272E+00,NULL,NULL,1,mc_qqps,53
-21041,1970,20228,14809,94C2, 9.125000E+01,19,4,23,19,4,-2.513164E+00,-4.521550E+00,-1.587139E+00, 5.544716E+01, 5.526817E+01, 2.908851E+00,-2.035045E+00,-3.854909E+00,-1.382939E+00, 5.797580E+01, 5.378940E+01, 2.320763E+00, 2.078707E-01,7, 2.667686E+00,0, 0.000000E+00,0, 0.000000E+00,3, 2.320763E+00, 3.488781E-01, 1.324653E+00,NULL,NULL,1,mc_qqps,53
-21041,1971,20228,14815,94C2, 9.125000E+01,44,22,66,44,22,-5.984124E-01, 4.058041E+00,-5.635098E+00, 8.933070E+01, 8.853000E+01, 2.012045E+00,-3.823144E+00, 4.035629E+00,-1.221965E+01, 1.102687E+02, 4.433556E+01, 1.589854E+01, 5.123410E+00,2, 0.000000E+00,20, 1.041619E+01,0, 0.000000E+00,2, 2.350332E+00, 5.579954E-01, 1.792337E+00,NULL,NULL,1,mc_qqps,53
-21041,1972,20228,14831,94C2, 9.125000E+01,34,13,47,34,13, 3.629459E+00,-4.557179E+00, 6.415237E-01, 6.037998E+01, 5.971682E+01, 1.756377E+00,-4.795328E+00, 1.567781E+01,-3.478092E+00, 8.346585E+01, 5.859262E+01, 8.739181E+00, 6.986675E+00,14, 4.133503E-01,0, 0.000000E+00,0, 0.000000E+00,8, 1.406498E+01, 4.092735E-01, 7.380074E+00,NULL,NULL,1,mc_qqps,53
-21041,1973,20228,14849,94C2, 9.125000E+01,30,14,44,30,14, 2.672621E+01, 6.386459E+00, 9.994938E+00, 6.429928E+01, 6.380680E+01, 2.126893E+00, 9.664734E+00, 2.034466E+00, 3.898497E+00, 9.516077E+01, 5.221839E+01, 2.171309E+01, 7.517433E+00,19, 6.848296E+00,0, 0.000000E+00,0, 0.000000E+00,11, 2.340047E+01, 5.753746E-01, 6.640971E+00,NULL,NULL,1,mc_qqps,53
-21041,1974,20228,14903,94C2, 9.125000E+01,21,25,46,21,25,-6.881166E+00, 9.963231E-01, 3.002327E+00, 2.715450E+01, 2.679687E+01, 1.276042E+00,-6.273131E+00, 4.764066E+00, 6.396196E-01, 6.379002E+01, 1.172795E+01, 2.841002E+01, 3.821173E+00,5, 0.000000E+00,13, 1.252833E+01,0, 0.000000E+00,5, 8.756697E+00, 6.196479E-01, 4.404335E+00,4, 0.000000E+00,1,mc_qqps,53
-21041,1975,20228,14917,94C2, 9.125000E+01,21,10,31,21,10,-1.130193E+01, 2.210877E+01, 1.497714E+01, 4.511001E+01, 4.490214E+01, 2.138197E+00,-2.541219E+00, 3.769508E+00, 3.081923E+00, 8.345489E+01, 4.444643E+01, 1.253900E+01, 9.148033E-01,14, 2.214581E+00,0, 0.000000E+00,0, 0.000000E+00,8, 3.743006E+01, 4.122022E-01, 2.420153E+01,NULL,NULL,1,mc_qqps,53
-21041,1976,20228,14929,94C2, 9.125000E+01,36,12,48,36,12,-5.018496E+00,-6.400396E+00, 9.674037E+00, 7.406009E+01, 7.329240E+01, 2.035900E+00,-3.664587E+00, 2.916331E+00, 3.873007E+00, 8.953973E+01, 5.700514E+01, 1.179172E+01, 7.305454E-01,12, 1.023820E+01,5, 3.603512E-01,0, 0.000000E+00,5, 8.986732E+00, 7.849246E-01, 2.957368E+00,NULL,NULL,1,mc_qqps,53
-21041,1977,20228,14943,94C2, 9.125000E+01,31,11,42,31,11,-9.575470E-01, 1.519179E+00,-3.886150E+00, 6.257357E+01, 6.213132E+01, 2.004236E+00, 3.238895E+00,-4.677100E+00, 5.139229E+00, 7.791984E+01, 6.039382E+01, 5.184798E+00, 1.051013E+01,4, 2.483958E-01,4, 0.000000E+00,0, 0.000000E+00,2, 1.518142E+00, 7.149802E-01, 8.031622E-01,NULL,NULL,1,mc_qqps,53
-21041,1978,20228,15000,94C2, 9.125000E+01,27,16,43,27,16,-7.070550E+00,-3.886204E+00, 4.881984E+00, 5.218525E+01, 5.176951E+01, 1.917389E+00,-5.864863E+00,-5.874882E+00, 6.715062E+00, 8.147472E+01, 4.497972E+01, 2.123121E+01, 7.372610E+00,13, 3.332592E+00,4, 0.000000E+00,0, 0.000000E+00,10, 1.964794E+01, 5.083237E-01, 6.463109E+00,NULL,NULL,1,mc_qqps,53
-21041,1979,20228,15012,94C2, 9.125000E+01,25,7,32,25,7, 3.064013E+00,-2.427721E+00,-1.140757E+01, 6.311682E+01, 6.275434E+01, 2.510174E+00, 3.460871E+00,-3.230630E+00,-1.244303E+01, 7.470641E+01, 5.465098E+01, 1.158959E+01, 0.000000E+00,0, 0.000000E+00,14, 1.601559E+01,0, 0.000000E+00,NULL,NULL,NULL,NULL,NULL,NULL,1,mc_qqps,53
-21041,1980,20228,15027,94C2, 9.125000E+01,25,19,44,25,19,-1.987124E+01,-2.300917E+00,-3.155601E+00, 6.832120E+01, 6.798410E+01, 2.719364E+00,-2.115492E+01,-3.638874E+00,-5.232503E+00, 9.842532E+01, 4.457743E+01, 2.575828E+01, 1.486026E+00,21, 7.650224E+00,0, 0.000000E+00,0, 0.000000E+00,17, 2.861809E+01, 5.073187E-01, 5.382936E+00,NULL,NULL,1,mc_qqps,53
-21041,1981,20228,15041,94C2, 9.125000E+01,25,21,46,25,21, 2.326286E+00, 5.171504E+00, 1.022083E+01, 2.438631E+01, 2.373244E+01, 9.492975E-01, 1.710951E+00,-6.781316E-01, 1.084259E+01, 5.718213E+01, 1.929960E+01, 3.279581E+01, 0.000000E+00,3, 0.000000E+00,14, 2.739972E+00,0, 0.000000E+00,3, 5.168935E+00, 1.547378E+00, 1.963195E+00,6, 0.000000E+00,1,mc_qqps,53
-21041,1982,20228,15101,94C2, 9.125000E+01,23,12,35,23,12,-8.848421E-02,-1.986700E+00, 3.978780E+00, 6.062820E+01, 6.010757E+01, 2.613373E+00,-7.020331E-01,-6.616142E+00, 5.587837E+00, 7.827515E+01, 5.690145E+01, 1.624688E+01, 0.000000E+00,17, 9.425327E+00,0, 0.000000E+00,0, 0.000000E+00,12, 1.764695E+01, 5.031541E-01, 3.824311E+00,NULL,NULL,1,mc_qqps,53
-21041,1983,20228,15114,94C2, 9.125000E+01,30,16,46,30,16,-5.511651E+00,-1.372619E-01, 1.735825E+01, 6.661206E+01, 6.626325E+01, 2.208775E+00,-7.214864E+00,-7.095092E-01, 2.142492E+01, 8.541579E+01, 3.271200E+01, 1.817476E+01, 6.289782E-01,0, 0.000000E+00,22, 1.611534E+01,0, 0.000000E+00,NULL,NULL,NULL,NULL,NULL,NULL,1,mc_qqps,53
-21041,1984,20228,15129,94C2, 9.125000E+01,25,18,43,25,18,-9.196377E+00,-1.722836E+00, 3.135385E+00, 4.700288E+01, 4.648552E+01, 1.859421E+00,-1.667908E+01,-3.229875E+00, 5.592449E+00, 9.944483E+01, 4.515963E+01, 4.742243E+01, 2.566144E+00,20, 7.599312E+00,0, 0.000000E+00,0, 0.000000E+00,14, 4.420886E+01, 3.325319E-01, 1.474128E+01,NULL,NULL,1,mc_qqps,53
-21041,1985,20228,15146,94C2, 9.125000E+01,32,13,45,32,13, 1.484962E+01, 1.844867E+00, 3.817676E+01, 9.131148E+01, 9.063564E+01, 2.832364E+00, 1.687662E+01,-2.710698E+00, 4.415939E+01, 1.082538E+02, 3.292879E+01, 1.227314E+01, 4.669221E+00,5, 6.155007E-02,8, 0.000000E+00,0, 0.000000E+00,2, 4.312187E+00, 2.059806E+00, 2.252381E+00,NULL,NULL,1,mc_qqps,53
-21041,1986,20228,15157,94C2, 9.125000E+01,27,6,33,27,6, 6.443449E-01,-2.633503E+00, 1.049573E+00, 5.563862E+01, 5.501449E+01, 2.037574E+00, 6.775739E-01,-8.569818E+00, 6.312799E-01, 6.556895E+01, 4.917841E+01, 9.930337E+00, 0.000000E+00,12, 1.308158E+00,0, 0.000000E+00,0, 0.000000E+00,5, 9.504413E+00, 5.902564E-01, 5.429788E+00,NULL,NULL,1,mc_qqps,53
-21041,1987,20228,15212,94C2, 9.125000E+01,27,13,40,27,13,-8.851897E+00, 1.740420E+00, 1.747766E+00, 4.675326E+01, 4.575864E+01, 1.694764E+00, 4.637291E+00,-4.375376E-01,-2.554090E+00, 7.141753E+01, 4.427591E+01, 6.138083E+00, 1.097841E+01,15, 6.873982E+00,0, 0.000000E+00,0, 0.000000E+00,8, 1.368585E+01, 4.033361E-01, 7.144435E+00,NULL,NULL,1,mc_qqps,53
-21041,1988,20228,15227,94C2, 9.125000E+01,16,17,33,16,17,-1.047162E+01, 2.965262E+01,-1.297572E+01, 6.937110E+01, 6.928321E+01, 4.330201E+00,-7.205070E+00, 2.180729E+01,-9.494347E+00, 9.951472E+01, 5.170023E+01, 2.557582E+01, 1.183555E+00,17, 4.883842E+00,0, 0.000000E+00,0, 0.000000E+00,15, 2.896006E+01, 4.870645E-01, 6.737627E+00,NULL,NULL,1,mc_qqps,53
-21041,1989,20228,15238,94C2, 9.125000E+01,11,10,21,11,10,-3.419532E+01, 1.665890E+00,-2.853173E+00, 3.813063E+01, 3.787579E+01, 3.443254E+00,-5.924901E+00, 8.783306E-01,-3.847852E-01, 8.207144E+01, 3.709025E+01, 4.067670E+01, 2.249559E-01,8, 1.282276E+00,0, 0.000000E+00,0, 0.000000E+00,7, 3.723534E+01, 1.091580E+00, 1.880529E+01,NULL,NULL,1,mc_qqps,53
-21041,1990,20228,15252,94C2, 9.125000E+01,30,23,53,30,23,-5.225332E+00,-4.882374E+00, 5.980773E+00, 3.693243E+01, 3.640894E+01, 1.213631E+00,-5.814905E+00,-9.983313E+00, 6.862643E+00, 6.501138E+01, 2.969931E+01, 2.145993E+01, 5.643763E+00,7, 7.043309E-02,10, 0.000000E+00,0, 0.000000E+00,6, 1.151146E+01, 2.376358E-01, 6.152947E+00,1, 0.000000E+00,1,mc_qqps,53
-21041,1991,20228,15313,94C2, 9.125000E+01,32,16,48,32,16,-4.057494E+00,-7.930678E+00, 3.188844E+00, 3.989849E+01, 3.893963E+01, 1.216864E+00,-1.678099E+00,-1.295167E+01, 3.070388E+00, 7.902602E+01, 2.954539E+01, 3.405157E+01, 2.863537E+00,21, 9.436830E+00,0, 0.000000E+00,0, 0.000000E+00,12, 3.412316E+01, 4.082303E-01, 1.078647E+01,NULL,NULL,1,mc_qqps,53
-21041,1992,20228,15329,94C2, 9.125000E+01,28,12,40,28,12,-1.225295E+01, 2.091555E+00, 1.507948E+01, 4.222866E+01, 4.169109E+01, 1.488968E+00,-1.472628E+01,-4.812127E-02, 2.005917E+01, 7.363142E+01, 3.937791E+01, 1.389234E+01, 1.754556E+01,6, 0.000000E+00,0, 0.000000E+00,0, 0.000000E+00,6, 1.389234E+01, 7.288519E-01, 6.379719E+00,NULL,NULL,1,mc_qqps,53
-21041,1993,20228,15345,94C2, 9.125000E+01,41,25,66,41,25,-1.159249E+00, 1.340308E+01,-1.542556E+01, 5.123540E+01, 5.040686E+01, 1.229436E+00, 1.774659E+00, 1.091623E+01,-9.381679E+00, 9.416061E+01, 4.422387E+01, 3.771904E+01, 5.206171E+00,19, 2.260768E+00,4, 0.000000E+00,0, 0.000000E+00,17, 3.253847E+01, 4.077801E-01, 6.909227E+00,1, 0.000000E+00,1,mc_qqps,53
-21041,1994,20228,15404,94C2, 9.125000E+01,30,13,43,30,13, 3.632983E+00,-4.572300E+00, 3.084617E+01, 5.079720E+01, 5.012951E+01, 1.670984E+00, 4.350535E+00,-5.856915E+00, 2.911143E+01, 9.126978E+01, 1.043481E+01, 2.818607E+01, 1.178585E+01,5, 0.000000E+00,7, 9.651167E-01,0, 0.000000E+00,4, 4.250077E+00, 5.015221E-01, 1.396551E+00,3, 0.000000E+00,0,mc_qqps,53
-21041,1995,20228,15427,94C2, 9.125000E+01,32,19,51,32,19, 7.578318E+00, 5.146515E-02, 2.002133E+00, 7.681928E+01, 7.623099E+01, 2.382218E+00, 4.768374E+00,-1.898633E+00,-4.911043E+00, 1.046802E+02, 1.951866E+01, 2.366571E+01, 4.195261E+00,3, 0.000000E+00,19, 1.473658E+01,0, 0.000000E+00,2, 8.107198E-01, 3.971040E-01, 4.136159E-01,NULL,NULL,1,mc_qqps,53
-21041,1996,20228,15443,94C2, 9.125000E+01,36,12,48,36,12, 1.037346E+00,-1.527478E+00, 2.377861E+00, 4.644354E+01, 4.558314E+01, 1.266198E+00, 3.670037E-01,-1.049019E+01, 9.166872E+00, 6.329266E+01, 3.979391E+01, 7.398411E+00, 3.815120E+00,13, 3.628572E+00,1, 0.000000E+00,0, 0.000000E+00,7, 1.229416E+01, 4.814252E-01, 4.652152E+00,NULL,NULL,1,mc_qqps,53
-21041,1997,20228,15457,94C2, 9.125000E+01,27,7,34,27,7, 3.315752E-01,-3.791530E+00,-1.940440E+00, 7.354369E+01, 7.315153E+01, 2.709316E+00, 8.465266E-01, 4.057608E+00, 3.664109E+00, 8.805309E+01, 6.266192E+01, 8.755951E+00, 0.000000E+00,13, 5.433980E+00,1, 0.000000E+00,0, 0.000000E+00,7, 1.450941E+01, 7.068693E-01, 4.653232E+00,NULL,NULL,1,mc_qqps,53
-21041,1998,20228,15512,94C2, 9.125000E+01,50,24,74,50,24,-3.005514E+01,-1.066367E+01,-5.689601E+02, 6.674947E+02, 6.663312E+02, 1.332662E+01,-2.894103E+01,-8.620961E+00,-5.709799E+02, 6.888725E+02, 3.142970E+01, 7.192353E+00, 8.460485E+00,8, 4.711022E-01,12, 1.708868E+00,0, 0.000000E+00,6, 6.086300E+00, 3.594298E-01, 1.841105E+00,NULL,NULL,1,mc_qqps,53
-21041,1999,20228,15532,94C2, 9.125000E+01,38,31,69,38,31,-7.269550E+00,-7.978255E+00, 7.365209E+00, 5.555582E+01, 5.494460E+01, 1.445910E+00, 1.215557E+00,-2.615200E-01,-2.950142E+00, 9.567165E+01, 4.339616E+01, 2.860944E+01, 7.248416E+00,28, 7.204193E+00,0, 0.000000E+00,0, 0.000000E+00,21, 3.072270E+01, 5.257211E-01, 4.523115E+00,NULL,NULL,1,mc_qqps,53
-21041,2000,20228,15550,94C2, 9.125000E+01,18,13,31,18,13,-6.000097E+00, 4.826600E+00,-5.602155E+00, 2.937631E+01, 2.901693E+01, 1.612051E+00, 2.253735E+00,-4.517749E-01, 1.369097E+00, 8.643507E+01, 2.753050E+01, 3.734742E+01, 1.922043E+01,13, 3.283222E+00,0, 0.000000E+00,0, 0.000000E+00,9, 3.759010E+01, 4.912936E-01, 2.336325E+01,NULL,NULL,1,mc_qqps,53
-21041,2001,20228,15603,94C2, 9.125000E+01,29,16,45,29,16,-1.337648E+00, 2.267714E+00,-3.185227E-01, 5.958119E+01, 5.927615E+01, 2.044005E+00,-4.005947E+00, 2.978862E+00,-1.709450E+00, 8.316335E+01, 5.553287E+01, 2.295719E+01, 0.000000E+00,16, 5.901893E+00,1, 0.000000E+00,0, 0.000000E+00,11, 1.878178E+01, 5.907385E-01, 5.392982E+00,NULL,NULL,1,mc_qqps,53
-21041,2002,20228,15618,94C2, 9.125000E+01,19,10,29,19,10, 7.304636E-01,-3.595873E+00, 5.307307E+00, 5.568780E+01, 5.527381E+01, 2.909148E+00, 1.284021E-01, 4.688377E-01,-3.973050E-01, 8.669618E+01, 5.269350E+01, 2.473546E+01, 4.905080E+00,10, 2.465109E-01,0, 0.000000E+00,0, 0.000000E+00,6, 2.587385E+01, 1.367850E+00, 8.717508E+00,NULL,NULL,1,mc_qqps,53
-21041,2003,20228,15629,94C2, 9.125000E+01,20,13,33,20,13, 5.053084E-01,-3.108696E+00, 3.786410E+00, 4.298137E+01, 4.261306E+01, 2.130653E+00,-4.313776E-01,-6.205514E+00, 5.609991E+00, 7.805822E+01, 2.563155E+01, 1.841612E+01, 1.558615E+01,12, 4.200039E+00,0, 0.000000E+00,0, 0.000000E+00,9, 1.799111E+01, 4.260311E-01, 5.181729E+00,NULL,NULL,1,mc_qqps,53
-21041,2004,20228,15640,94C2, 9.125000E+01,32,12,44,32,12,-1.464667E+00, 3.702279E+00, 6.671414E+00, 6.176034E+01, 6.113408E+01, 1.910440E+00,-3.088568E+00, 5.433395E+00, 8.612729E+00, 7.967891E+01, 4.704842E+01, 1.593848E+01, 2.077777E+00,7, 4.771852E-01,14, 6.195813E+00,0, 0.000000E+00,3, 2.174806E+00, 4.533152E-01, 8.621132E-01,NULL,NULL,1,mc_qqps,53
-21041,2005,20228,15654,94C2, 9.125000E+01,37,18,55,37,18, 1.171844E+00,-9.446781E+00, 1.378141E+00, 6.230492E+01, 6.171037E+01, 1.667848E+00, 2.909922E+00, 7.857375E-01, 1.137148E+00, 8.561355E+01, 5.006359E+01, 1.889707E+01, 1.690259E+00,22, 6.430611E+00,0, 0.000000E+00,0, 0.000000E+00,14, 2.043035E+01, 4.542582E-01, 4.575421E+00,NULL,NULL,1,mc_qqps,53
-21041,2006,20228,15710,94C2, 9.125000E+01,26,10,36,26,10,-1.052285E+01,-2.280723E+01,-8.440534E-02, 8.885936E+01, 8.810782E+01, 3.388762E+00,-1.283582E+01,-2.757318E+01,-7.309852E-01, 1.128558E+02, 7.213839E+01, 2.067370E+01, 0.000000E+00,16, 9.296859E+00,0, 0.000000E+00,0, 0.000000E+00,10, 2.399640E+01, 5.718927E-01, 9.526102E+00,NULL,NULL,1,mc_qqps,53
-21041,2007,20228,15724,94C2, 9.125000E+01,30,17,47,30,17,-5.781573E+00, 4.477720E-01, 6.825100E+00, 4.503398E+01, 4.431996E+01, 1.477332E+00, 4.677612E-01, 1.066774E+00, 1.313501E+01, 7.582135E+01, 2.404826E+01, 1.522072E+01, 1.383159E+01,4, 0.000000E+00,8, 0.000000E+00,0, 0.000000E+00,4, 5.169059E+00, 6.137974E-01, 1.867183E+00,1, 0.000000E+00,1,mc_qqps,53
-21041,2008,20228,15745,94C2, 9.125000E+01,25,26,51,25,26,-2.319106E+00, 1.708183E+00, 1.990820E+01, 3.953900E+01, 3.891455E+01, 1.556582E+00,-1.114638E+00, 1.431778E+00, 1.714029E+01, 7.358873E+01, 9.918566E+00, 3.043852E+01, 3.611202E+00,0, 0.000000E+00,22, 2.998242E+00,0, 0.000000E+00,NULL,NULL,NULL,NULL,3, 0.000000E+00,0,mc_qqps,53
-21041,2009,20228,15810,94C2, 9.125000E+01,36,13,49,36,13, 1.787451E+01,-1.008904E+01,-9.706032E+00, 4.590063E+01, 4.451470E+01, 1.236519E+00, 1.045507E+01,-5.957603E+00,-5.708689E+00, 1.026951E+02, 3.630888E+01, 5.071971E+01, 4.490820E+00,10, 4.900332E+00,3, 0.000000E+00,0, 0.000000E+00,8, 5.077090E+01, 5.961854E-01, 2.914575E+01,NULL,NULL,1,mc_qqps,53
-21041,2010,20228,15824,94C2, 9.125000E+01,43,26,69,43,26,-7.026083E+00,-6.253167E+00,-1.547225E+00, 7.494171E+01, 7.392920E+01, 1.719284E+00,-1.306787E+01,-1.552654E+01, 4.115948E-01, 1.102446E+02, 4.255535E+01, 2.396934E+01, 4.234138E+00,25, 2.620070E+00,0, 0.000000E+00,0, 0.000000E+00,20, 2.808348E+01, 3.716539E-01, 7.840054E+00,NULL,NULL,1,mc_qqps,53
-21041,2011,20228,15846,94C2, 9.125000E+01,49,14,63,49,14, 2.202629E+01,-1.629596E+01, 8.269647E+00, 5.466306E+01, 5.345550E+01, 1.090929E+00, 7.960842E+00,-9.247347E+00, 2.286426E+00, 8.177940E+01, 3.905919E+01, 9.112999E+00, 1.800334E+01,10, 1.064785E-01,4, 5.145161E-01,0, 0.000000E+00,6, 4.946629E+00, 3.570196E-01, 1.486016E+00,NULL,NULL,1,mc_qqps,53
-21041,2012,20228,15908,94C2, 9.125000E+01,45,13,58,45,13, 5.298307E+00, 9.983650E+00,-3.011446E+00, 6.812986E+01, 6.744926E+01, 1.498872E+00, 4.563110E+00, 8.350773E+00,-1.084605E+01, 8.850343E+01, 6.058714E+01, 9.065367E+00, 1.138203E+01,10, 1.125650E-01,6, 0.000000E+00,0, 0.000000E+00,8, 7.270125E+00, 4.119659E-01, 1.576604E+00,NULL,NULL,1,mc_qqps,53
-21041,2013,20228,15925,94C2, 9.125000E+01,29,16,45,29,16,-4.437116E+00,-2.328261E+01,-1.035612E+01, 5.777536E+01, 5.724712E+01, 1.974039E+00,-8.778833E-01,-1.692095E+01,-8.573771E+00, 1.001453E+02, 5.589720E+01, 1.335212E+01, 2.646510E+01,17, 4.895682E+00,0, 0.000000E+00,0, 0.000000E+00,9, 1.566007E+01, 3.886234E-01, 4.098439E+00,NULL,NULL,1,mc_qqps,53
-21041,2014,20228,15937,94C2, 9.125000E+01,32,12,44,32,12, 3.641313E+00, 1.024923E+01, 1.824127E+00, 7.394873E+01, 7.324828E+01, 2.289009E+00, 8.378369E-01, 7.423754E+00, 6.549907E-01, 9.390032E+01, 7.040601E+01, 1.731351E+01, 2.494439E+00,15, 8.279065E+00,0, 0.000000E+00,0, 0.000000E+00,8, 1.571716E+01, 4.781977E-01, 4.554682E+00,NULL,NULL,1,mc_qqps,53
-21041,2015,20228,15955,94C2, 9.125000E+01,21,18,39,21,18,-3.514404E-01, 5.580821E+00,-1.150871E+01, 7.359673E+01, 7.341125E+01, 3.495774E+00, 1.184046E-01,-6.577477E-01,-5.470062E+00, 1.015194E+02, 6.782618E+01, 2.147493E+01, 6.468736E+00,4, 5.916266E-01,14, 5.894299E+00,0, 0.000000E+00,2, 7.660887E+00, 5.573094E-01, 7.103578E+00,1, 0.000000E+00,1,mc_qqps,53
-21041,2016,20228,20009,94C2, 9.125000E+01,47,21,68,47,21,-4.593953E-01,-5.898835E+00,-1.039714E+01, 7.413684E+01, 7.327038E+01, 1.558944E+00, 2.780468E+00,-2.544046E+00,-3.328462E+00, 1.000970E+02, 5.690592E+01, 2.425574E+01, 1.704422E+00,4, 3.061221E-01,19, 3.272667E+00,0, 0.000000E+00,2, 1.786128E+00, 8.298399E-01, 9.562885E-01,NULL,NULL,1,mc_qqps,53
-21041,2017,20228,20029,94C2, 9.125000E+01,31,20,51,31,20, 4.385129E+00, 3.803024E+00,-1.361827E+01, 4.121698E+01, 4.055313E+01, 1.308166E+00, 6.183201E+00, 4.635838E+00,-2.111744E+01, 5.291336E+01, 2.511703E+01, 1.108615E+01, 6.102281E-01,3, 1.081993E-01,18, 3.352766E+01,0, 0.000000E+00,NULL,NULL,NULL,NULL,2, 0.000000E+00,1,mc_qqps,53
-21041,2018,20228,20050,94C2, 9.125000E+01,30,15,45,30,15,-3.809976E-01,-3.436535E+00,-6.082705E+00, 4.031840E+01, 3.958250E+01, 1.319417E+00, 3.175265E+00,-1.934653E+00, 2.391492E+00, 5.478448E+01, 3.377225E+01, 1.352406E+01, 0.000000E+00,9, 8.452308E+00,8, 2.208288E-01,0, 0.000000E+00,6, 5.340556E+00, 6.370950E-01, 1.097713E+00,1, 0.000000E+00,1,mc_qqps,53
-21041,2019,20228,20105,94C2, 9.125000E+01,15,11,26,15,11,-4.539319E+00, 8.431864E+00, 2.965876E+00, 3.613992E+01, 3.595800E+01, 2.397200E+00, 5.814613E+00,-1.345081E+01,-3.503318E+00, 8.197744E+01, 3.136605E+01, 3.964487E+01, 6.192662E+00,16, 4.257151E+00,0, 0.000000E+00,0, 0.000000E+00,9, 3.734730E+01, 5.340263E-01, 1.975849E+01,NULL,NULL,1,mc_qqps,53
-21041,2020,20228,20119,94C2, 9.125000E+01,16,7,23,16,7,-1.416300E+01,-1.149831E+01,-1.284383E+00, 7.013073E+01, 6.987676E+01, 4.367298E+00,-1.420933E+01,-1.214968E+01,-1.169793E+00, 8.623287E+01, 6.898466E+01, 7.727453E+00, 6.027002E+00,8, 0.000000E+00,0, 0.000000E+00,0, 0.000000E+00,4, 6.283845E+00, 4.074970E-01, 3.336136E+00,NULL,NULL,1,mc_qqps,53
-21041,2021,20228,20134,94C2, 9.125000E+01,25,7,32,25,7,-1.009340E+01,-4.079587E+00,-1.411919E+01, 6.106093E+01, 6.070565E+01, 2.428226E+00,-1.005669E+01,-4.113645E+00,-1.461574E+01, 7.941843E+01, 5.927969E+01, 1.658530E+01, 1.772198E+00,7, 2.626706E-01,2, 0.000000E+00,0, 0.000000E+00,4, 1.335825E+01, 8.439766E-01, 8.760652E+00,NULL,NULL,1,mc_qqps,53
-21041,2022,20228,20149,94C2, 9.125000E+01,22,19,41,22,19,-7.655687E+00,-1.088214E+00, 1.120340E+01, 4.748169E+01, 4.726197E+01, 2.148271E+00,-1.215504E+01, 1.644811E+00, 1.992253E+01, 8.003017E+01, 3.277727E+01, 1.531497E+01, 1.724253E+01,7, 9.618434E-02,16, 3.902757E+00,0, 0.000000E+00,5, 5.705743E+00, 5.995933E-01, 1.804306E+00,NULL,NULL,1,mc_qqps,53
-21041,2023,20228,20205,94C2, 9.125000E+01,26,17,43,26,17, 6.564462E-01,-5.446885E+00, 5.202490E-01, 6.619648E+01, 6.579347E+01, 2.530518E+00, 6.628484E-01, 8.090205E-01,-2.436495E+00, 9.467913E+01, 6.141285E+01, 2.842186E+01, 6.243496E-02,21, 8.730608E+00,0, 0.000000E+00,0, 0.000000E+00,14, 2.341206E+01, 3.318731E-01, 5.564633E+00,NULL,NULL,1,mc_qqps,53
-21041,2024,20228,20217,94C2, 9.125000E+01,21,10,31,21,10, 2.091920E+00, 6.026993E+00,-3.103476E+00, 7.798857E+01, 7.775066E+01, 3.702413E+00, 6.389848E-01, 2.516189E+00,-8.251885E-01, 1.026564E+02, 5.256776E+01, 1.342103E+01, 9.244538E+00,15, 3.307164E+00,0, 0.000000E+00,0, 0.000000E+00,9, 1.542327E+01, 7.165530E-01, 5.518257E+00,NULL,NULL,1,mc_qqps,53
-21041,2025,20228,20229,94C2, 9.125000E+01,33,12,45,33,12, 1.807118E+01, 1.202068E+01,-5.651303E+01, 8.405472E+01, 8.362403E+01, 2.534061E+00, 1.280839E+01, 7.134803E+00,-4.235244E+01, 1.102525E+02, 4.272261E+01, 1.728814E+01, 8.926306E+00,1, 0.000000E+00,16, 3.050936E+00,0, 0.000000E+00,1, 7.766306E-01, 7.766306E-01, 7.766306E-01,NULL,NULL,1,mc_qqps,53
-21041,2026,20228,20242,94C2, 9.125000E+01,24,14,38,24,14, 1.266986E+01, 1.546745E+01, 1.106696E+00, 4.668927E+01, 4.602414E+01, 1.917673E+00, 1.925765E+01, 1.984726E+01, 9.331927E-01, 7.212416E+01, 3.012236E+01, 2.122177E+01, 2.818077E+00,14, 2.769577E+00,0, 0.000000E+00,0, 0.000000E+00,12, 2.216037E+01, 4.327634E-01, 5.703887E+00,NULL,NULL,1,mc_qqps,53
-21041,2027,20228,20257,94C2, 9.125000E+01,40,13,53,40,13,-1.892884E+01,-1.204651E+00,-3.942624E+00, 6.654309E+01, 6.558012E+01, 1.639503E+00, 1.080832E+01,-5.876774E-01, 4.193234E+00, 1.031027E+02, 5.538757E+01, 1.845176E+01, 1.842016E+01,13, 1.802402E+01,0, 0.000000E+00,0, 0.000000E+00,6, 1.306307E+01, 6.675958E-01, 8.170485E+00,NULL,NULL,1,mc_qqps,53
-21041,2028,20228,20311,94C2, 9.125000E+01,30,17,47,30,17,-1.992151E+01,-7.033126E+00,-9.338056E-01, 4.713897E+01, 4.669185E+01, 1.556395E+00,-7.422116E+00,-1.436473E+00, 2.870488E-02, 7.668039E+01, 3.948213E+01, 2.513081E+01, 3.042129E+00,21, 2.526819E+00,0, 0.000000E+00,0, 0.000000E+00,12, 2.594999E+01, 4.847658E-01, 1.011308E+01,NULL,NULL,1,mc_qqps,53
-21041,2029,20228,20327,94C2, 9.125000E+01,23,20,43,23,20,-1.139419E+01,-6.076612E+00, 2.055106E+01, 4.128559E+01, 4.063068E+01, 1.766551E+00,-2.625592E+00,-2.140134E+00, 2.557479E+00, 8.512302E+01, 1.579527E+01, 4.337777E+01, 4.596756E-01,0, 0.000000E+00,20, 2.650668E+00,0, 0.000000E+00,NULL,NULL,NULL,NULL,1, 0.000000E+00,1,mc_qqps,53
-21041,2030,20228,20340,94C2, 9.125000E+01,37,12,49,37,12, 2.376416E+00,-2.068264E+00, 4.197903E+00, 5.116156E+01, 5.032275E+01, 1.360074E+00, 7.169868E+00,-5.837129E+00, 9.192213E+00, 7.234106E+01, 4.671880E+01, 1.225130E+01, 7.877894E+00,8, 2.754894E+00,5, 0.000000E+00,0, 0.000000E+00,6, 9.848245E+00, 7.102167E-01, 4.028753E+00,NULL,NULL,1,mc_qqps,53
-21041,2031,20228,20404,94C2, 9.125000E+01,21,21,42,21,21, 1.045972E+01, 9.812479E-01, 7.654594E+00, 5.891007E+01, 5.868097E+01, 2.794332E+00, 2.423811E+00,-8.645816E-01, 8.337437E-01, 9.709737E+01, 5.325868E+01, 3.247505E+01, 4.875715E+00,21, 6.073684E+00,1, 0.000000E+00,0, 0.000000E+00,16, 3.242342E+01, 6.247182E-01, 1.034908E+01,1, 0.000000E+00,1,mc_qqps,53
-21041,2032,20228,20419,94C2, 9.125000E+01,34,17,51,34,17,-4.629362E-01,-3.679967E+00, 2.688527E+00, 5.317539E+01, 5.255096E+01, 1.545616E+00,-1.382344E+00, 2.765894E-03, 2.013742E+00, 8.174487E+01, 5.024038E+01, 2.291992E+01, 5.649540E+00,16, 6.962427E+00,1, 0.000000E+00,0, 0.000000E+00,11, 2.054117E+01, 4.453198E-01, 2.894232E+00,NULL,NULL,1,mc_qqps,53
-21041,2033,20228,20433,94C2, 9.125000E+01,20,22,42,20,22, 1.747082E+00, 7.730888E-01, 2.456489E-01, 3.386600E+01, 3.348279E+01, 1.674140E+00, 9.956421E-01, 3.548295E+00, 2.970242E+00, 8.133013E+01, 3.064008E+01, 4.652874E+01, 2.825501E-01,21, 1.582587E+00,4, 0.000000E+00,0, 0.000000E+00,16, 4.397338E+01, 4.396425E-01, 1.691061E+01,NULL,NULL,1,mc_qqps,53
-21041,2034,20228,20448,94C2, 9.125000E+01,44,19,63,44,19,-2.466731E-01, 1.978893E+00,-1.711885E+01, 4.430577E+01, 4.328832E+01, 9.838255E-01,-1.448340E-01,-5.363150E-01,-3.354033E+00, 7.981051E+01, 2.461036E+01, 3.154533E+01, 3.959403E+00,2, 0.000000E+00,14, 4.255353E+00,0, 0.000000E+00,2, 1.848164E+00, 5.285196E-01, 1.319644E+00,3, 0.000000E+00,1,mc_qqps,53
-21041,2035,20228,20512,94C2, 9.125000E+01,30,15,45,30,15, 1.298630E+01,-6.645917E+00,-2.205784E+01, 6.838223E+01, 6.805898E+01, 2.268633E+00, 2.570100E+01,-6.909973E+00,-3.283326E+01, 1.111968E+02, 6.336652E+01, 3.371511E+01, 8.528160E+00,13, 1.274766E+00,6, 0.000000E+00,0, 0.000000E+00,7, 1.089782E+01, 4.358968E-01, 2.923296E+00,NULL,NULL,1,mc_qqps,53
-21041,2036,20228,20525,94C2, 9.125000E+01,12,14,26,12,14, 1.986933E+00, 1.128500E+01,-1.506486E+01, 3.532079E+01, 3.503144E+01, 2.919286E+00,-1.317059E+00,-1.369204E+00, 7.604315E-01, 7.563809E+01, 3.508952E+01, 3.741413E+01, 2.903148E+00,4, 0.000000E+00,7, 0.000000E+00,0, 0.000000E+00,4, 6.578797E+00, 8.726709E-01, 2.636793E+00,1, 0.000000E+00,1,mc_qqps,53
-21041,2037,20228,20538,94C2, 9.125000E+01,19,10,29,19,10,-9.484341E+00,-4.400675E+00, 5.815284E+00, 6.477049E+01, 6.457684E+01, 3.398781E+00,-6.829722E+00,-3.427294E+00, 4.623455E+00, 7.542759E+01, 6.302303E+01, 1.035856E+01, 2.985320E-01,9, 1.627605E+00,0, 0.000000E+00,0, 0.000000E+00,6, 7.610625E+00, 8.733037E-01, 1.748185E+00,NULL,NULL,1,mc_qqps,53
-21041,2038,20228,20551,94C2, 9.125000E+01,42,19,61,42,19,-4.928546E+00, 3.145836E+00,-3.595182E+00, 7.531070E+01, 7.470531E+01, 1.778698E+00,-1.152693E+01, 5.595539E+00,-9.508548E+00, 1.125219E+02, 6.775375E+01, 1.807108E+01, 1.413310E+01,21, 1.193354E+01,0, 0.000000E+00,0, 0.000000E+00,13, 1.676108E+01, 4.687413E-01, 3.141833E+00,NULL,NULL,1,mc_qqps,53
-21041,2039,20228,20609,94C2, 9.125000E+01,18,8,26,18,8, 9.845652E+00, 1.057410E+01, 3.715165E+01, 7.532126E+01, 7.512019E+01, 4.173344E+00, 8.634349E+00, 9.925831E+00, 3.274797E+01, 9.091927E+01, 5.448122E+01, 1.559801E+01, 0.000000E+00,2, 0.000000E+00,16, 6.561627E+00,0, 0.000000E+00,1, 1.029686E+00, 1.029686E+00, 1.029686E+00,NULL,NULL,1,mc_qqps,53
-21041,2040,20228,20618,94C2, 9.125000E+01,34,23,57,34,23,-9.082974E+00,-2.663375E+01,-1.536658E+01, 7.615987E+01, 7.542496E+01, 2.218381E+00,-8.208082E-01,-1.597916E+01,-5.556932E+00, 1.249449E+02, 4.340100E+01, 3.372680E+01, 9.095215E+00,22, 4.702169E+00,2, 0.000000E+00,0, 0.000000E+00,14, 2.965502E+01, 4.676669E-01, 5.334250E+00,NULL,NULL,1,mc_qqps,53
-21041,2041,20228,20633,94C2, 9.125000E+01,31,12,43,31,12, 1.681020E-01, 2.525668E+00, 3.800598E-01, 6.481773E+01, 6.430563E+01, 2.074375E+00,-2.254459E+00,-8.035849E-01, 3.305069E+00, 8.462447E+01, 6.167215E+01, 1.844650E+01, 1.360234E+00,13, 1.964755E-01,0, 0.000000E+00,0, 0.000000E+00,10, 1.844650E+01, 6.650522E-01, 3.655447E+00,NULL,NULL,1,mc_qqps,53
-21041,2042,20228,20647,94C2, 9.125000E+01,24,11,35,24,11, 6.613491E+00, 2.184482E-01, 1.388368E+01, 6.392529E+01, 6.360305E+01, 2.650127E+00, 7.390626E+00,-3.347501E-01, 1.479321E+01, 7.590984E+01, 5.058964E+01, 7.809009E+00, 1.363202E-01,6, 1.650636E+00,12, 3.509253E+00,0, 0.000000E+00,3, 4.598806E+00, 5.595899E-01, 2.256946E+00,NULL,NULL,1,mc_qqps,53
-21041,2043,20228,20701,94C2, 9.125000E+01,30,10,40,30,10, 2.966952E+00, 6.365789E+00, 5.386868E+00, 6.485367E+01, 6.448902E+01, 2.149634E+00, 4.742436E+00, 1.059092E+01, 1.076101E+01, 7.472301E+01, 5.904402E+01, 9.070558E+00, 0.000000E+00,7, 1.841586E+00,7, 0.000000E+00,0, 0.000000E+00,2, 2.216506E+00, 7.987676E-01, 1.417739E+00,NULL,NULL,1,mc_qqps,53
-21041,2044,20228,20717,94C2, 9.125000E+01,22,19,41,22,19, 3.293254E+00,-2.569751E+00,-5.919664E+00, 4.636716E+01, 4.599480E+01, 2.090673E+00, 7.190966E+00,-3.890244E+00,-1.294958E+01, 7.815663E+01, 4.391876E+01, 2.848615E+01, 3.303319E+00,1, 0.000000E+00,16, 5.286330E+00,0, 0.000000E+00,1, 5.650553E-01, 5.650553E-01, 5.650553E-01,NULL,NULL,1,mc_qqps,53
-21041,2045,20228,20734,94C2, 9.125000E+01,33,14,47,33,14, 7.863387E-01, 3.998765E+00, 8.442731E-01, 4.770770E+01, 4.682955E+01, 1.419077E+00,-4.021576E+00,-1.712013E+00, 4.181197E-01, 7.013284E+01, 3.964108E+01, 2.109768E+01, 0.000000E+00,18, 4.334848E+00,0, 0.000000E+00,0, 0.000000E+00,11, 1.714341E+01, 6.054326E-01, 3.462957E+00,NULL,NULL,1,mc_qqps,53
-21041,2046,20228,20752,94C2, 9.125000E+01,46,14,60,46,14, 2.143814E+00, 2.750647E+00, 1.191132E+01, 5.309652E+01, 5.212503E+01, 1.133153E+00, 1.438548E+00, 1.849079E+01, 2.421866E+01, 8.050245E+01, 3.707589E+01, 2.454792E+01, 2.397763E+00,14, 2.123489E+00,5, 1.202609E+00,0, 0.000000E+00,6, 1.176186E+01, 4.602432E-01, 8.821342E+00,NULL,NULL,1,mc_qqps,53
-21041,2047,20228,20806,94C2, 9.125000E+01,28,13,41,28,13, 1.116174E+00, 1.341783E+01, 1.731542E+01, 5.927797E+01, 5.888657E+01, 2.103092E+00,-6.703656E-01, 2.404324E+01, 3.188780E+01, 1.000431E+02, 5.180007E+01, 3.737698E+01, 3.388138E+00,4, 0.000000E+00,9, 1.883205E+00,0, 0.000000E+00,4, 4.196895E+00, 5.723970E-01, 1.976888E+00,NULL,NULL,1,mc_qqps,53
-21041,2048,20228,20821,94C2, 9.125000E+01,25,13,38,25,13, 1.985225E+01, 8.959781E+00,-1.659107E+01, 6.072189E+01, 6.032507E+01, 2.413003E+00, 1.913212E+01, 8.093600E+00,-1.723258E+01, 1.003008E+02, 5.994614E+01, 2.221241E+01, 7.881989E+00,16, 5.281686E+00,1, 7.143019E-01,0, 0.000000E+00,11, 3.169688E+01, 3.275311E-01, 7.125884E+00,NULL,NULL,1,mc_qqps,53
-21041,2049,20228,20835,94C2, 9.125000E+01,30,10,40,30,10,-2.485000E+00, 9.982260E-01,-1.089274E+00, 5.303441E+01, 5.215201E+01, 1.738400E+00,-1.982095E+00, 1.128478E+00,-1.160598E+00, 6.870155E+01, 4.646538E+01, 8.314121E+00, 3.230268E+00,10, 2.014139E+01,1, 0.000000E+00,0, 0.000000E+00,6, 1.106095E+01, 5.439233E-01, 4.425244E+00,NULL,NULL,1,mc_qqps,53
-21041,2050,20228,20852,94C2, 9.125000E+01,22,8,30,22,8, 1.408470E+01,-3.719426E+01, 2.049675E+02, 2.411724E+02, 2.408648E+02, 1.094840E+01, 1.422875E+01,-3.730162E+01, 2.058239E+02, 2.570017E+02, 2.210971E+00, 1.511650E+01, 7.128100E-01,0, 0.000000E+00,12, 8.045121E+00,0, 0.000000E+00,NULL,NULL,NULL,NULL,3, 0.000000E+00,0,mc_qqps,53
-21041,2051,20228,20904,94C2, 9.125000E+01,15,12,27,15,12,-7.750299E+00, 4.059693E+00,-3.285190E-01, 5.617982E+01, 5.599284E+01, 3.732856E+00, 7.296615E+00,-4.195989E+00, 2.607300E+00, 9.656596E+01, 5.477483E+01, 6.277019E+00, 2.397598E+01,9, 0.000000E+00,0, 0.000000E+00,0, 0.000000E+00,8, 1.551469E+01, 4.836604E-01, 7.677488E+00,NULL,NULL,1,mc_qqps,53
-21041,2052,20228,20915,94C2, 9.125000E+01,30,15,45,30,15, 3.690054E+00,-8.069815E-02,-1.859565E+01, 7.671368E+01, 7.628316E+01, 2.542772E+00, 1.706890E+00, 7.297360E-01,-1.336386E+00, 1.018477E+02, 6.350637E+01, 1.946700E+01, 5.667000E+00,1, 0.000000E+00,20, 1.367432E+01,0, 0.000000E+00,1, 4.211717E-01, 4.211717E-01, 4.211717E-01,NULL,NULL,1,mc_qqps,53
-21041,2053,20228,20929,94C2, 9.125000E+01,19,11,30,19,11,-6.933622E+00, 7.095393E+00, 1.598507E+01, 4.040826E+01, 4.005666E+01, 2.108245E+00, 4.762718E-02,-9.028153E-01, 3.795365E-01, 7.348862E+01, 3.842481E+01, 1.856693E+01, 1.451344E+01,5, 1.574761E+00,10, 3.327820E+00,0, 0.000000E+00,2, 2.206485E+00, 8.194996E-01, 1.386985E+00,NULL,NULL,1,mc_qqps,53
-21041,2054,20228,20941,94C2, 9.125000E+01,17,13,30,17,13,-1.886078E+00, 7.674591E+00,-6.901221E+00, 6.655837E+01, 6.634286E+01, 3.902521E+00,-3.146201E-01, 9.528734E+00,-6.221933E+00, 9.109608E+01, 6.310643E+01, 1.786203E+01, 2.556476E+00,13, 1.245198E+01,1, 0.000000E+00,0, 0.000000E+00,7, 2.089131E+01, 6.762416E-01, 8.234956E+00,NULL,NULL,1,mc_qqps,53
-21041,2055,20228,20952,94C2, 9.125000E+01,17,9,26,17,9,-1.541022E+01, 3.871199E+00,-1.148872E+01, 6.426070E+01, 6.406338E+01, 3.768434E+00, 1.005573E+01,-1.707508E+00, 8.872728E+00, 1.001960E+02, 6.328206E+01, 2.700189E+01, 8.933378E+00,5, 7.221004E+00,3, 0.000000E+00,0, 0.000000E+00,3, 2.200040E+01, 2.256699E+00, 1.714667E+01,NULL,NULL,1,mc_qqps,53
-21041,2056,20228,21004,94C2, 9.125000E+01,29,13,42,29,13, 6.843141E+00,-3.275755E+00, 6.208149E+00, 5.856015E+01, 5.816780E+01, 2.005786E+00, 1.951042E+01,-8.581303E+00, 1.482481E+01, 7.999778E+01, 5.626450E+01, 1.508195E+01, 2.159165E+00,18, 8.262101E+00,0, 0.000000E+00,0, 0.000000E+00,10, 1.893833E+01, 8.612609E-01, 4.196510E+00,NULL,NULL,1,mc_qqps,53
-21041,2057,20228,21017,94C2, 9.125000E+01,9,9,18,9,9,-1.406851E+00, 2.658565E+00, 1.058755E+01, 2.027897E+01, 2.012949E+01, 2.236609E+00, 3.826685E+00,-5.966186E+00,-2.909047E+01, 6.580930E+01, 5.156054E+00, 1.026814E+01, 3.526219E+01,2, 0.000000E+00,7, 1.639905E+00,0, 0.000000E+00,2, 1.769755E+00, 7.355858E-01, 1.034169E+00,2, 0.000000E+00,0,mc_qqps,53
-21041,2058,20228,21032,94C2, 9.125000E+01,30,17,47,30,17, 5.589764E+00,-1.149843E+01, 1.029961E+01, 5.045154E+01, 4.970321E+01, 1.656774E+00, 4.818508E+00,-6.570472E+00, 6.408796E+00, 1.108470E+02, 3.513683E+01, 5.083993E+01, 7.242502E-01,16, 0.000000E+00,0, 0.000000E+00,0, 0.000000E+00,14, 5.741729E+01, 6.010040E-01, 1.307004E+01,NULL,NULL,1,mc_qqps,53
-21041,2059,20228,21049,94C2, 9.125000E+01,36,18,54,36,18, 1.855588E+00,-1.276825E+01,-2.812976E+01, 4.599649E+01, 4.531104E+01, 1.258640E+00, 1.021857E+00,-9.553049E+00,-1.516356E+01, 7.671217E+01, 3.279529E+01, 1.303344E+01, 1.768224E+01,1, 0.000000E+00,18, 2.444180E-01,0, 0.000000E+00,1, 6.300213E-01, 6.300213E-01, 6.300213E-01,NULL,NULL,1,mc_qqps,53
-21041,2060,20228,21108,94C2, 9.125000E+01,26,15,41,26,15,-1.009694E+00, 6.484795E-01,-1.201344E+00, 7.850061E+01, 7.806033E+01, 3.002320E+00,-9.572010E+00, 1.631047E+00,-1.431199E+01, 1.006567E+02, 7.431332E+01, 2.002930E+01, 2.517449E+00,2, 0.000000E+00,10, 0.000000E+00,0, 0.000000E+00,1, 3.719263E-01, 3.719263E-01, 3.719263E-01,NULL,NULL,1,mc_qqps,53
-21041,2061,20228,21128,94C2, 9.125000E+01,27,14,41,27,14, 1.959597E-01, 1.199816E+00,-3.033906E+00, 5.734677E+01, 5.684555E+01, 2.105391E+00, 1.587091E+00, 1.281742E-02, 8.802836E-01, 7.127251E+01, 4.966693E+01, 1.294290E+01, 1.239251E+00,1, 0.000000E+00,15, 1.467211E+00,0, 0.000000E+00,1, 1.751222E+00, 1.751222E+00, 1.751222E+00,NULL,NULL,1,mc_qqps,53
-21041,2062,20228,21144,94C2, 9.125000E+01,25,11,36,25,11,-4.700388E-01,-1.143451E+00, 2.514393E+00, 6.143118E+01, 6.103047E+01, 2.441219E+00,-6.844455E+00,-5.933539E+00, 4.280096E+00, 9.251261E+01, 5.990374E+01, 2.493676E+01, 0.000000E+00,14, 3.548918E+00,0, 0.000000E+00,0, 0.000000E+00,10, 2.761921E+01, 8.507577E-01, 8.804074E+00,NULL,NULL,1,mc_qqps,53
-21041,2063,20228,21157,94C2, 9.125000E+01,34,13,47,34,13, 2.016665E+00,-1.888438E+00, 4.002464E-01, 5.849676E+01, 5.801434E+01, 1.706304E+00, 7.975898E+00,-2.802649E+00, 7.511583E+00, 9.329263E+01, 3.812057E+01, 1.070313E+01, 2.376587E+01,3, 0.000000E+00,6, 0.000000E+00,0, 0.000000E+00,3, 2.396774E+00, 4.849415E-01, 1.085226E+00,1, 0.000000E+00,1,mc_qqps,53
-21041,2064,20228,21221,94C2, 9.125000E+01,40,18,58,40,18,-1.317612E+00,-4.982661E-02,-3.605132E-01, 6.514173E+01, 6.429544E+01, 1.607386E+00,-3.481719E+00, 2.031114E+00,-6.298267E+00, 9.185072E+01, 5.529158E+01, 1.501272E+01, 1.170777E+01,2, 0.000000E+00,20, 3.946429E+00,0, 0.000000E+00,1, 4.211647E-01, 4.211647E-01, 4.211647E-01,NULL,NULL,1,mc_qqps,53
-21041,2065,20228,21241,94C2, 9.125000E+01,43,19,62,43,19,-8.255520E+00,-8.317912E-01,-2.430759E+00, 5.916591E+01, 5.815034E+01, 1.352334E+00,-2.215658E+00, 1.967893E-01, 1.660547E+00, 8.186634E+01, 5.063091E+01, 1.099259E+01, 1.072642E+01,14, 3.052346E-01,5, 0.000000E+00,0, 0.000000E+00,10, 1.005176E+01, 3.871915E-01, 2.019373E+00,NULL,NULL,1,mc_qqps,53
-21041,2066,20228,21259,94C2, 9.125000E+01,20,5,25,20,5,-7.620649E-01,-3.838539E+00,-8.778504E+00, 6.954046E+01, 6.933291E+01, 3.466645E+00,-5.437720E+00,-1.610053E+01,-3.307215E+01, 1.141078E+02, 6.918051E+01, 8.373536E+00, 3.619736E+01,1, 0.000000E+00,7, 0.000000E+00,0, 0.000000E+00,NULL,NULL,NULL,NULL,1, 0.000000E+00,1,mc_qqps,53
-21041,2067,20228,21312,94C2, 9.125000E+01,25,14,39,25,14,-2.217964E-02,-1.568344E+01,-5.212598E+00, 8.597122E+01, 8.575332E+01, 3.430133E+00,-4.617836E-01,-1.973154E+01,-5.882320E+00, 1.082444E+02, 5.705332E+01, 2.021330E+01, 5.672204E-01,19, 7.887567E+00,0, 0.000000E+00,0, 0.000000E+00,10, 1.224153E+01, 3.763893E-01, 2.501268E+00,NULL,NULL,1,mc_qqps,53
-21041,2068,20228,21325,94C2, 9.125000E+01,17,11,28,17,11, 3.182202E+00,-1.427768E+00,-1.209873E+01, 2.029269E+01, 1.997137E+01, 1.174787E+00, 2.097640E+00,-4.572242E-01,-8.676272E+00, 6.239817E+01, 3.023387E+00, 3.876592E+01, 3.342466E+00,0, 0.000000E+00,10, 6.654192E+00,0, 0.000000E+00,NULL,NULL,NULL,NULL,2, 0.000000E+00,0,mc_qqps,53
-21041,2069,20228,21404,94C2, 9.125000E+01,21,14,35,21,14,-3.148713E+00, 2.989771E+00,-3.947934E+00, 8.013321E+01, 7.988857E+01, 3.804218E+00, 1.009610E-01, 1.870805E+00,-3.946126E+00, 9.434742E+01, 6.246834E+01, 1.259354E+01, 1.771672E+00,5, 2.956413E+00,10, 1.355851E+00,0, 0.000000E+00,4, 5.629040E+00, 8.193680E-01, 2.776417E+00,1, 0.000000E+00,1,mc_qqps,53
-21041,2070,20228,21426,94C2, 9.125000E+01,38,11,49,38,11, 1.130447E+00,-1.542226E+00, 4.239718E+00, 8.287276E+01, 8.234921E+01, 2.167084E+00,-2.437444E+00,-4.531631E-01, 8.552980E-01, 9.492834E+01, 7.941868E+01, 1.071809E+01, 3.221632E-01,17, 1.284749E+00,0, 0.000000E+00,0, 0.000000E+00,10, 1.173342E+01, 5.311372E-01, 1.736970E+00,NULL,NULL,1,mc_qqps,53
-21041,2071,20228,21441,94C2, 9.125000E+01,31,18,49,31,18, 3.829925E+00, 5.805334E+00, 5.314930E+00, 5.259544E+01, 5.198568E+01, 1.676957E+00, 5.086124E+00,-1.550879E+00, 5.225238E+00, 8.877215E+01, 4.971329E+01, 2.196703E+01, 6.080680E+00,23, 3.963949E+00,0, 0.000000E+00,0, 0.000000E+00,15, 2.972523E+01, 4.669071E-01, 5.531891E+00,NULL,NULL,1,mc_qqps,53
-21041,2072,20228,21457,94C2, 9.125000E+01,37,14,51,37,14,-1.119797E-01, 9.543767E+00, 7.648532E+00, 8.727679E+01, 8.664561E+01, 2.341773E+00,-8.934346E-01, 7.163755E+00, 4.395983E+00, 1.029049E+02, 7.515964E+01, 1.063268E+01, 3.428574E+00,2, 0.000000E+00,15, 7.536087E+00,0, 0.000000E+00,1, 1.606007E+00, 1.606007E+00, 1.606007E+00,1, 0.000000E+00,1,mc_qqps,53
-21041,2073,20228,21515,94C2, 9.125000E+01,39,10,49,39,10, 4.071331E+00,-3.889527E+00, 4.521439E+00, 7.986074E+01, 7.919727E+01, 2.030699E+00,-5.861434E+00,-3.152748E-01, 1.566855E+00, 1.017121E+02, 6.697734E+01, 1.377824E+01, 7.558084E+00,18, 9.519506E+00,1, 0.000000E+00,0, 0.000000E+00,7, 1.390169E+01, 4.198233E-01, 9.498279E+00,NULL,NULL,1,mc_qqps,53
-21041,2074,20228,21527,94C2, 9.125000E+01,22,13,35,22,13,-4.489959E+01, 2.123131E+01, 1.914536E+01, 8.345920E+01, 8.292867E+01, 3.769485E+00,-3.712793E+01, 1.752694E+01, 1.538626E+01, 1.375466E+02, 3.413181E+01, 3.422946E+01, 7.386559E+00,16, 9.715141E+00,0, 0.000000E+00,0, 0.000000E+00,11, 4.670084E+01, 8.285267E-01, 1.164285E+01,NULL,NULL,1,mc_qqps,53
-21041,2075,20228,21540,94C2, 9.125000E+01,43,15,58,43,15,-4.824150E+00, 2.752142E+00, 3.196598E+00, 6.633913E+01, 6.536636E+01, 1.520148E+00, 4.577583E+00,-3.642542E+00, 6.839615E-01, 8.370620E+01, 5.656045E+01, 1.083418E+01, 6.033402E+00,12, 1.384375E+00,6, 0.000000E+00,0, 0.000000E+00,7, 6.140872E+00, 3.793960E-01, 1.397985E+00,NULL,NULL,1,mc_qqps,53
-21041,2076,20228,21557,94C2, 9.125000E+01,27,13,40,27,13, 5.350896E+00, 2.225975E+00, 4.569042E+00, 5.611796E+01, 5.559517E+01, 2.059080E+00,-2.428511E+00,-7.838392E-01,-4.199990E-01, 8.873711E+01, 5.155564E+01, 2.588339E+01, 6.758144E+00,14, 1.974410E+00,0, 0.000000E+00,0, 0.000000E+00,9, 2.588339E+01, 6.726214E-01, 8.548650E+00,NULL,NULL,1,mc_qqps,53
-21041,2077,20228,21609,94C2, 9.125000E+01,11,10,21,11,10,-6.750194E+00, 4.889826E-01, 1.437252E+00, 3.085031E+01, 3.071399E+01, 2.792181E+00, 8.876717E+00,-2.292196E+00, 8.662380E-02, 7.979925E+01, 3.032384E+01, 4.753635E+01, 2.365007E-01,11, 1.965378E-01,0, 0.000000E+00,0, 0.000000E+00,9, 4.871244E+01, 4.382754E-01, 2.565534E+01,NULL,NULL,1,mc_qqps,53
-21041,2078,20228,21622,94C2, 9.125000E+01,44,18,62,44,18, 1.237000E+01, 1.266684E+01,-5.790236E+00, 6.001891E+01, 5.916687E+01, 1.344702E+00,-3.531782E+00,-6.431655E+00, 2.913792E+00, 1.017868E+02, 4.910381E+01, 3.571548E+01, 3.020324E+00,22, 8.169115E-01,0, 0.000000E+00,0, 0.000000E+00,13, 3.679062E+01, 4.546718E-01, 1.229594E+01,NULL,NULL,1,mc_qqps,53
-21041,2079,20228,21637,94C2, 9.125000E+01,50,8,58,50,8, 7.004425E+00, 2.006271E+00,-7.369890E-01, 8.229407E+01, 8.145024E+01, 1.629005E+00, 7.650229E+00, 1.782264E+00,-5.401719E-01, 9.159158E+01, 6.999225E+01, 5.611113E+00, 4.046195E+00,3, 0.000000E+00,7, 0.000000E+00,0, 0.000000E+00,1, 8.423589E-01, 8.423589E-01, 8.423589E-01,NULL,NULL,1,mc_qqps,53
-21041,2080,20228,21658,94C2, 9.125000E+01,37,13,50,37,13, 1.970454E+00, 6.785527E+00, 7.412372E-02, 5.129581E+01, 5.059798E+01, 1.367513E+00, 3.831077E-02,-6.390899E+00, 5.795100E+00, 7.457929E+01, 4.603156E+01, 1.413689E+01, 1.756122E+00,18, 3.728885E+00,0, 0.000000E+00,0, 0.000000E+00,12, 2.159816E+01, 2.921540E-01, 6.472684E+00,NULL,NULL,1,mc_qqps,53
-21041,2081,20228,21714,94C2, 9.125000E+01,13,9,22,13,9, 3.122502E+00, 5.766803E+00, 1.895630E+00, 6.642567E+01, 6.626546E+01, 5.097343E+00, 1.986982E+01, 1.225687E+01, 1.537986E+01, 9.875827E+01, 6.064484E+01, 7.761944E+00, 2.457066E+01,8, 3.960471E+00,0, 0.000000E+00,0, 0.000000E+00,4, 6.332812E+00, 1.088261E+00, 2.748559E+00,NULL,NULL,1,mc_qqps,53
-21041,2082,20228,21726,94C2, 9.125000E+01,17,14,31,17,14, 8.520528E+00, 7.927583E-01, 6.617881E+00, 4.236382E+01, 4.196155E+01, 2.468326E+00, 1.005923E+01,-1.954398E-01, 8.090425E+00, 7.109946E+01, 4.130521E+01, 1.416965E+01, 7.426435E+00,14, 3.878706E-01,0, 0.000000E+00,0, 0.000000E+00,10, 2.006318E+01, 7.286860E-01, 5.825982E+00,NULL,NULL,1,mc_qqps,53
-21041,2083,20228,21740,94C2, 9.125000E+01,19,10,29,19,10,-2.758762E+01,-5.270182E+00,-1.135725E+01, 5.623756E+01, 5.587088E+01, 2.940573E+00,-4.788954E+00,-1.277832E+00,-2.064132E+00, 9.098003E+01, 5.191723E+01, 3.245361E+01, 1.025297E+00,11, 3.614886E+00,0, 0.000000E+00,0, 0.000000E+00,7, 3.267614E+01, 5.517091E-01, 1.829424E+01,NULL,NULL,1,mc_qqps,53
-21041,2084,20228,21753,94C2, 9.125000E+01,46,15,61,46,15, 9.730703E-01,-2.779057E+00,-3.252589E+00, 8.086400E+01, 7.967109E+01, 1.731980E+00,-5.712740E-01,-5.245383E+00, 1.015367E+00, 9.594204E+01, 6.447628E+01, 1.069079E+01, 2.114293E+00,13, 1.254324E+01,3, 0.000000E+00,0, 0.000000E+00,6, 8.880931E+00, 6.198090E-01, 3.426209E+00,NULL,NULL,1,mc_qqps,53
-21041,2085,20228,21812,94C2, 9.125000E+01,25,20,45,25,20,-5.059970E+00,-2.096406E+00,-5.465396E+00, 4.629756E+01, 4.590244E+01, 1.836098E+00, 8.968233E+00, 6.834012E+00, 9.271389E+00, 9.826091E+01, 3.874879E+01, 3.402185E+01, 1.800568E+01,15, 3.094056E+00,3, 0.000000E+00,0, 0.000000E+00,13, 2.805762E+01, 8.090628E-01, 5.648081E+00,NULL,NULL,1,mc_qqps,53
-21041,2086,20228,21825,94C2, 9.125000E+01,20,10,30,20,10,-9.221735E-01,-3.040037E+00, 2.072106E+00, 8.416028E+01, 8.371828E+01, 4.185914E+00, 1.664956E+00, 1.557663E+00,-1.405789E+00, 9.493228E+01, 7.996030E+01, 9.530511E+00, 6.868082E-01,11, 3.651651E+00,0, 0.000000E+00,0, 0.000000E+00,8, 9.762349E+00, 5.546772E-01, 3.380424E+00,NULL,NULL,1,mc_qqps,53
-21041,2087,20228,21839,94C2, 9.125000E+01,10,12,22,10,12, 1.089613E+01, 8.696161E+00,-1.323477E+01, 3.351584E+01, 3.341602E+01, 3.341602E+00, 9.571539E+00, 7.036781E+00,-1.140230E+01, 6.735561E+01, 2.215342E+01, 4.820642E+00, 2.901913E+01,0, 0.000000E+00,10, 2.671524E+00,0, 0.000000E+00,NULL,NULL,NULL,NULL,1, 0.000000E+00,1,mc_qqps,53
-21041,2088,20228,21855,94C2, 9.125000E+01,22,10,32,22,10,-3.940649E+00,-1.228718E+01,-1.333779E+00, 5.456952E+01, 5.437771E+01, 2.471714E+00,-3.056901E+00,-8.918497E+00, 5.813268E-01, 7.136200E+01, 4.192974E+01, 1.357453E+01, 3.265809E+00,17, 1.724394E+01,0, 0.000000E+00,0, 0.000000E+00,8, 1.357453E+01, 5.622325E-01, 7.058481E+00,NULL,NULL,1,mc_qqps,53
-21041,2089,20228,21902,94C2, 9.125000E+01,54,24,78,54,24,-2.684991E+01, 2.875118E+01,-4.806600E+00, 7.812954E+01, 7.580307E+01, 1.403761E+00,-2.053660E+01, 2.248808E+01,-2.820699E+00, 1.074427E+02, 3.202224E+01, 2.358286E+01, 2.397695E+00,25, 5.419330E+00,1, 0.000000E+00,0, 0.000000E+00,19, 2.552664E+01, 4.139160E-01, 3.312851E+00,NULL,NULL,1,mc_qqps,53
-21041,2090,20228,21927,94C2, 9.125000E+01,48,19,67,48,19,-6.304321E+00, 1.605893E+00,-2.077901E+00, 7.782916E+01, 7.613132E+01, 1.586069E+00,-2.350618E+00,-1.046369E+00,-5.625058E-01, 1.041721E+02, 7.142549E+01, 2.477813E+01, 0.000000E+00,23, 6.011192E+00,0, 0.000000E+00,0, 0.000000E+00,16, 2.334463E+01, 4.411374E-01, 4.660347E+00,NULL,NULL,1,mc_qqps,53
-21041,2091,20228,21944,94C2, 9.125000E+01,21,12,33,21,12, 4.586949E+00,-8.363884E+00,-7.054466E+00, 7.786662E+01, 7.741735E+01, 3.686541E+00, 1.568305E+01,-2.243376E+01,-1.826268E+01, 1.220369E+02, 7.208293E+01, 4.174874E+01, 1.781927E+00,11, 4.128036E+00,0, 0.000000E+00,0, 0.000000E+00,8, 2.671974E+01, 6.395923E-01, 9.400471E+00,NULL,NULL,1,mc_qqps,53
-21041,2092,20228,21955,94C2, 9.125000E+01,29,12,41,29,12, 2.788905E+01, 7.415494E+00,-1.142530E+02, 1.395266E+02, 1.391426E+02, 4.798020E+00, 2.287316E+01, 6.386325E+00,-1.034475E+02, 1.648180E+02, 3.607644E+01, 1.813590E+01, 7.155514E+00,1, 0.000000E+00,15, 1.589760E+01,0, 0.000000E+00,NULL,NULL,NULL,NULL,1, 0.000000E+00,1,mc_qqps,53
-21041,2093,20228,22007,94C2, 9.125000E+01,28,15,43,28,15,-4.304627E+00,-8.210806E+00,-1.542405E+00, 5.015242E+01, 4.952960E+01, 1.768914E+00,-2.663762E+00,-7.121899E+00,-5.491648E-01, 9.887706E+01, 4.175854E+01, 2.424885E+01, 2.447578E+01,16, 5.619204E+00,0, 0.000000E+00,0, 0.000000E+00,10, 2.303255E+01, 4.357759E-01, 7.759669E+00,NULL,NULL,1,mc_qqps,53
-21041,2094,20228,22022,94C2, 9.125000E+01,25,20,45,25,20, 2.217724E+00, 7.195356E-01,-1.176835E+01, 4.185769E+01, 4.135513E+01, 1.654205E+00, 3.409086E+00, 2.505622E+00,-1.795391E+01, 6.416628E+01, 3.404630E+00, 1.836661E+01, 3.945686E+00,0, 0.000000E+00,22, 7.950493E+00,0, 0.000000E+00,NULL,NULL,NULL,NULL,2, 0.000000E+00,0,mc_qqps,53
-21041,2095,20228,22039,94C2, 9.125000E+01,22,14,36,22,14, 9.022326E-01, 1.296850E+01,-2.686841E+01, 6.007553E+01, 5.968880E+01, 2.713127E+00, 7.741042E-01, 8.030270E+00,-1.718589E+01, 7.342957E+01, 6.161238E+01, 1.201992E+01, 3.175045E-01,3, 0.000000E+00,17, 6.336733E+00,0, 0.000000E+00,1, 1.016620E+00, 1.016620E+00, 1.016620E+00,NULL,NULL,1,mc_qqps,53
-21041,2096,20228,22053,94C2, 9.125000E+01,28,13,41,28,13, 7.917726E-01,-3.275939E+00,-6.974838E-01, 6.501383E+01, 6.463746E+01, 2.308481E+00,-1.483992E+00,-3.357288E+00, 6.520913E-01, 9.473262E+01, 6.122376E+01, 2.148241E+01, 7.835965E+00,16, 1.250227E+00,0, 0.000000E+00,0, 0.000000E+00,10, 2.133044E+01, 3.914770E-01, 5.132839E+00,NULL,NULL,1,mc_qqps,53
-21041,2097,20228,22107,94C2, 9.125000E+01,13,9,22,13,9, 6.419594E-01,-1.212234E+00,-5.646841E+00, 1.065273E+01, 1.036087E+01, 7.969897E-01, 2.432290E+00,-2.144830E+00,-1.549037E+01, 4.718757E+01, 6.457405E+00, 3.533164E+01, 1.203194E+00,0, 0.000000E+00,4, 2.248125E-01,0, 0.000000E+00,NULL,NULL,NULL,NULL,6, 0.000000E+00,0,mc_qqps,53
-21041,2098,20228,22142,94C2, 9.125000E+01,29,14,43,29,14,-6.317945E+00,-2.184702E+00, 4.099812E+00, 5.667852E+01, 5.608949E+01, 1.934120E+00,-1.173917E+01,-1.261919E+00, 1.124292E+01, 7.380643E+01, 5.388253E+01, 1.578507E+01, 1.342828E+00,6, 0.000000E+00,9, 0.000000E+00,0, 0.000000E+00,6, 7.057649E+00, 5.940481E-01, 2.185794E+00,NULL,NULL,1,mc_qqps,53
-21041,2099,20228,22156,94C2, 9.125000E+01,34,20,54,34,20, 2.435418E+00,-4.846023E+00, 1.359964E+01, 4.126525E+01, 4.046288E+01, 1.190085E+00,-1.059343E+00,-5.911529E+00, 2.877666E+00, 6.891373E+01, 3.526756E+01, 1.562672E+01, 8.057100E+00,10, 4.933606E-01,6, 0.000000E+00,0, 0.000000E+00,8, 1.014919E+01, 6.480579E-01, 2.997633E+00,1, 0.000000E+00,1,mc_qqps,53
-21041,2100,20228,22218,94C2, 9.125000E+01,35,13,48,35,13,-7.537663E-03,-1.629130E+00,-5.563388E+00, 7.000888E+01, 6.908907E+01, 1.973973E+00, 2.659422E-02,-2.964950E+00,-7.833771E+00, 8.143139E+01, 5.889948E+01, 1.015221E+01, 1.270294E+00,5, 1.607100E+00,10, 0.000000E+00,0, 0.000000E+00,4, 4.214468E+00, 6.275630E-01, 1.603058E+00,NULL,NULL,1,mc_qqps,53
-21041,2101,20228,22237,94C2, 9.125000E+01,16,17,33,16,17,-1.622267E-01,-1.273219E+01, 6.825562E+00, 5.217461E+01, 5.195482E+01, 3.247176E+00, 3.147770E+00,-2.912777E+01, 1.503969E+01, 8.595240E+01, 4.924191E+01, 1.144908E+01, 1.939453E+01,15, 9.076461E-01,0, 0.000000E+00,0, 0.000000E+00,12, 1.290265E+01, 4.813685E-01, 2.199691E+00,NULL,NULL,1,mc_qqps,53
-21041,2102,20228,22249,94C2, 9.125000E+01,19,7,26,19,7,-1.042219E+01, 4.819527E+00,-1.934562E+01, 6.419940E+01, 6.391346E+01, 3.363866E+00,-8.109540E+00, 3.173113E+00,-1.428911E+01, 7.016624E+01, 5.602794E+01, 3.520304E+00, 2.446537E+00,0, 0.000000E+00,9, 2.090061E+00,0, 0.000000E+00,NULL,NULL,NULL,NULL,NULL,NULL,1,mc_qqps,53
-21041,2103,20228,22301,94C2, 9.125000E+01,35,13,48,35,13,-7.942271E-01,-2.019276E-01,-6.143830E+00, 7.065395E+01, 6.999881E+01, 1.999966E+00,-3.240588E+00, 3.113043E+00,-4.989253E+00, 9.132897E+01, 6.252670E+01, 1.105169E+01, 8.932388E+00,13, 2.142275E+00,5, 0.000000E+00,0, 0.000000E+00,6, 5.923830E+00, 6.673834E-01, 1.325025E+00,NULL,NULL,1,mc_qqps,53
-21041,2104,20228,22318,94C2, 9.125000E+01,30,7,37,30,7,-1.925592E+00, 2.775060E+00,-4.904399E+00, 7.934513E+01, 7.889289E+01, 2.629763E+00,-1.675559E+00,-2.570363E+00, 1.943254E-01, 9.130280E+01, 6.835014E+01, 5.700323E+00, 1.183872E+00,13, 9.394394E+00,2, 0.000000E+00,0, 0.000000E+00,5, 9.643332E+00, 3.832219E-01, 5.073472E+00,NULL,NULL,1,mc_qqps,53
-21041,2105,20228,22332,94C2, 9.125000E+01,21,13,34,21,13,-2.943674E+00,-6.306633E+00,-5.281504E+00, 4.199363E+01, 4.151538E+01, 1.976923E+00, 7.076307E+00, 1.208798E+01, 9.207253E+00, 8.863680E+01, 4.033448E+01, 4.410779E+01, 2.024086E+00,16, 4.229067E+00,0, 0.000000E+00,0, 0.000000E+00,10, 3.495350E+01, 5.731502E-01, 1.638473E+01,NULL,NULL,1,mc_qqps,53
-21041,2106,20228,22346,94C2, 9.125000E+01,25,17,42,25,17, 5.114441E+00, 5.120231E+00, 1.036284E+01, 4.529121E+01, 4.492400E+01, 1.796960E+00, 6.924990E+00, 5.790702E-01, 1.610121E+00, 8.627002E+01, 4.303214E+01, 3.809336E+01, 1.141856E+00,13, 1.582436E+00,5, 0.000000E+00,0, 0.000000E+00,10, 3.589978E+01, 3.425504E-01, 1.569565E+01,NULL,NULL,1,mc_qqps,53
-21041,2107,20228,22402,94C2, 9.125000E+01,26,21,47,26,21, 1.807850E+00,-6.883120E+00,-8.639974E+00, 2.278670E+01, 2.203505E+01, 8.475020E-01, 1.358708E+00,-2.005983E+00,-1.532292E+00, 6.734692E+01, 1.413423E+01, 3.961429E+01, 4.945939E+00,3, 0.000000E+00,16, 2.208835E+00,0, 0.000000E+00,2, 2.099283E+00, 8.956449E-01, 1.203638E+00,1, 0.000000E+00,1,mc_qqps,53
-21041,2108,20228,22420,94C2, 9.125000E+01,28,9,37,28,9, 4.367978E+00,-4.220232E+00, 3.327852E+00, 8.792997E+01, 8.747246E+01, 3.124016E+00, 7.515599E+00,-4.691073E+00, 5.439846E+00, 1.193506E+02, 8.133601E+01, 2.140707E+01, 1.002602E+01,15, 1.224507E+01,0, 0.000000E+00,0, 0.000000E+00,7, 1.598419E+01, 4.029779E-01, 5.721155E+00,NULL,NULL,1,mc_qqps,53
-21041,2109,20228,22435,94C2, 9.125000E+01,18,10,28,18,10,-1.202490E+01,-4.277222E+00, 7.443329E+00, 6.023889E+01, 6.002541E+01, 3.334745E+00,-1.172523E+01,-3.157080E+00, 6.694837E+00, 7.249213E+01, 5.822746E+01, 1.054947E+01, 1.365190E+00,14, 1.836428E+01,0, 0.000000E+00,0, 0.000000E+00,7, 8.382359E+00, 3.385773E-01, 2.579570E+00,NULL,NULL,1,mc_qqps,53
-21041,2110,20228,22446,94C2, 9.125000E+01,32,24,56,32,24, 1.322839E+00, 3.351597E-02,-3.343514E+00, 2.952694E+01, 2.861186E+01, 8.941206E-01, 1.001318E+00,-6.179905E+00, 1.940253E+00, 4.987614E+01, 1.826295E+01, 1.461125E+01, 3.086759E+00,9, 2.168152E+00,12, 4.893728E-01,0, 0.000000E+00,7, 7.201130E+00, 4.038115E-01, 2.247396E+00,1, 0.000000E+00,1,mc_qqps,53
-21041,2111,20228,22504,94C2, 9.125000E+01,51,21,72,51,21, 7.005401E+00,-1.356498E+01,-4.912387E+00, 6.388250E+01, 6.207296E+01, 1.217117E+00, 4.350865E+00,-5.455617E+00,-3.229418E+00, 8.786663E+01, 5.374070E+01, 2.130703E+01, 1.022607E+00,26, 4.672904E+00,0, 0.000000E+00,0, 0.000000E+00,15, 2.113018E+01, 4.145864E-01, 2.407983E+00,NULL,NULL,1,mc_qqps,53
-21041,2112,20228,22527,94C2, 9.125000E+01,31,16,47,31,16, 1.472620E+00, 3.371695E+00, 3.664818E+00, 6.114996E+01, 6.076456E+01, 1.960147E+00,-8.258056E+00, 2.685055E+00, 7.770555E+00, 9.328896E+01, 5.397435E+01, 1.343312E+01, 1.158941E+01,17, 6.811088E-02,0, 0.000000E+00,0, 0.000000E+00,12, 1.913155E+01, 5.524966E-01, 4.117713E+00,NULL,NULL,1,mc_qqps,53
-21041,2113,20228,22539,94C2, 9.125000E+01,19,12,31,19,12, 9.444705E+00,-1.086410E+00, 3.121344E+00, 5.612635E+01, 5.590896E+01, 2.942577E+00, 6.364130E+00, 2.342697E-01, 1.576263E+00, 7.970245E+01, 5.446616E+01, 2.147987E+01, 0.000000E+00,17, 6.968032E+00,0, 0.000000E+00,0, 0.000000E+00,12, 2.357611E+01, 1.034776E+00, 3.539356E+00,NULL,NULL,1,mc_qqps,53
-21041,2114,20228,22549,94C2, 9.125000E+01,25,21,46,25,21, 1.041092E+01, 3.526420E+00,-1.042218E+01, 5.000654E+01, 4.936941E+01, 1.974777E+00, 1.573546E+01, 5.521837E+00,-1.840127E+01, 9.194852E+01, 4.388388E+01, 3.694230E+01, 1.992528E+00,9, 0.000000E+00,6, 0.000000E+00,0, 0.000000E+00,9, 1.502100E+01, 5.224677E-01, 4.623610E+00,NULL,NULL,1,mc_qqps,53
-21041,2115,20228,22605,94C2, 9.125000E+01,16,14,30,16,14, 3.300636E+00, 1.207065E+00,-1.580873E+00, 1.437498E+01, 1.394916E+01, 8.718222E-01, 2.087443E+00, 1.382857E+00,-1.127849E+00, 5.151696E+01, 5.633787E+00, 3.517669E+01, 1.965292E+00,1, 0.000000E+00,10, 1.061441E+00,0, 0.000000E+00,1, 7.003692E-01, 7.003692E-01, 7.003692E-01,3, 0.000000E+00,0,mc_qqps,53
-21041,2116,20228,22635,94C2, 9.125000E+01,24,13,37,24,13, 3.092462E+00,-3.268095E+00,-1.619372E+00, 5.390318E+01, 5.358821E+01, 2.232842E+00,-1.744304E+00, 1.248381E+00, 2.207521E+00, 7.847476E+01, 5.100256E+01, 2.364761E+01, 0.000000E+00,20, 3.934582E-01,0, 0.000000E+00,0, 0.000000E+00,12, 2.275128E+01, 6.905142E-01, 6.156722E+00,NULL,NULL,1,mc_qqps,53
-21041,2117,20228,22648,94C2, 9.125000E+01,34,21,55,34,21,-1.627505E-01,-3.374938E+00,-1.420898E-01, 4.626812E+01, 4.568094E+01, 1.343557E+00, 1.116226E+00, 3.746137E+00,-4.123940E+00, 7.797295E+01, 4.290843E+01, 2.932683E+01, 2.603814E-01,15, 1.605081E+00,6, 0.000000E+00,0, 0.000000E+00,12, 1.653144E+01, 5.275080E-01, 7.246991E+00,NULL,NULL,1,mc_qqps,53
-21041,2118,20228,22707,94C2, 9.125000E+01,27,18,45,27,18, 3.529280E+00, 8.482242E-02,-7.547755E-01, 4.636186E+01, 4.597898E+01, 1.702925E+00, 1.030975E+01,-1.208449E+01,-9.641680E-01, 8.674969E+01, 4.154856E+01, 1.920880E+01, 1.800723E+01,8, 3.729721E-01,8, 0.000000E+00,0, 0.000000E+00,6, 9.194043E+00, 1.015097E+00, 2.354908E+00,NULL,NULL,1,mc_qqps,53
-21041,2119,20228,22725,94C2, 9.125000E+01,19,13,32,19,13, 3.727499E+01,-2.161519E+01, 1.528761E+01, 9.194563E+01, 9.172742E+01, 4.827759E+00, 2.089297E+01,-1.008588E+01, 9.453692E+00, 1.444417E+02, 6.371171E+01, 4.129840E+01, 1.437130E+00,13, 1.024176E+00,0, 0.000000E+00,0, 0.000000E+00,11, 5.105896E+01, 6.041814E-01, 2.129278E+01,NULL,NULL,1,mc_qqps,53
-21041,2120,20228,22736,94C2, 9.125000E+01,27,14,41,27,14, 2.913099E+00, 2.871799E+00, 1.935551E+00, 6.308936E+01, 6.268229E+01, 2.321566E+00, 6.126171E-01, 2.069645E+00, 3.308079E-01, 9.116800E+01, 5.886814E+01, 2.609449E+01, 1.257813E-01,13, 1.584453E+00,4, 0.000000E+00,0, 0.000000E+00,10, 2.489931E+01, 4.218089E-01, 9.225495E+00,NULL,NULL,1,mc_qqps,53
-21041,2121,20228,22751,94C2, 9.125000E+01,28,19,47,28,19, 1.750416E+00,-1.008305E+00, 1.826287E+00, 4.533042E+01, 4.481153E+01, 1.600412E+00,-2.902599E+00,-4.654585E-01, 2.625455E+00, 7.494968E+01, 3.882572E+01, 2.452933E+01, 5.220575E+00,5, 0.000000E+00,15, 5.441294E+00,0, 0.000000E+00,5, 1.243727E+01, 4.274521E-01, 8.311767E+00,NULL,NULL,1,mc_qqps,53
-21041,2122,20228,22806,94C2, 9.125000E+01,42,11,53,42,11,-2.749868E+00,-2.298671E+00, 1.367283E+00, 7.582406E+01, 7.461709E+01, 1.776597E+00,-3.114288E+00,-2.649107E+00, 5.035476E-01, 9.267135E+01, 6.825180E+01, 1.684729E+01, 0.000000E+00,21, 6.051003E+00,0, 0.000000E+00,0, 0.000000E+00,10, 1.433104E+01, 5.276890E-01, 2.271523E+00,NULL,NULL,1,mc_qqps,53
-21041,2123,20228,22826,94C2, 9.125000E+01,21,18,39,21,18, 7.138493E+00,-2.203558E+01, 4.936023E+01, 8.670844E+01, 8.643496E+01, 4.115951E+00, 6.162913E+00,-2.157677E+01, 4.016290E+01, 1.269452E+02, 4.841859E+01, 2.284972E+01, 1.738705E+01,2, 0.000000E+00,18, 5.223631E+00,0, 0.000000E+00,1, 1.442006E+00, 1.442006E+00, 1.442006E+00,NULL,NULL,1,mc_qqps,53
-21041,2124,20228,22843,94C2, 9.125000E+01,35,20,55,35,20,-1.389076E+01,-5.744092E+00,-5.180888E+00, 6.227620E+01, 6.184273E+01, 1.766935E+00,-4.851593E+00,-2.136490E+00,-3.581615E+00, 9.387878E+01, 6.078320E+01, 2.708498E+01, 1.067580E+00,29, 8.871408E+00,0, 0.000000E+00,0, 0.000000E+00,17, 2.562821E+01, 5.526873E-01, 3.743887E+00,NULL,NULL,1,mc_qqps,53
-21041,2125,20228,22858,94C2, 9.125000E+01,22,14,36,22,14, 4.060854E+00, 2.320890E+00, 3.529348E+00, 8.184743E+01, 8.153609E+01, 3.706186E+00,-3.031366E+00, 2.105191E+00,-5.002103E+00, 1.004045E+02, 5.787542E+01, 1.487507E+01, 2.818416E+00,14, 1.238740E+01,1, 0.000000E+00,0, 0.000000E+00,10, 1.513120E+01, 4.960577E-01, 4.216074E+00,NULL,NULL,1,mc_qqps,53
-21041,2126,20228,22915,94C2, 9.125000E+01,35,8,43,35,8, 2.051626E+00, 1.542754E+01,-1.058538E+00, 3.567496E+01, 3.466739E+01, 9.904969E-01,-3.394702E+00,-2.472655E+00,-6.503710E-01, 6.667656E+01, 3.304831E+01, 1.967298E+00, 1.615639E+01,10, 4.717746E+00,0, 0.000000E+00,0, 0.000000E+00,5, 1.484520E+01, 6.534525E-01, 7.032946E+00,NULL,NULL,1,mc_qqps,53
-21041,2127,20228,22936,94C2, 9.125000E+01,41,10,51,41,10, 1.130812E+00,-2.256091E-01,-5.467508E-01, 8.262411E+01, 8.181540E+01, 1.995498E+00,-5.985790E+00, 8.440005E-01, 6.387416E+00, 1.210770E+02, 7.800350E+01, 1.810948E+01, 1.239934E+01,11, 2.989086E-01,0, 0.000000E+00,0, 0.000000E+00,7, 2.064017E+01, 7.590649E-01, 5.472528E+00,NULL,NULL,1,mc_qqps,53
-21041,2128,20228,22951,94C2, 9.125000E+01,41,32,73,41,32,-1.046256E+00, 1.283046E+00, 3.693364E+00, 4.736991E+01, 4.614070E+01, 1.125383E+00,-6.090516E+00,-1.195943E+01,-3.786266E+00, 1.048315E+02, 3.998996E+01, 4.362505E+01, 1.077295E+01,21, 0.000000E+00,1, 0.000000E+00,0, 0.000000E+00,21, 3.795649E+01, 4.725796E-01, 6.959572E+00,NULL,NULL,1,mc_qqps,53
-21041,2129,20228,23009,94C2, 9.125000E+01,19,8,27,19,8, 2.239051E+00, 7.595620E+00,-1.141775E+00, 3.692257E+01, 3.641644E+01, 1.916655E+00, 2.190811E+00, 1.953197E+01,-2.509609E+00, 5.706410E+01, 3.237791E+01, 1.416957E+01, 1.951091E+00,10, 7.918603E+00,0, 0.000000E+00,0, 0.000000E+00,5, 1.799838E+01, 5.771289E-01, 9.631440E+00,NULL,NULL,1,mc_qqps,53
-21041,2130,20228,23020,94C2, 9.125000E+01,34,9,43,34,9,-8.999686E-01, 1.032933E+01,-1.748893E+01, 5.575077E+01, 5.505500E+01, 1.619265E+00,-3.954783E+00, 6.502690E+00,-1.638077E+01, 7.826683E+01, 4.551295E+01, 6.661503E+00, 1.225482E+01,8, 1.040991E+00,2, 0.000000E+00,0, 0.000000E+00,6, 8.382050E+00, 6.036734E-01, 2.828865E+00,NULL,NULL,1,mc_qqps,53
-21041,2131,20228,23037,94C2, 9.125000E+01,42,20,62,42,20,-1.079795E+00,-1.610286E+00,-3.926267E+00, 3.607794E+01, 3.510537E+01, 8.358423E-01,-2.120983E+00, 1.836669E+00, 6.363491E+00, 6.629221E+01, 2.667160E+01, 2.838082E+01, 1.985982E+00,5, 0.000000E+00,15, 3.346717E+00,0, 0.000000E+00,5, 4.466321E+00, 5.362926E-01, 1.352550E+00,1, 0.000000E+00,1,mc_qqps,53
-21041,2132,20228,23100,94C2, 9.125000E+01,24,8,32,24,8, 1.132558E+00,-4.756302E+00, 2.095322E-01, 6.965712E+01, 6.936841E+01, 2.890350E+00, 5.533711E-01,-1.031499E+00,-4.005586E-01, 8.196281E+01, 5.340544E+01, 8.910933E+00, 1.586435E+00,13, 7.552710E+00,1, 0.000000E+00,0, 0.000000E+00,6, 1.026165E+01, 1.035377E+00, 3.059682E+00,NULL,NULL,1,mc_qqps,53
-21041,2133,20228,23111,94C2, 9.125000E+01,21,15,36,21,15, 5.082586E+00,-1.275907E+00, 3.682272E+00, 4.167473E+01, 4.130214E+01, 1.966768E+00, 7.816294E+00,-1.720321E+00, 3.775132E+00, 8.282982E+01, 3.997295E+01, 2.186155E+01, 1.246860E+01,16, 8.575349E-01,1, 0.000000E+00,0, 0.000000E+00,12, 2.796384E+01, 5.440428E-01, 7.405922E+00,NULL,NULL,1,mc_qqps,53
-21041,2134,20228,23126,94C2, 9.125000E+01,34,10,44,34,10,-8.508758E+00,-1.036203E+01, 4.494597E-01, 2.944529E+01, 2.862292E+01, 8.418508E-01,-5.652809E-02, 3.012074E+00,-2.152081E+00, 8.808316E+01, 2.035936E+01, 4.718657E+01, 2.191209E+00,10, 8.738529E-02,0, 0.000000E+00,0, 0.000000E+00,7, 5.603619E+01, 8.764953E-01, 3.493892E+01,NULL,NULL,1,mc_qqps,53
-21041,2135,20228,23141,94C2, 9.125000E+01,24,13,37,24,13,-3.968723E+00,-3.781016E+00,-7.448254E+00, 5.682129E+01, 5.636879E+01, 2.348700E+00,-2.026393E+00, 1.942490E-01, 3.880075E+00, 9.171593E+01, 4.998063E+01, 2.852895E+01, 5.249774E+00,2, 0.000000E+00,12, 9.430070E+00,0, 0.000000E+00,2, 3.201103E+00, 1.119963E+00, 2.081140E+00,NULL,NULL,1,mc_qqps,53
-21041,2136,20228,23153,94C2, 9.125000E+01,45,15,60,45,15, 1.870354E+01,-3.995140E+00, 2.678546E+01, 7.588117E+01, 7.489161E+01, 1.664258E+00, 9.142666E+00, 4.735048E-01, 1.223960E+01, 9.603771E+01, 6.235434E+01, 1.222527E+01, 7.344611E+00,4, 0.000000E+00,8, 1.587221E+00,0, 0.000000E+00,3, 6.025362E+00, 5.866611E-01, 3.709002E+00,2, 0.000000E+00,1,mc_qqps,53
-21041,2137,20228,23214,94C2, 9.125000E+01,16,9,25,16,9,-1.082995E+00, 3.145040E+00, 1.147792E+00, 7.901364E+01, 7.885720E+01, 4.928575E+00, 2.042242E+00,-1.507541E+00,-1.204492E-01, 9.188042E+01, 7.742706E+01, 1.113265E+01, 0.000000E+00,12, 6.509098E+00,0, 0.000000E+00,0, 0.000000E+00,7, 8.860190E+00, 7.955611E-01, 1.859627E+00,NULL,NULL,1,mc_qqps,53
-21041,2138,20228,23227,94C2, 9.125000E+01,29,6,35,29,6,-2.679255E+00, 1.406165E+00,-4.762745E-01, 8.104725E+01, 8.051083E+01, 2.776236E+00,-1.099957E+00, 8.194252E-01,-5.289093E-01, 9.219597E+01, 7.459161E+01, 1.078726E+01, 3.614653E-01,10, 6.186873E+00,0, 0.000000E+00,0, 0.000000E+00,4, 9.804810E+00, 1.206214E+00, 3.586862E+00,NULL,NULL,1,mc_qqps,53
-21041,2139,20228,23241,94C2, 9.125000E+01,14,15,29,14,15, 5.217951E+00,-1.404863E+01, 6.783929E+00, 3.407969E+01, 3.396758E+01, 2.426256E+00, 2.334358E+00,-6.546809E+00, 4.487215E+00, 9.527763E+01, 3.423889E+01, 3.391676E+01, 2.371022E+01,15, 5.273877E+00,0, 0.000000E+00,0, 0.000000E+00,10, 3.049747E+01, 6.734068E-01, 9.234344E+00,NULL,NULL,1,mc_qqps,53
-21041,2140,20228,23251,94C2, 9.125000E+01,19,14,33,19,14,-3.341582E+00,-5.094753E-01,-3.779609E+00, 6.451192E+01, 6.438949E+01, 3.388921E+00,-7.444032E+00,-2.905142E+00,-6.023669E+00, 1.060353E+02, 6.338685E+01, 1.280861E+01, 2.335763E+01,13, 1.100675E+00,2, 0.000000E+00,0, 0.000000E+00,9, 1.456895E+01, 7.687927E-01, 4.393414E+00,NULL,NULL,1,mc_qqps,53
-21041,2141,20228,23304,94C2, 9.125000E+01,20,11,31,20,11, 6.338729E+00,-6.145711E-01, 9.191866E+00, 5.539040E+01, 5.497272E+01, 2.748636E+00, 7.164525E+00,-2.879622E-01, 9.139640E+00, 7.174931E+01, 5.309101E+01, 6.869589E+00, 2.365393E-01,6, 0.000000E+00,4, 0.000000E+00,0, 0.000000E+00,6, 1.350184E+01, 4.570150E-01, 7.076392E+00,NULL,NULL,1,mc_qqps,53
-21041,2142,20228,23320,94C2, 9.125000E+01,34,8,42,34,8,-2.329931E-01,-2.495670E+00, 1.718954E+00, 8.189930E+01, 8.091775E+01, 2.379934E+00, 4.497100E+01,-3.196522E+01,-5.514898E+01, 1.678136E+02, 7.773012E+01, 8.322179E+01, 0.000000E+00,8, 0.000000E+00,1, 5.752353E-01,0, 0.000000E+00,6, 7.814976E+00, 5.545221E-01, 2.276932E+00,NULL,NULL,1,mc_qqps,53
-21041,2143,20228,23335,94C2, 9.125000E+01,17,18,35,17,18, 1.023079E+00,-2.984877E+00,-1.219338E+00, 4.866686E+01, 4.850848E+01, 2.853440E+00, 1.282446E+01,-1.094244E+01,-5.579434E+00, 1.114510E+02, 4.838888E+01, 4.441036E+01, 1.221138E+01,18, 5.833182E+00,0, 0.000000E+00,0, 0.000000E+00,13, 4.733430E+01, 8.900573E-01, 1.052694E+01,NULL,NULL,1,mc_qqps,53
-21041,2144,20228,23346,94C2, 9.125000E+01,39,16,55,39,16,-5.909131E-01, 1.025999E+01,-7.168118E+00, 5.160466E+01, 5.047389E+01, 1.294202E+00,-2.226105E-01, 1.681026E+01,-1.210799E+01, 9.550552E+01, 4.082478E+01, 3.949595E+01, 3.252141E+00,14, 7.979432E-01,1, 0.000000E+00,0, 0.000000E+00,8, 1.731565E+01, 4.153640E-01, 9.428675E+00,NULL,NULL,1,mc_qqps,53
-21041,2145,20228,23403,94C2, 9.125000E+01,35,15,50,35,15,-2.776359E+00,-3.015556E+00,-4.709681E+00, 6.124496E+01, 6.053333E+01, 1.729524E+00, 6.283192E+00, 2.366853E+01, 3.706403E+00, 1.071105E+02, 5.533360E+01, 4.436652E+01, 2.987534E-01,16, 8.421006E+00,1, 0.000000E+00,0, 0.000000E+00,11, 2.771695E+01, 4.210352E-01, 1.440843E+01,NULL,NULL,1,mc_qqps,53
-21041,2146,20228,23416,94C2, 9.125000E+01,30,10,40,30,10,-1.086351E+01,-3.797076E+00,-4.043178E+01, 1.011283E+02, 1.008192E+02, 3.360639E+00,-1.350902E+01,-3.680194E+00,-4.558488E+01, 1.175579E+02, 2.683393E+01, 1.642960E+01, 0.000000E+00,1, 0.000000E+00,17, 2.119467E+01,0, 0.000000E+00,1, 1.572030E+00, 1.572030E+00, 1.572030E+00,NULL,NULL,1,mc_qqps,53
-21041,2147,20228,23428,94C2, 9.125000E+01,31,21,52,31,21, 1.858068E+00, 2.053919E-01,-1.359234E+01, 4.859270E+01, 4.810857E+01, 1.551889E+00, 2.810367E+00, 3.870994E-01,-1.288101E+01, 7.626670E+01, 3.526805E+01, 1.780887E+01, 9.190541E+00,12, 2.161511E-01,6, 0.000000E+00,0, 0.000000E+00,8, 1.249731E+01, 3.841663E-01, 4.104588E+00,3, 0.000000E+00,1,mc_qqps,53
-21041,2148,20228,23450,94C2, 9.125000E+01,37,7,44,37,7,-2.115205E+01, 5.967710E+00,-1.289660E+01, 1.114627E+02, 1.108013E+02, 2.994631E+00,-1.912172E+01, 5.105056E+00,-1.185385E+01, 1.160910E+02, 5.747338E+01, 2.280442E+00, 6.883097E-01,13, 2.704680E+00,1, 0.000000E+00,0, 0.000000E+00,3, 2.270529E+00, 4.604155E-01, 1.199112E+00,NULL,NULL,1,mc_qqps,53
-21041,2149,20228,23505,94C2, 9.125000E+01,16,16,32,16,16,-2.531714E+00, 1.906460E+00, 5.658848E-01, 6.170622E+01, 6.147665E+01, 3.842291E+00,-2.531330E+00, 2.987729E+00, 1.811231E+00, 8.497823E+01, 6.144258E+01, 2.237045E+01, 2.584063E-01,15, 5.374078E+00,1, 0.000000E+00,0, 0.000000E+00,13, 2.071853E+01, 6.431478E-01, 3.647583E+00,NULL,NULL,1,mc_qqps,53
-21041,2150,20228,23515,94C2, 9.125000E+01,36,15,51,36,15, 7.836224E+00,-1.609808E+01,-1.292122E+02, 2.037502E+02, 2.034077E+02, 5.650213E+00, 8.774152E+00,-7.086277E+00,-1.135239E+02, 2.313366E+02, 3.695830E+01, 2.252698E+01, 5.059350E+00,1, 0.000000E+00,17, 1.217588E+01,0, 0.000000E+00,1, 1.504946E+00, 1.504946E+00, 1.504946E+00,2, 0.000000E+00,1,mc_qqps,53
-21041,2151,20228,23535,94C2, 9.125000E+01,38,10,48,38,10, 2.218090E+00,-2.581887E+00,-4.344578E+00, 7.287481E+01, 7.228185E+01, 1.902154E+00, 8.913925E+00,-3.264993E+00,-4.047812E+00, 8.997511E+01, 6.279428E+01, 1.462235E+01, 2.092525E+00,12, 5.799760E+00,2, 0.000000E+00,0, 0.000000E+00,4, 9.835466E+00, 3.854280E-01, 7.182573E+00,1, 0.000000E+00,1,mc_qqps,53
-21041,2152,20228,23554,94C2, 9.125000E+01,30,11,41,30,11,-9.065392E+00, 5.712883E+00,-5.797605E+00, 7.352290E+01, 7.308735E+01, 2.436245E+00,-6.787015E+00, 4.855253E+00,-3.651788E+00, 8.994547E+01, 5.903492E+01, 1.459865E+01, 0.000000E+00,21, 1.205118E+01,0, 0.000000E+00,0, 0.000000E+00,11, 1.642257E+01, 6.099873E-01, 4.304103E+00,NULL,NULL,1,mc_qqps,53
-21041,2153,20228,23607,94C2, 9.125000E+01,54,17,71,54,17,-1.352062E-01,-7.766843E-01,-3.987158E+01, 1.041925E+02, 1.032694E+02, 1.912396E+00,-2.039164E+00,-2.147528E+00,-4.161852E+01, 1.207719E+02, 4.785085E+01, 8.695448E+00, 4.567402E+00,6, 0.000000E+00,12, 0.000000E+00,0, 0.000000E+00,2, 3.371135E+00, 1.013343E+00, 2.357792E+00,NULL,NULL,1,mc_qqps,53
-21041,2154,20228,23627,94C2, 9.125000E+01,27,20,47,27,20,-3.086940E-01,-1.188875E+01, 5.820590E+00, 5.829873E+01, 5.784457E+01, 2.142392E+00, 8.288515E-01, 4.033652E+00,-2.480513E+00, 9.442745E+01, 5.541900E+01, 3.229308E+01, 4.353680E+00,22, 4.066284E+00,0, 0.000000E+00,0, 0.000000E+00,16, 3.003209E+01, 5.162850E-01, 5.904643E+00,NULL,NULL,1,mc_qqps,53
-21041,2155,20228,23640,94C2, 9.125000E+01,31,7,38,31,7, 1.557884E+00, 3.258267E+00,-1.277654E-01, 8.063151E+01, 7.998728E+01, 2.580235E+00, 1.478573E+00, 2.657668E+00,-2.197806E-01, 9.121041E+01, 7.876376E+01, 4.136916E+00, 0.000000E+00,15, 5.393971E+00,0, 0.000000E+00,0, 0.000000E+00,7, 1.057890E+01, 5.552418E-01, 4.939229E+00,NULL,NULL,1,mc_qqps,53
-21041,2156,20228,23654,94C2, 9.125000E+01,26,9,35,26,9, 3.775731E+00, 1.329420E+00,-2.327433E+00, 6.155361E+01, 6.120836E+01, 2.354168E+00,-8.952526E+00, 2.939999E+00, 2.922753E+00, 8.376305E+01, 5.984770E+01, 1.926782E+01, 0.000000E+00,17, 9.385799E+00,0, 0.000000E+00,0, 0.000000E+00,6, 1.883248E+01, 8.429973E-01, 1.097812E+01,NULL,NULL,1,mc_qqps,53
-21041,2157,20228,23706,94C2, 9.125000E+01,24,13,37,24,13,-1.444095E+00,-8.045329E+00, 6.642867E-01, 5.040878E+01, 5.006927E+01, 2.086220E+00, 1.476134E+00, 4.494834E+00,-6.793118E+00, 8.440142E+01, 4.898470E+01, 3.258809E+01, 0.000000E+00,17, 5.445139E+00,1, 0.000000E+00,0, 0.000000E+00,10, 2.295288E+01, 5.849223E-01, 8.212722E+00,1, 0.000000E+00,1,mc_qqps,53
-21041,2158,20228,23720,94C2, 9.125000E+01,27,13,40,27,13,-5.792911E-01, 4.894286E+00, 2.988473E+00, 7.215155E+01, 7.172903E+01, 2.656631E+00, 2.889306E-01, 1.391835E+00,-9.540866E-01, 9.130206E+01, 6.750484E+01, 1.794046E+01, 5.296161E-01,12, 3.012956E+00,3, 0.000000E+00,0, 0.000000E+00,10, 1.757524E+01, 4.596832E-01, 4.610320E+00,NULL,NULL,1,mc_qqps,53
-21041,2159,20228,23736,94C2, 9.125000E+01,21,20,41,21,20, 1.667143E+00,-5.346453E-01, 4.020080E+01, 1.158493E+02, 1.157137E+02, 5.510175E+00, 3.445605E+00,-2.010265E+00, 3.661471E+01, 1.359012E+02, 6.955013E+01, 1.780177E+01, 2.250125E+00,0, 0.000000E+00,23, 1.151288E+01,0, 0.000000E+00,NULL,NULL,NULL,NULL,NULL,NULL,1,mc_qqps,53
-21041,2160,20228,23751,94C2, 9.125000E+01,32,21,53,32,21,-3.693984E+00, 1.845708E+01, 7.653394E+00, 5.832125E+01, 5.773563E+01, 1.804239E+00,-1.638654E+00, 2.236972E+01, 7.008394E+00, 1.062676E+02, 5.346409E+01, 4.732370E+01, 6.226262E-01,16, 3.438820E+00,2, 0.000000E+00,0, 0.000000E+00,13, 3.366372E+01, 3.805777E-01, 1.598983E+01,NULL,NULL,1,mc_qqps,53
-21041,2161,20228,23807,94C2, 9.125000E+01,23,15,38,23,15, 3.982852E+00,-5.990515E+00, 3.720039E+00, 4.029108E+01, 3.977098E+01, 1.729173E+00,-1.036825E+00,-1.483736E+00,-1.797628E-02, 7.341227E+01, 3.792809E+01, 2.324360E+01, 9.877587E+00,14, 3.863711E+00,1, 0.000000E+00,0, 0.000000E+00,10, 2.202849E+01, 5.682179E-01, 3.772943E+00,NULL,NULL,1,mc_qqps,53
-21041,2162,20228,23821,94C2, 9.125000E+01,34,15,49,34,15,-8.198475E+00, 2.264716E+01,-6.001772E+01, 1.355913E+02, 1.350776E+02, 3.972872E+00,-7.899304E+00, 1.891011E+01,-5.329584E+01, 1.513613E+02, 1.074712E+02, 1.140920E+01, 4.432206E+00,0, 0.000000E+00,15, 2.648630E+00,0, 0.000000E+00,NULL,NULL,NULL,NULL,NULL,NULL,1,mc_qqps,53
-21041,2163,20228,23841,94C2, 9.125000E+01,14,17,31,14,17, 5.495201E+00,-1.785491E+00,-4.125194E-02, 3.856726E+01, 3.848465E+01, 2.748904E+00, 8.196239E+00,-2.143527E+00, 1.642576E-01, 7.196519E+01, 3.511689E+01, 3.044053E+01, 2.957397E+00,14, 1.661450E+01,2, 0.000000E+00,0, 0.000000E+00,9, 2.874940E+01, 3.749971E-01, 1.154588E+01,1, 0.000000E+00,1,mc_qqps,53
-21041,2164,20228,23854,94C2, 9.125000E+01,22,24,46,22,24,-2.836143E+00, 8.237028E+00,-1.148353E+01, 6.314524E+01, 6.294584E+01, 2.861175E+00,-8.268510E-01, 1.118110E+01,-6.475919E+00, 8.912986E+01, 5.317794E+01, 1.486592E+01, 1.111871E+01,6, 9.668373E-01,17, 4.944695E+00,0, 0.000000E+00,4, 3.608266E+00, 4.881999E-01, 1.706865E+00,NULL,NULL,1,mc_qqps,53
-21041,2165,20228,23908,94C2, 9.125000E+01,30,11,41,30,11, 4.393625E+00,-1.381910E-01, 7.256557E+00, 8.571000E+01, 8.538308E+01, 2.846103E+00,-5.144740E+00, 1.281365E+01,-6.714602E+00, 1.206593E+02, 7.481416E+01, 3.043672E+01, 2.822410E+00,9, 2.745339E-01,2, 0.000000E+00,0, 0.000000E+00,6, 1.091413E+01, 3.722928E-01, 7.375813E+00,NULL,NULL,1,mc_qqps,53
-21041,2166,20228,23926,94C2, 9.125000E+01,54,21,75,54,21, 2.265003E+00,-7.921971E+00, 2.657010E+00, 6.171286E+01, 6.041504E+01, 1.118797E+00, 2.387481E+00,-4.392024E-01, 2.211557E+00, 7.996333E+01, 5.098876E+01, 1.688787E+01, 2.038073E+00,16, 4.251694E+00,5, 0.000000E+00,0, 0.000000E+00,10, 9.972166E+00, 4.869082E-01, 1.910545E+00,1, 0.000000E+00,1,mc_qqps,53
-21041,2167,20228,23948,94C2, 9.125000E+01,19,23,42,19,23,-8.801696E+00,-6.107538E-01,-2.022941E+01, 5.556599E+01, 5.538881E+01, 2.915200E+00,-6.343815E+00,-6.370457E-01,-1.535182E+01, 7.682412E+01, 4.813937E+01, 1.779496E+01, 3.463178E+00,3, 0.000000E+00,17, 6.002305E+00,0, 0.000000E+00,2, 2.323380E+00, 5.097452E-01, 1.813634E+00,NULL,NULL,1,mc_qqps,53
-21041,2168,20228,24002,94C2, 9.125000E+01,31,15,46,31,15,-4.808421E+00, 5.114962E+00, 3.989757E-01, 4.333308E+01, 4.260377E+01, 1.374315E+00,-1.329227E+01, 1.739146E+01,-2.512479E-01, 1.029000E+02, 3.071287E+01, 5.858634E+01, 9.809666E-01,14, 4.733462E+00,0, 0.000000E+00,0, 0.000000E+00,9, 5.088872E+01, 7.456276E-01, 2.526301E+01,NULL,NULL,1,mc_qqps,53
-21041,2169,20228,24016,94C2, 9.125000E+01,40,20,60,40,20, 5.459490E+00, 3.713996E+00, 5.731771E+00, 4.788755E+01, 4.694065E+01, 1.173516E+00, 1.756637E+00, 6.153460E+00,-3.033993E+00, 8.519064E+01, 3.508249E+01, 2.094897E+01, 1.040615E+01,10, 6.428726E-01,9, 0.000000E+00,0, 0.000000E+00,6, 9.594238E+00, 5.848215E-01, 4.510093E+00,1, 0.000000E+00,1,mc_qqps,53
-21041,2170,20228,24037,94C2, 9.125000E+01,36,12,48,36,12,-8.659534E+00,-1.082446E+01, 1.200190E+01, 4.659543E+01, 4.593983E+01, 1.276106E+00,-1.490724E+00,-1.322354E+00,-1.393285E+00, 9.082043E+01, 3.577308E+01, 2.170478E+01, 2.169464E+01,19, 4.494844E+00,0, 0.000000E+00,0, 0.000000E+00,10, 1.900984E+01, 6.296927E-01, 3.552488E+00,NULL,NULL,1,mc_qqps,53
-21041,2171,20228,24055,94C2, 9.125000E+01,23,17,40,23,17,-4.107928E-01, 7.497151E-01,-6.271059E+00, 2.971456E+01, 2.921165E+01, 1.270072E+00,-1.917132E-01, 1.500259E+00,-1.023109E+01, 5.849647E+01, 1.467560E+01, 2.295415E+01, 5.827758E+00,3, 0.000000E+00,13, 4.428112E+00,0, 0.000000E+00,3, 1.873178E+00, 5.144130E-01, 7.818709E-01,2, 0.000000E+00,1,mc_qqps,53
-21041,2172,20228,24110,94C2, 9.125000E+01,14,7,21,14,7, 2.715220E+00,-2.361579E+00,-1.613998E+00, 7.915301E+01, 7.902207E+01, 5.644433E+00, 4.975630E+00,-3.166347E+00,-2.625405E+00, 8.973521E+01, 7.990289E+01, 5.526470E+00, 9.927304E-01,10, 9.999180E+00,0, 0.000000E+00,0, 0.000000E+00,6, 9.589468E+00, 7.540833E-01, 3.169588E+00,NULL,NULL,1,mc_qqps,53
-21041,2173,20228,24122,94C2, 9.125000E+01,26,5,31,26,5,-1.525060E+00, 1.016953E+01, 3.927537E+00, 4.876566E+01, 4.831005E+01, 1.858079E+00,-2.592098E+00, 1.813379E+01, 7.797146E+00, 6.309758E+01, 4.598595E+01, 1.398345E+01, 3.484820E-01,10, 2.645161E+01,1, 0.000000E+00,0, 0.000000E+00,3, 1.262163E+01, 5.358735E-01, 1.040479E+01,NULL,NULL,1,mc_qqps,53
-21041,2174,20228,24137,94C2, 9.125000E+01,17,14,31,17,14, 4.144555E+00,-4.717103E+00, 1.572580E+01, 2.897036E+01, 2.847901E+01, 1.675236E+00,-1.097993E+00, 1.522161E+00,-4.295206E+00, 5.887887E+01, 1.524031E+01, 1.544576E+01, 1.446275E+01,0, 0.000000E+00,15, 6.401937E+00,0, 0.000000E+00,NULL,NULL,NULL,NULL,NULL,NULL,0,mc_qqps,53
-21041,2175,20228,24147,94C2, 9.125000E+01,32,12,44,32,12,-3.090837E+00, 6.644828E-01, 2.135128E+02, 2.956482E+02, 2.954186E+02, 9.231831E+00,-6.220970E+00, 3.306032E+00, 2.082833E+02, 3.137692E+02, 5.868391E+01, 1.032854E+01, 1.335319E+00,5, 3.895852E-01,15, 1.707968E+00,0, 0.000000E+00,3, 8.470290E+00, 7.327895E-01, 6.457197E+00,1, 0.000000E+00,1,mc_qqps,53
-21041,2176,20228,24201,94C2, 9.125000E+01,37,11,48,37,11, 8.747179E+00, 1.038409E+01, 1.522411E+01, 9.545149E+01, 9.431052E+01, 2.548933E+00, 8.023299E+00, 7.448279E+00, 1.010372E+01, 1.204433E+02, 8.693188E+01, 1.305367E+01, 7.084255E+00,14, 6.470594E+00,0, 0.000000E+00,0, 0.000000E+00,9, 1.790754E+01, 3.726973E-01, 6.407900E+00,NULL,NULL,1,mc_qqps,53
-21041,2177,20228,24217,94C2, 9.125000E+01,21,11,32,21,11,-1.094760E+01, 1.081555E+00, 6.721412E+00, 6.756234E+01, 6.710992E+01, 3.195711E+00,-2.999353E+00, 1.851081E-01, 3.288429E+00, 9.086818E+01, 6.190922E+01, 2.330584E+01, 0.000000E+00,13, 2.411947E+00,0, 0.000000E+00,0, 0.000000E+00,10, 2.194917E+01, 6.932992E-01, 9.604738E+00,NULL,NULL,1,mc_qqps,53
-21041,2178,20228,24230,94C2, 9.125000E+01,8,13,21,8,13,-5.074202E-01, 3.969671E-01,-2.045294E+00, 7.625474E+00, 7.493161E+00, 9.366452E-01,-1.535541E-01, 2.928582E-01,-6.632051E+00, 4.029559E+01, 5.320295E+00, 2.865732E+01, 2.973091E+00,1, 0.000000E+00,9, 5.611429E-01,0, 0.000000E+00,1, 1.039704E+00, 1.039704E+00, 1.039704E+00,3, 0.000000E+00,0,mc_qqps,53
-21041,2179,20228,24257,94C2, 9.125000E+01,52,20,72,52,20, 5.797670E+00, 9.689691E-01, 3.827327E+00, 6.730439E+01, 6.625996E+01, 1.274230E+00, 3.575262E+00,-2.667850E+00, 5.538175E+00, 9.360278E+01, 5.899519E+01, 1.483815E+01, 9.196687E+00,14, 5.937418E-01,5, 0.000000E+00,0, 0.000000E+00,10, 1.023294E+01, 4.284509E-01, 2.938680E+00,NULL,NULL,1,mc_qqps,53
-21041,2180,20228,24317,94C2, 9.125000E+01,39,17,56,39,17, 1.695123E+01, 4.417661E+00,-9.784389E+00, 4.888169E+01, 4.791786E+01, 1.228663E+00, 2.843065E+00,-2.837758E+00,-1.224687E+00, 9.202850E+01, 4.115149E+01, 3.571539E+01, 2.330146E+00,17, 5.065051E+00,1, 0.000000E+00,0, 0.000000E+00,13, 3.473563E+01, 5.272518E-01, 1.664298E+01,NULL,NULL,1,mc_qqps,53
-21041,2181,20228,24334,94C2, 9.125000E+01,36,12,48,36,12,-5.472738E+00,-1.802629E+00,-1.061749E+01, 6.726652E+01, 6.649107E+01, 1.846974E+00,-5.607728E+00,-9.226010E-01,-9.635797E+00, 8.550227E+01, 6.192777E+01, 1.685855E+01, 1.462712E+00,4, 0.000000E+00,13, 2.375795E+00,0, 0.000000E+00,3, 3.101677E+00, 8.695253E-01, 1.243606E+00,NULL,NULL,1,mc_qqps,53
-21041,2182,20228,24350,94C2, 9.125000E+01,30,12,42,30,12,-1.361034E+01,-1.051304E+01,-1.604752E+01, 7.083215E+01, 7.043721E+01, 2.347907E+00,-1.368664E+00,-1.231878E+00,-2.685876E+00, 9.586459E+01, 5.947003E+01, 2.258676E+01, 0.000000E+00,17, 4.938753E-01,0, 0.000000E+00,0, 0.000000E+00,10, 2.233697E+01, 4.647828E-01, 8.433480E+00,NULL,NULL,1,mc_qqps,53
-21041,2183,20228,24406,94C2, 9.125000E+01,28,13,41,28,13, 6.193818E-01,-7.567883E+00, 2.595092E+00, 7.654982E+01, 7.602197E+01, 2.715070E+00,-3.251622E+00, 2.348130E+00,-1.533641E+00, 9.574193E+01, 6.775887E+01, 1.600800E+01, 1.324955E+00,15, 1.193063E+01,0, 0.000000E+00,0, 0.000000E+00,10, 1.722278E+01, 4.672427E-01, 4.311626E+00,NULL,NULL,1,mc_qqps,53
-21041,2184,20228,24419,94C2, 9.125000E+01,34,15,49,34,15,-5.368633E+00,-4.107742E-01,-1.529808E+01, 6.506989E+01, 6.463830E+01, 1.901126E+00,-1.347295E+01, 3.453514E+00,-1.894979E+01, 9.975819E+01, 5.258425E+01, 3.292440E+01, 1.087793E+00,11, 7.702228E+00,4, 0.000000E+00,0, 0.000000E+00,7, 2.180029E+01, 6.760938E-01, 1.181952E+01,NULL,NULL,1,mc_qqps,53
-21041,2185,20228,24433,94C2, 9.125000E+01,22,18,40,22,18,-2.118419E+01, 2.114840E+01,-8.976439E+00, 4.828798E+01, 4.794743E+01, 2.179429E+00, 3.225788E+00,-4.472792E+00,-1.421819E+00, 9.734118E+01, 4.710152E+01, 4.734801E+01, 0.000000E+00,23, 1.730884E+01,0, 0.000000E+00,0, 0.000000E+00,15, 4.233294E+01, 3.698653E-01, 2.161580E+01,NULL,NULL,1,mc_qqps,53
-21041,2186,20228,24445,94C2, 9.125000E+01,33,29,62,33,29, 3.120377E+02, 1.036516E+02,-1.406179E+03, 1.457233E+03, 1.456085E+03, 4.412378E+01, 3.097514E+02, 1.078306E+02,-1.382588E+03, 1.513026E+03, 1.561641E+01, 2.798191E+01, 2.669478E+01,5, 8.965401E-02,17, 3.040807E+00,0, 0.000000E+00,3, 4.495461E+00, 1.116832E+00, 1.758639E+00,4, 0.000000E+00,1,mc_qqps,53
-21041,2187,20228,24508,94C2, 9.125000E+01,46,24,70,46,24,-7.758905E+00,-3.923932E+00,-6.501222E-01, 6.117223E+01, 5.983989E+01, 1.300867E+00,-6.034896E+00,-3.187391E+00,-2.647144E+00, 8.200026E+01, 5.599646E+01, 1.722181E+01, 1.208436E+00,17, 4.602196E+00,6, 0.000000E+00,0, 0.000000E+00,13, 1.225801E+01, 4.656928E-01, 1.573501E+00,NULL,NULL,1,mc_qqps,53
-21041,2188,20228,24531,94C2, 9.125000E+01,30,11,41,30,11,-5.601561E-01, 8.631433E+00, 4.297563E+01, 1.481394E+02, 1.480053E+02, 4.933509E+00,-6.191112E-01, 9.785912E+00, 4.631961E+01, 1.581338E+02, 6.996882E+01, 5.931872E+00, 4.062456E+00,0, 0.000000E+00,19, 1.617573E+01,0, 0.000000E+00,NULL,NULL,NULL,NULL,1, 0.000000E+00,1,mc_qqps,53
-21041,2189,20228,24545,94C2, 9.125000E+01,30,14,44,30,14,-1.716867E+00, 1.162452E+00, 3.381769E+00, 8.582375E+01, 8.550091E+01, 2.850030E+00, 4.639959E-01, 3.160845E+00,-5.639053E+00, 1.008981E+02, 5.299586E+01, 7.136077E+00, 7.938231E+00,1, 0.000000E+00,17, 2.833203E+01,0, 0.000000E+00,1, 8.129540E-01, 8.129540E-01, 8.129540E-01,1, 0.000000E+00,1,mc_qqps,53
-21041,2190,20228,24603,94C2, 9.125000E+01,30,16,46,30,16,-4.038775E+00, 6.208160E+00, 5.155669E+00, 6.992326E+01, 6.933721E+01, 2.311240E+00,-6.397835E+00, 9.228368E+00, 9.863756E+00, 8.969932E+01, 5.740403E+01, 1.690334E+01, 2.872730E+00,9, 1.912464E-01,6, 0.000000E+00,0, 0.000000E+00,7, 1.191709E+01, 6.378775E-01, 4.295740E+00,NULL,NULL,1,mc_qqps,53
-21041,2191,20228,24622,94C2, 9.125000E+01,36,16,52,36,16, 4.402138E+00, 6.117853E+01, 8.383698E+01, 1.321753E+02, 1.315815E+02, 3.655040E+00, 4.164553E+00, 5.769888E+01, 7.942208E+01, 1.511520E+02, 2.958805E+01, 1.735417E+01, 1.622524E+00,0, 0.000000E+00,17, 1.756188E+01,0, 0.000000E+00,NULL,NULL,NULL,NULL,NULL,NULL,1,mc_qqps,53
-21041,2192,20228,24640,94C2, 9.125000E+01,32,10,42,32,10, 1.249557E+00,-2.062935E+00, 1.611858E+00, 8.611518E+01, 8.554491E+01, 2.673278E+00,-2.464530E-01,-1.588414E+00,-2.104120E+00, 1.024369E+02, 7.950419E+01, 8.567843E+00, 7.400460E+00,2, 2.854218E-01,12, 2.832801E+00,0, 0.000000E+00,1, 4.597789E-01, 4.597789E-01, 4.597789E-01,NULL,NULL,1,mc_qqps,53
-21041,2193,20228,24700,94C2, 9.125000E+01,33,12,45,33,12, 7.720128E+00, 3.974611E+00,-8.183606E-02, 6.921694E+01, 6.872300E+01, 2.082515E+00,-1.747373E+00,-4.991220E-01, 2.895812E+00, 8.593392E+01, 6.548299E+01, 1.032494E+01, 5.330137E+00,18, 6.080256E+00,0, 0.000000E+00,0, 0.000000E+00,9, 1.036906E+01, 3.939370E-01, 2.756128E+00,NULL,NULL,1,mc_qqps,53
-21041,2194,20228,24717,94C2, 9.125000E+01,26,8,34,26,8, 5.496996E+00, 1.560847E+01, 1.884545E+01, 5.754601E+01, 5.709439E+01, 2.195938E+00, 6.802397E+00, 1.119868E+01, 1.645160E+01, 7.685941E+01, 5.320066E+01, 1.482032E+01, 4.493080E+00,12, 1.864965E+00,0, 0.000000E+00,0, 0.000000E+00,7, 1.482032E+01, 4.562992E-01, 5.611135E+00,NULL,NULL,1,mc_qqps,53
-21041,2195,20228,24729,94C2, 9.125000E+01,16,28,44,16,28, 1.387399E+00,-2.024212E+00, 1.617267E+01, 2.720767E+01, 2.689692E+01, 1.681058E+00, 1.397829E+00,-2.650678E+00, 2.829384E+01, 6.609013E+01, 5.797729E+00, 3.522393E+01, 2.960914E+00,4, 3.346600E-01,14, 4.649931E+00,0, 0.000000E+00,3, 2.754499E+00, 6.486495E-01, 1.242495E+00,9, 0.000000E+00,0,mc_qqps,53
-21041,2196,20228,24753,94C2, 9.125000E+01,21,6,27,21,6,-1.949218E+00, 1.643568E+00, 8.610687E-02, 9.452430E+01, 9.412662E+01, 4.482220E+00,-3.416681E+00, 5.744035E-01, 3.346170E-01, 1.037485E+02, 7.950430E+01, 8.670977E+00, 0.000000E+00,10, 1.210696E+00,0, 0.000000E+00,0, 0.000000E+00,6, 9.224165E+00, 5.531881E-01, 4.856850E+00,NULL,NULL,1,mc_qqps,53
-21041,2197,20228,24806,94C2, 9.125000E+01,17,10,27,17,10,-1.745870E+00, 8.938079E+00,-9.843281E+00, 6.356816E+01, 6.336714E+01, 3.727479E+00, 6.222796E+00,-8.812044E+00, 4.338980E+00, 1.043650E+02, 6.213554E+01, 2.199918E+01, 1.650054E+01,8, 1.306264E-01,0, 0.000000E+00,0, 0.000000E+00,7, 2.429628E+01, 1.131389E+00, 1.034790E+01,NULL,NULL,1,mc_qqps,53
-21041,2198,20228,24819,94C2, 9.125000E+01,24,19,43,24,19,-1.446910E+01, 4.356657E+00, 1.006265E+01, 6.018960E+01, 5.983162E+01, 2.492984E+00,-1.169127E+01, 2.685621E+00, 6.725275E+00, 1.064839E+02, 4.304238E+01, 4.153749E+01, 3.587586E+00,16, 2.107970E+00,2, 0.000000E+00,0, 0.000000E+00,13, 4.172676E+01, 4.343264E-01, 1.019842E+01,NULL,NULL,1,mc_qqps,53
-21041,2199,20228,24834,94C2, 9.125000E+01,19,10,29,19,10,-1.441192E+00, 3.999968E+00, 1.375588E+00, 7.864362E+01, 7.835112E+01, 4.123743E+00,-2.236511E+00, 5.237921E+00, 3.013910E+00, 1.170424E+02, 7.320849E+01, 2.066642E+01, 1.773942E+01,12, 5.599662E+00,2, 0.000000E+00,0, 0.000000E+00,7, 2.015938E+01, 6.009371E-01, 8.640946E+00,NULL,NULL,1,mc_qqps,53
-21041,2200,20228,24848,94C2, 9.125000E+01,38,11,49,38,11, 1.286673E+01, 5.794572E+00,-4.085175E+00, 6.390831E+01, 6.305414E+01, 1.659319E+00, 2.398517E+00,-1.133296E+00,-1.146018E+00, 8.734726E+01, 5.630906E+01, 1.137983E+01, 3.007130E+00,12, 5.740954E-01,0, 0.000000E+00,0, 0.000000E+00,9, 2.043182E+01, 7.269998E-01, 8.210181E+00,NULL,NULL,1,mc_qqps,53
-21041,2201,20228,24907,94C2, 9.125000E+01,19,17,36,19,17, 8.117203E+00, 5.739587E+00,-1.141438E+01, 3.360323E+01, 3.306022E+01, 1.740012E+00, 8.668688E+00, 4.127982E+00,-1.065414E+01, 7.253822E+01, 3.184918E+01, 2.982270E+01, 8.293192E+00,4, 6.197629E-02,12, 9.066370E-01,0, 0.000000E+00,2, 6.414329E+00, 8.190961E-01, 5.595232E+00,NULL,NULL,1,mc_qqps,53
-21041,2202,20228,24920,94C2, 9.125000E+01,33,13,46,33,13,-2.231294E-02,-2.319649E+00,-8.894210E-02, 7.222653E+01, 7.162192E+01, 2.170361E+00,-2.884062E+00, 1.270144E+00,-1.805757E+00, 9.339263E+01, 4.912667E+01, 2.030326E+01, 2.080236E-01,15, 6.260287E+00,0, 0.000000E+00,0, 0.000000E+00,11, 2.078637E+01, 5.360651E-01, 6.126842E+00,NULL,NULL,1,mc_qqps,53
-21041,2203,20228,24934,94C2, 9.125000E+01,18,11,29,18,11,-6.498742E+00,-6.206556E+00,-5.080569E+00, 5.176649E+01, 5.161969E+01, 2.867761E+00, 1.366794E+01, 1.381489E+01, 9.929663E+00, 8.444006E+01, 4.830309E+01, 1.395647E+01, 1.539130E+01,14, 2.020877E+01,0, 0.000000E+00,0, 0.000000E+00,7, 9.107623E+00, 5.346307E-01, 3.325787E+00,NULL,NULL,1,mc_qqps,53
-21041,2204,20228,24945,94C2, 9.125000E+01,28,21,49,28,21, 6.518468E+00,-1.498768E+01, 3.093071E+01, 5.894093E+01, 5.839028E+01, 2.085367E+00, 3.971152E+00,-6.303531E+00, 1.365098E+01, 9.591710E+01, 5.380745E+01, 3.633606E+01, 0.000000E+00,4, 0.000000E+00,20, 7.192642E+00,0, 0.000000E+00,3, 2.321272E+00, 6.142723E-01, 1.066895E+00,1, 0.000000E+00,1,mc_qqps,53
-21041,2205,20228,24959,94C2, 9.125000E+01,27,11,38,27,11,-2.732075E+00, 3.051178E+00, 1.358246E+00, 7.848502E+01, 7.801999E+01, 2.889629E+00,-2.406922E+00, 6.053382E+00, 1.690660E+00, 9.267381E+01, 7.544868E+01, 1.418879E+01, 0.000000E+00,14, 5.861508E-01,0, 0.000000E+00,0, 0.000000E+00,9, 1.156894E+01, 7.053164E-01, 2.379960E+00,NULL,NULL,1,mc_qqps,53
-21041,2206,20228,25016,94C2, 9.125000E+01,24,15,39,24,15,-6.932088E-01,-1.986419E+01,-1.430951E+01, 5.219819E+01, 5.150166E+01, 2.145903E+00,-7.826077E-01, 1.042182E-01,-2.150146E+00, 8.493566E+01, 4.964288E+01, 3.157615E+01, 0.000000E+00,18, 7.435105E+00,0, 0.000000E+00,0, 0.000000E+00,14, 3.214585E+01, 5.800791E-01, 5.538670E+00,NULL,NULL,1,mc_qqps,53
-21041,2207,20228,25030,94C2, 9.125000E+01,59,23,82,59,23,-4.777227E+00, 5.908103E+00, 2.493832E+00, 5.745647E+01, 5.584298E+01, 9.464912E-01,-9.655989E+00, 5.356685E+00, 4.007550E+00, 8.976108E+01, 4.425027E+01, 1.989475E+01, 3.366328E+00,23, 3.845670E+00,0, 0.000000E+00,0, 0.000000E+00,16, 2.810045E+01, 4.652159E-01, 8.480943E+00,NULL,NULL,1,mc_qqps,53
-21041,2208,20228,25047,94C2, 9.125000E+01,45,17,62,45,17,-4.432229E-01,-5.131961E+00,-5.106916E-02, 6.730496E+01, 6.633960E+01, 1.474213E+00,-1.094531E+00,-5.349583E+00,-1.307454E+00, 9.682172E+01, 5.811214E+01, 2.219698E+01, 4.270592E-01,20, 3.067102E+00,0, 0.000000E+00,0, 0.000000E+00,15, 2.807103E+01, 3.468417E-01, 3.142699E+00,NULL,NULL,1,mc_qqps,53
-21041,2209,20228,25104,94C2, 9.125000E+01,14,6,20,14,6, 3.039825E+00,-6.450436E+00, 2.913248E+00, 4.937684E+01, 4.922821E+01, 3.516301E+00, 5.287575E+00,-1.005474E+01, 3.226319E+00, 6.624197E+01, 4.955502E+01, 1.449125E+01, 4.038859E-01,9, 9.779181E-02,1, 0.000000E+00,0, 0.000000E+00,5, 1.646125E+01, 1.967754E+00, 8.061986E+00,NULL,NULL,1,mc_qqps,53
-21041,2210,20228,25112,94C2, 9.125000E+01,36,13,49,36,13, 1.276074E+01, 6.361133E+00,-2.113172E-01, 5.569980E+01, 5.489755E+01, 1.524932E+00, 9.731144E+00, 5.469790E+00,-4.902608E-01, 9.584637E+01, 3.852063E+01, 2.892500E+01, 5.326313E-01,15, 8.495018E+00,0, 0.000000E+00,0, 0.000000E+00,10, 3.578893E+01, 7.886655E-01, 9.123741E+00,NULL,NULL,1,mc_qqps,53
-21041,2211,20228,25127,94C2, 9.125000E+01,40,14,54,40,14, 4.246150E+01, 1.943399E+02, 6.869470E+01, 2.670995E+02, 2.662297E+02, 6.655743E+00, 4.403219E+01, 1.819676E+02, 5.841257E+01, 2.908882E+02, 4.444402E+01, 1.921026E+01, 2.867054E-01,15, 2.734443E-01,1, 0.000000E+00,0, 0.000000E+00,10, 2.137950E+01, 4.445035E-01, 5.503608E+00,1, 0.000000E+00,1,mc_qqps,53
-21041,2212,20228,25144,94C2, 9.125000E+01,29,22,51,29,22,-7.079597E+00, 3.975036E+00,-6.321025E+00, 5.375805E+01, 5.318854E+01, 1.834088E+00,-1.312443E+01, 8.169094E+00,-5.341776E+00, 9.589180E+01, 4.410089E+01, 3.195472E+01, 1.017902E+01,10, 1.443820E+00,7, 0.000000E+00,0, 0.000000E+00,5, 1.960795E+01, 4.516772E-01, 1.338010E+01,1, 0.000000E+00,1,mc_qqps,53
-21041,2213,20228,25201,94C2, 9.125000E+01,30,15,45,30,15, 3.007754E+00, 9.380823E+00, 1.008429E+01, 5.492068E+01, 5.446209E+01, 1.815403E+00, 3.978597E+00, 7.003989E+00, 6.995242E+00, 7.839544E+01, 4.591713E+01, 1.592660E+01, 7.133875E+00,5, 1.455827E-01,11, 2.589186E+00,0, 0.000000E+00,3, 4.898197E+00, 4.142859E-01, 3.194671E+00,NULL,NULL,1,mc_qqps,53
-21041,2214,20228,25218,94C2, 9.125000E+01,33,7,40,33,7,-8.862497E-01,-6.242541E+00,-5.151735E+00, 6.648858E+01, 6.602174E+01, 2.000659E+00,-6.560964E-01,-7.305845E+00,-6.009257E+00, 7.294910E+01, 6.460529E+01, 2.347083E+00, 2.299926E+00,10, 3.059742E-01,0, 0.000000E+00,0, 0.000000E+00,5, 4.226100E+00, 3.200991E-01, 1.879017E+00,NULL,NULL,1,mc_qqps,53
-21041,2215,20228,25232,94C2, 9.125000E+01,12,11,23,12,11,-2.297238E+01, 1.240201E+01,-4.532168E+00, 5.243876E+01, 5.235695E+01, 4.363079E+00,-1.118603E+01, 1.090829E+01,-2.572880E+00, 9.837987E+01, 5.255558E+01, 4.431956E+01, 0.000000E+00,15, 1.288172E+01,0, 0.000000E+00,0, 0.000000E+00,10, 4.312206E+01, 7.936767E-01, 1.581687E+01,NULL,NULL,1,mc_qqps,53
-21041,2216,20228,25244,94C2, 9.125000E+01,17,5,22,17,5,-1.097298E+01,-1.608865E+01, 2.305892E+00, 4.365766E+01, 4.332620E+01, 2.548600E+00,-1.304519E+00, 2.560425E+00, 5.023394E-01, 7.496508E+01, 4.126413E+01, 1.815799E+01, 1.179112E+01,8, 2.115606E-01,0, 0.000000E+00,0, 0.000000E+00,4, 1.952709E+01, 1.369100E+00, 7.307838E+00,NULL,NULL,1,mc_qqps,53
-21041,2217,20228,25255,94C2, 9.125000E+01,24,10,34,24,10,-8.497073E+00, 5.661649E+00,-9.881577E+00, 5.540127E+01, 5.492580E+01, 2.288575E+00,-5.048104E+00, 5.080898E+00,-7.347368E+00, 8.051451E+01, 5.248723E+01, 1.434339E+01, 9.874303E+00,10, 4.883833E+00,1, 0.000000E+00,0, 0.000000E+00,6, 1.134594E+01, 7.550721E-01, 3.251101E+00,NULL,NULL,1,mc_qqps,53
-21041,2218,20228,25309,94C2, 9.125000E+01,22,19,41,22,19, 1.644942E+01, 1.109331E+01, 2.330173E+00, 4.012300E+01, 3.948022E+01, 1.794555E+00,-4.583609E+00,-1.279862E+00, 3.198608E-02, 7.497014E+01, 3.192999E+01, 2.645146E+01, 4.895321E+00,19, 1.518535E+00,0, 0.000000E+00,0, 0.000000E+00,13, 2.446811E+01, 3.105239E-01, 5.312067E+00,NULL,NULL,1,mc_qqps,53
-21041,2219,20228,25325,94C2, 9.125000E+01,18,14,32,18,14, 1.653661E+00,-3.532662E+00, 2.802500E+00, 2.066900E+01, 2.030953E+01, 1.128307E+00, 1.133349E+00, 6.924514E-01, 2.373611E+01, 5.987139E+01, 6.836903E+00, 2.698501E+01, 1.229381E+01,0, 0.000000E+00,10, 1.392145E+00,0, 0.000000E+00,NULL,NULL,NULL,NULL,1, 0.000000E+00,0,mc_qqps,53
-21041,2220,20228,25346,94C2, 9.125000E+01,18,23,41,18,23,-3.266969E+00, 9.230545E-01,-4.761326E+00, 5.785662E+01, 5.757456E+01, 3.198587E+00, 1.712182E+00,-5.078723E+00,-3.468075E+00, 8.978230E+01, 4.151795E+01, 2.533693E+01, 6.588753E+00,7, 0.000000E+00,13, 0.000000E+00,0, 0.000000E+00,7, 8.825187E+00, 4.024094E-01, 1.941152E+00,NULL,NULL,1,mc_qqps,53
-21041,2221,20228,25400,94C2, 9.125000E+01,52,21,73,52,21,-8.020271E+00,-1.376001E+01, 1.378520E+01, 5.782060E+01, 5.554923E+01, 1.068254E+00, 7.007959E-01, 3.521088E+00, 5.156424E+00, 9.878724E+01, 4.790986E+01, 2.343958E+01, 1.755984E+01,13, 4.395484E+00,8, 0.000000E+00,0, 0.000000E+00,7, 1.028856E+01, 3.431466E-01, 3.243647E+00,NULL,NULL,1,mc_qqps,53
-21041,2222,20228,25422,94C2, 9.125000E+01,30,14,44,30,14, 1.416934E+00, 1.766209E+01, 4.001025E+01, 7.592891E+01, 7.538773E+01, 2.512924E+00,-1.317132E+00, 1.261676E+01, 3.149384E+01, 1.059106E+02, 4.249976E+01, 2.807848E+01, 1.328503E+00,13, 8.511783E-01,6, 7.487073E-01,0, 0.000000E+00,10, 2.712402E+01, 5.747523E-01, 1.367902E+01,NULL,NULL,1,mc_qqps,53
-21041,2223,20228,25439,94C2, 9.125000E+01,41,17,58,41,17, 8.735015E-01, 4.435069E+00, 1.113563E+00, 6.623654E+01, 6.531425E+01, 1.593030E+00,-2.023975E-01,-1.038874E+00, 6.400249E+00, 8.745953E+01, 5.488037E+01, 1.234407E+01, 4.655583E+00,5, 0.000000E+00,13, 1.933843E+00,0, 0.000000E+00,5, 9.212517E+00, 2.562727E-01, 4.476892E+00,NULL,NULL,1,mc_qqps,53
-21041,2224,20228,25455,94C2, 9.125000E+01,22,17,39,22,17,-4.222297E+00,-5.873601E-01,-3.053547E+00, 5.113823E+01, 5.068425E+01, 2.303829E+00, 6.271064E+00, 3.558131E+00, 7.341512E+00, 8.809919E+01, 4.756022E+01, 3.288106E+01, 0.000000E+00,16, 7.141090E+00,6, 0.000000E+00,0, 0.000000E+00,14, 3.424763E+01, 5.111502E-01, 1.975659E+01,NULL,NULL,1,mc_qqps,53
-21041,2225,20228,25507,94C2, 9.125000E+01,50,22,72,50,22,-7.719412E-01,-3.459371E+00,-3.072986E-01, 6.863121E+01, 6.772111E+01, 1.354422E+00,-5.578753E+00,-1.417616E+01,-2.474494E+00, 9.427784E+01, 5.146585E+01, 2.357512E+01, 1.340016E+00,19, 3.273805E+00,0, 0.000000E+00,0, 0.000000E+00,16, 1.779780E+01, 4.204892E-01, 3.201315E+00,NULL,NULL,1,mc_qqps,53
-21041,2226,20228,25529,94C2, 9.125000E+01,44,17,61,44,17,-6.103444E+00,-2.217376E+00, 1.211317E+00, 6.613068E+01, 6.535901E+01, 1.485432E+00,-3.715687E+00,-2.119504E+00,-1.436553E+00, 9.241219E+01, 5.824693E+01, 1.867356E+01, 7.652644E+00,14, 1.104993E+00,0, 0.000000E+00,0, 0.000000E+00,9, 1.473712E+01, 3.651623E-01, 5.591753E+00,NULL,NULL,1,mc_qqps,53
-21041,2227,20228,25545,94C2, 9.125000E+01,22,13,35,22,13,-1.504531E+01, 4.890155E+00, 1.283779E+01, 7.148392E+01, 7.113266E+01, 3.233303E+00, 5.271725E+00,-1.359888E+00,-5.904579E+00, 1.032914E+02, 6.805666E+01, 3.023231E+01, 2.498238E-01,13, 4.254246E-01,0, 0.000000E+00,0, 0.000000E+00,10, 2.340945E+01, 5.395557E-01, 5.486716E+00,NULL,NULL,1,mc_qqps,53
-21041,2228,20228,25602,94C2, 9.125000E+01,44,13,57,44,13, 5.062635E+00, 3.180742E+00, 3.252677E+00, 6.947765E+01, 6.857925E+01, 1.558619E+00, 3.099365E+00, 2.887532E+00, 1.988146E+00, 8.621014E+01, 6.307567E+01, 1.027687E+01, 2.097075E+00,5, 1.720479E+00,8, 0.000000E+00,0, 0.000000E+00,3, 6.579932E+00, 1.090964E+00, 4.358565E+00,1, 0.000000E+00,1,mc_qqps,53
-21041,2229,20228,25621,94C2, 9.125000E+01,34,10,44,34,10, 1.564733E+00,-2.453455E+00, 1.562287E+01, 5.906192E+01, 5.832449E+01, 1.715426E+00, 9.523031E+00,-6.665596E+00, 2.866930E+01, 7.944242E+01, 3.401721E+01, 2.038050E+01, 0.000000E+00,1, 0.000000E+00,15, 2.731414E+00,0, 0.000000E+00,NULL,NULL,NULL,NULL,NULL,NULL,1,mc_qqps,53
-21041,2230,20228,25638,94C2, 9.125000E+01,38,14,52,38,14,-7.427644E+00,-1.364454E+00,-2.614488E-01, 5.579352E+01, 5.501361E+01, 1.447727E+00,-1.132013E+01,-6.405765E-01,-1.127683E+00, 7.250709E+01, 5.125641E+01, 9.786731E+00, 1.635146E+00,19, 5.771603E-01,0, 0.000000E+00,0, 0.000000E+00,11, 1.492860E+01, 3.230007E-01, 3.213757E+00,NULL,NULL,1,mc_qqps,53
-21041,2231,20228,25654,94C2, 9.125000E+01,34,20,54,34,20,-1.300972E+00,-1.747637E+00, 1.087679E+00, 5.992902E+01, 5.932825E+01, 1.744948E+00, 3.092248E+00,-7.274015E+00,-5.959132E-01, 8.432955E+01, 4.833469E+01, 2.119251E+01, 3.465840E+00,21, 9.928169E-01,0, 0.000000E+00,0, 0.000000E+00,15, 1.960220E+01, 4.973463E-01, 3.329572E+00,NULL,NULL,1,mc_qqps,53
-21041,2232,20228,25711,94C2, 9.125000E+01,24,16,40,24,16, 1.001484E+01,-7.118659E+00,-2.116314E+00, 6.461913E+01, 6.407421E+01, 2.669759E+00, 5.369624E+00,-2.604853E+00,-1.173174E+00, 1.120708E+02, 3.319960E+01, 3.991302E+01, 2.854733E-01,18, 5.512764E+00,0, 0.000000E+00,0, 0.000000E+00,13, 4.543880E+01, 4.179354E-01, 2.098554E+01,NULL,NULL,1,mc_qqps,53
-21041,2233,20228,25723,94C2, 9.125000E+01,32,16,48,32,16,-1.830692E+01, 4.449834E+00,-6.217546E+01, 1.189265E+02, 1.180716E+02, 3.689737E+00,-6.723170E+00, 9.781811E+00,-5.285572E+01, 1.480459E+02, 6.421093E+01, 1.262255E+01, 1.478379E+01,10, 6.303057E+00,8, 0.000000E+00,0, 0.000000E+00,6, 9.837570E+00, 5.137762E-01, 4.541369E+00,1, 0.000000E+00,1,mc_qqps,53
-21041,2234,20228,25745,94C2, 9.125000E+01,34,15,49,34,15, 1.479324E+00, 1.498186E+00, 1.905571E+00, 4.618460E+01, 4.519976E+01, 1.329405E+00, 2.748824E+00, 1.193149E+00, 3.543085E+00, 7.346056E+01, 4.124711E+01, 1.705668E+01, 2.761584E+00,16, 7.375402E-02,1, 0.000000E+00,0, 0.000000E+00,12, 2.383005E+01, 3.966303E-01, 5.772073E+00,NULL,NULL,1,mc_qqps,53
-21041,2235,20228,25758,94C2, 9.125000E+01,22,8,30,22,8,-2.179645E+00, 5.154788E-03, 3.920294E+00, 6.467118E+01, 6.438509E+01, 2.926595E+00,-3.681825E+00, 6.306100E-01, 6.552231E+00, 7.565475E+01, 6.284307E+01, 7.798620E+00, 3.184956E+00,1, 0.000000E+00,10, 1.442161E+01,0, 0.000000E+00,1, 4.054139E-01, 4.054139E-01, 4.054139E-01,NULL,NULL,1,mc_qqps,53
-21041,2236,20228,25811,94C2, 9.125000E+01,13,9,22,13,9,-1.039647E+01, 7.719122E+00,-6.883283E+00, 5.589123E+01, 5.570817E+01, 4.285244E+00,-1.148547E+01, 8.901985E+00,-7.659619E+00, 7.294255E+01, 5.470234E+01, 1.705132E+01, 0.000000E+00,9, 5.181066E+00,0, 0.000000E+00,0, 0.000000E+00,6, 1.488641E+01, 5.137450E-01, 4.430929E+00,NULL,NULL,1,mc_qqps,53
-21041,2237,20228,25822,94C2, 9.125000E+01,12,11,23,12,11,-1.664041E+01,-5.639046E-01, 3.948375E+00, 3.887051E+01, 3.880386E+01, 3.233655E+00,-6.331903E+00,-1.028068E-01, 1.562151E+00, 7.035737E+01, 3.751394E+01, 1.607638E+01, 1.486935E+01,13, 1.931809E+01,0, 0.000000E+00,0, 0.000000E+00,9, 1.661751E+01, 5.411293E-01, 4.408684E+00,NULL,NULL,1,mc_qqps,53
-21041,2238,20228,25834,94C2, 9.125000E+01,30,8,38,30,8,-2.573337E+00,-4.560977E+00,-4.178095E+00, 7.481380E+01, 7.430779E+01, 2.476926E+00, 4.090897E+00, 3.554592E+00, 5.022523E-01, 9.729276E+01, 5.918852E+01, 1.847321E+01, 4.037302E+00,9, 5.991555E+00,1, 0.000000E+00,0, 0.000000E+00,4, 1.745920E+01, 8.754639E-01, 9.979478E+00,NULL,NULL,1,mc_qqps,53
-21041,2239,20228,25848,94C2, 9.125000E+01,19,4,23,19,4,-5.385208E+00,-2.058116E+00, 2.858248E+00, 8.065685E+01, 8.040767E+01, 4.231983E+00, 5.511358E+00, 1.602408E+00, 6.579256E-01, 9.348305E+01, 7.566688E+01, 1.107864E+01, 8.574997E-01,10, 1.822109E+00,0, 0.000000E+00,0, 0.000000E+00,3, 1.196870E+01, 8.912095E-01, 7.899159E+00,NULL,NULL,1,mc_qqps,53
-21041,2240,20228,25859,94C2, 9.125000E+01,33,8,41,33,8, 1.319649E+01, 2.203441E+00, 6.343811E+00, 7.536163E+01, 7.458640E+01, 2.260194E+00,-1.823915E+00,-1.508138E+00,-1.493010E+00, 1.004394E+02, 7.063038E+01, 2.261531E+01, 0.000000E+00,12, 2.469112E+00,0, 0.000000E+00,0, 0.000000E+00,7, 1.844913E+01, 9.871538E-01, 4.268174E+00,NULL,NULL,1,mc_qqps,53
-21041,2241,20228,25912,94C2, 9.125000E+01,17,17,34,17,17,-3.769754E-01, 6.822908E+00, 1.272538E+01, 4.154054E+01, 4.130914E+01, 2.429949E+00,-1.394176E+00, 1.322006E+00,-3.028027E+00, 7.613641E+01, 2.469721E+01, 3.203030E+01, 2.565581E+00,0, 0.000000E+00,16, 1.262324E+01,0, 0.000000E+00,NULL,NULL,NULL,NULL,4, 0.000000E+00,1,mc_qqps,53
-21041,2242,20228,25925,94C2, 9.125000E+01,33,27,60,33,27, 2.456650E+00,-1.088349E+00, 5.576073E+00, 4.183438E+01, 4.102884E+01, 1.243298E+00, 7.042763E+00,-6.810756E+00, 2.604367E+00, 9.577455E+01, 3.491963E+01, 4.613202E+01, 5.501762E+00,26, 2.492802E+00,0, 0.000000E+00,0, 0.000000E+00,20, 4.176802E+01, 4.219289E-01, 1.365121E+01,NULL,NULL,1,mc_qqps,53
-21041,2243,20228,25940,94C2, 9.125000E+01,27,14,41,27,14,-5.076835E+00,-1.560307E+00,-6.666109E+00, 7.789071E+01, 7.754588E+01, 2.872070E+00,-2.774714E-01, 2.590836E+00,-2.025186E+00, 8.882464E+01, 6.745893E+01, 6.926608E+00, 3.068634E+00,13, 4.175891E+00,3, 0.000000E+00,0, 0.000000E+00,8, 6.478246E+00, 4.716662E-01, 1.286041E+00,NULL,NULL,1,mc_qqps,53
-21041,2244,20228,25956,94C2, 9.125000E+01,43,19,62,43,19, 3.820245E+00,-1.420029E+00,-1.634284E+00, 6.731296E+01, 6.650684E+01, 1.546671E+00, 6.015876E+00,-1.522176E+00, 1.026637E+00, 9.499059E+01, 5.341732E+01, 1.810369E+01, 7.418513E+00,13, 2.852273E+00,5, 0.000000E+00,0, 0.000000E+00,8, 1.342759E+01, 7.860606E-01, 3.597013E+00,2, 0.000000E+00,1,mc_qqps,53
-21041,2245,20228,30014,94C2, 9.125000E+01,22,18,40,22,18,-1.272908E+01,-6.107342E-01, 5.493023E-02, 5.101553E+01, 5.068414E+01, 2.303824E+00, 3.024752E+00, 2.581241E+00, 3.221899E+00, 8.619440E+01, 4.791694E+01, 2.278293E+01, 1.261605E+01,13, 6.489775E-01,1, 0.000000E+00,0, 0.000000E+00,10, 2.110787E+01, 4.611053E-01, 5.342535E+00,NULL,NULL,1,mc_qqps,53
-21041,2246,20228,30026,94C2, 9.125000E+01,25,6,31,25,6,-5.786854E-01,-1.340418E+01, 9.661726E+00, 1.080873E+02, 1.073987E+02, 4.295949E+00,-2.640094E+00,-7.724197E+00, 5.671020E+00, 1.263266E+02, 9.958665E+01, 5.669179E+00, 1.001694E+01,8, 1.394977E-01,0, 0.000000E+00,0, 0.000000E+00,4, 8.259586E+00, 1.223354E+00, 2.780762E+00,NULL,NULL,1,mc_qqps,53
-21041,2247,20228,30039,94C2, 9.125000E+01,22,10,32,22,10, 8.647576E+00,-1.147390E+01, 1.265797E+01, 5.121243E+01, 5.092960E+01, 2.314982E+00,-1.723773E+00, 2.483506E+00,-2.647515E+00, 8.700417E+01, 4.499416E+01, 1.272515E+01, 2.100364E+01,14, 1.037321E+01,0, 0.000000E+00,0, 0.000000E+00,6, 1.481743E+01, 9.448581E-01, 6.446075E+00,NULL,NULL,1,mc_qqps,53
-21041,2248,20228,30051,94C2, 9.125000E+01,20,13,33,20,13, 4.965586E+00, 7.612650E+00,-4.637038E+00, 4.391120E+01, 4.356600E+01, 2.178300E+00, 1.829344E+00, 7.064550E+00,-1.735463E+00, 9.583324E+01, 4.189775E+01, 5.192205E+01, 0.000000E+00,14, 1.008873E+00,0, 0.000000E+00,0, 0.000000E+00,12, 4.925953E+01, 6.181199E-01, 2.098096E+01,NULL,NULL,1,mc_qqps,53
-21041,2249,20228,30109,94C2, 9.125000E+01,36,12,48,36,12, 1.104269E+00, 4.274039E+00,-5.443761E-01, 6.833627E+01, 6.750826E+01, 1.875229E+00, 7.685612E-01, 2.769860E+00, 1.310241E+00, 8.116422E+01, 5.970401E+01, 1.041713E+01, 1.374026E+00,18, 4.509709E+00,1, 0.000000E+00,0, 0.000000E+00,10, 1.120102E+01, 4.179614E-01, 2.401840E+00,NULL,NULL,1,mc_qqps,53
-21041,2250,20228,30122,94C2, 9.125000E+01,25,20,45,25,20,-2.507207E+00, 3.238552E+00, 1.303722E+00, 2.853441E+01, 2.765021E+01, 1.106009E+00,-3.002647E+00, 6.587109E+00, 1.116263E+00, 8.413468E+01, 1.955708E+01, 3.837825E+01, 2.601479E+00,17, 1.314994E+01,0, 0.000000E+00,0, 0.000000E+00,14, 5.026717E+01, 2.148170E-02, 1.322866E+01,NULL,NULL,1,mc_qqps,53
-21041,2251,20228,30139,94C2, 9.125000E+01,18,9,27,18,9,-7.505580E-01, 2.856462E+00,-1.301185E-01, 6.635077E+01, 6.615086E+01, 3.675048E+00, 4.106899E+00, 6.827654E+00, 4.408549E+00, 7.560001E+01, 6.510690E+01, 5.199451E+00, 3.103123E-01,14, 6.585023E+00,1, 4.629738E-01,0, 0.000000E+00,8, 8.938938E+00, 5.039840E-01, 1.631114E+00,NULL,NULL,1,mc_qqps,53
-21041,2252,20228,30153,94C2, 9.125000E+01,13,10,23,13,10, 7.640513E+00,-1.320758E+01, 1.031316E+00, 5.719323E+01, 5.704458E+01, 4.388045E+00, 5.241168E+00,-7.601712E+00, 1.072840E+00, 8.229221E+01, 5.688180E+01, 1.600232E+01, 7.994668E+00,14, 2.039622E+01,0, 0.000000E+00,0, 0.000000E+00,8, 1.612695E+01, 5.417991E-01, 5.606680E+00,NULL,NULL,1,mc_qqps,53
-21041,2253,20228,30204,94C2, 9.125000E+01,40,25,65,40,25, 5.095436E+00, 7.965872E+00, 3.926516E+00, 3.943806E+01, 3.851412E+01, 9.628531E-01, 3.325042E+00, 1.742841E+00, 1.267175E+01, 7.279133E+01, 1.978008E+01, 3.278737E+01, 7.817651E-01,6, 3.329433E+00,20, 4.415872E+00,0, 0.000000E+00,4, 3.892099E+00, 4.981056E-01, 1.427430E+00,NULL,NULL,1,mc_qqps,53
-21041,2254,20228,30223,94C2, 9.125000E+01,23,17,40,23,17,-1.251973E+00,-5.375885E+00,-6.345624E+00, 3.389346E+01, 3.338969E+01, 1.451726E+00,-2.040805E+00,-4.092081E+00,-5.808959E+00, 5.516494E+01, 2.995119E+01, 1.868241E+01, 1.324646E+00,9, 3.326616E-01,5, 0.000000E+00,0, 0.000000E+00,8, 1.317969E+01, 3.846852E-01, 5.025686E+00,NULL,NULL,1,mc_qqps,53
-21041,2255,20228,30240,94C2, 9.125000E+01,32,21,53,32,21,-1.198982E+01, 4.788202E+00, 2.753641E+01, 7.568146E+01, 7.503300E+01, 2.344781E+00,-9.858466E+00, 9.926955E+00, 2.425793E+01, 1.106121E+02, 3.401845E+01, 2.821368E+01, 6.716967E+00,7, 9.870991E-01,16, 2.262791E+00,0, 0.000000E+00,5, 2.681803E+00, 3.410795E-01, 6.973277E-01,2, 0.000000E+00,1,mc_qqps,53
-21041,2256,20228,30259,94C2, 9.125000E+01,44,15,59,44,15, 6.867602E-01,-1.968957E-01,-3.339633E-01, 4.749199E+01, 4.648164E+01, 1.056401E+00, 3.498452E+00, 1.427497E+00,-3.982561E-01, 8.520486E+01, 3.806757E+01, 1.442948E+01, 2.064702E+01,17, 1.817723E+00,0, 0.000000E+00,0, 0.000000E+00,12, 1.706586E+01, 6.046562E-01, 3.581180E+00,NULL,NULL,1,mc_qqps,53
-21041,2257,20228,30317,94C2, 9.125000E+01,32,19,51,32,19,-6.324313E+00, 1.619933E+00,-1.031820E+01, 4.904881E+01, 4.831604E+01, 1.509876E+00, 7.503148E+00,-1.766031E+00, 9.320388E+00, 9.000574E+01, 4.326976E+01, 3.506949E+01, 4.136246E+00,4, 3.199382E-01,11, 2.326777E+00,0, 0.000000E+00,3, 2.412576E+00, 3.870831E-01, 1.445848E+00,NULL,NULL,1,mc_qqps,53
-21041,2258,20228,30333,94C2, 9.125000E+01,37,21,58,37,21, 8.507463E-01,-3.412717E+00,-5.724864E+00, 6.364390E+01, 6.291026E+01, 1.700277E+00, 4.543926E+00,-3.554675E+00,-5.691223E+00, 9.692797E+01, 4.417669E+01, 2.293785E+01, 4.647391E-01,22, 2.961778E+00,0, 0.000000E+00,0, 0.000000E+00,18, 2.999096E+01, 4.043533E-01, 9.881490E+00,NULL,NULL,1,mc_qqps,53
-21041,2259,20228,30350,94C2, 9.125000E+01,38,13,51,38,13,-7.015441E+00, 7.833190E+00,-5.597118E+01, 1.198693E+02, 1.193327E+02, 3.140334E+00,-8.590269E+00, 1.211009E+01,-6.342985E+01, 1.386050E+02, 3.864022E+01, 1.873569E+01, 0.000000E+00,2, 0.000000E+00,17, 5.290998E+00,0, 0.000000E+00,2, 1.345900E+00, 5.082304E-01, 8.376691E-01,NULL,NULL,1,mc_qqps,53
-21041,2260,20228,30404,94C2, 9.125000E+01,31,15,46,31,15,-3.285980E+00, 8.689878E+00,-4.924101E+00, 5.714692E+01, 5.677607E+01, 1.831486E+00, 1.182391E+00, 2.481051E+00,-4.630180E-01, 8.830175E+01, 5.387962E+01, 2.631960E+01, 4.536129E+00,21, 1.328683E+01,0, 0.000000E+00,0, 0.000000E+00,9, 2.060819E+01, 3.681178E-01, 7.678443E+00,NULL,NULL,1,mc_qqps,53
-21041,2261,20228,30418,94C2, 9.125000E+01,53,15,68,53,15,-8.700290E+00,-7.511915E+00,-3.686340E+00, 6.131232E+01, 5.983962E+01, 1.129049E+00,-1.400811E+01,-9.487775E+00,-6.512015E+00, 8.412360E+01, 5.140783E+01, 6.013623E+00, 1.033737E+01,15, 3.028208E+00,1, 0.000000E+00,0, 0.000000E+00,8, 1.083297E+01, 5.413186E-01, 4.872305E+00,NULL,NULL,1,mc_qqps,53
-21041,2262,20228,30436,94C2, 9.125000E+01,32,12,44,32,12,-8.672214E+00, 3.962578E-01, 1.142867E+01, 5.304753E+01, 5.234113E+01, 1.635660E+00,-6.183279E+00, 2.913361E-01, 6.888568E+00, 6.680972E+01, 4.307076E+01, 1.229636E+01, 1.465829E+00,2, 0.000000E+00,15, 1.339672E+00,0, 0.000000E+00,NULL,NULL,NULL,NULL,1, 0.000000E+00,1,mc_qqps,53
-21041,2263,20228,30452,94C2, 9.125000E+01,36,19,55,36,19, 2.391134E+00, 1.052163E+00, 2.862863E+00, 6.029176E+01, 5.985926E+01, 1.662757E+00, 4.309925E+00, 2.897954E+00, 7.527270E+00, 9.396466E+01, 4.896767E+01, 3.011700E+01, 3.555912E+00,1, 0.000000E+00,23, 1.302290E+01,0, 0.000000E+00,NULL,NULL,NULL,NULL,NULL,NULL,1,mc_qqps,53
-21041,2264,20228,30507,94C2, 9.125000E+01,50,16,66,50,16,-9.360436E-01, 4.736764E-01, 2.112630E+00, 5.730308E+01, 5.626984E+01, 1.125397E+00, 7.168830E+00, 4.620267E+00, 5.626368E+00, 8.358998E+01, 5.186636E+01, 2.199263E+01, 3.810798E+00,20, 6.446904E+00,1, 0.000000E+00,0, 0.000000E+00,9, 1.929710E+01, 5.053585E-01, 5.124109E+00,NULL,NULL,1,mc_qqps,53
-21041,2265,20228,30527,94C2, 9.125000E+01,25,12,37,25,12,-4.104013E+00, 2.558648E+00, 5.202328E+00, 5.384275E+01, 5.358659E+01, 2.143464E+00,-4.457653E+00, 1.126289E-03, 5.270905E+00, 6.797405E+01, 5.275493E+01, 1.114085E+01, 2.990459E+00,6, 7.629242E-01,6, 0.000000E+00,0, 0.000000E+00,4, 7.311803E+00, 6.130895E-01, 3.818338E+00,NULL,NULL,1,mc_qqps,53
-21041,2266,20228,30543,94C2, 9.125000E+01,37,17,54,37,17, 3.663984E+00,-3.182656E+00,-4.275197E-01, 6.748577E+01, 6.669631E+01, 1.802603E+00, 4.369707E-01,-4.386928E+00, 3.201644E+00, 9.551300E+01, 6.290750E+01, 1.949383E+01, 6.540526E+00,19, 6.473801E+00,0, 0.000000E+00,0, 0.000000E+00,12, 2.067985E+01, 4.221642E-01, 3.139142E+00,NULL,NULL,1,mc_qqps,53
-21041,2267,20228,30558,94C2, 9.125000E+01,18,10,28,18,10,-3.420199E+00, 9.228479E+00,-1.003339E+01, 4.852482E+01, 4.831212E+01, 2.684007E+00,-4.267557E+00, 9.658588E+00,-1.018242E+01, 6.070416E+01, 4.676709E+01, 9.288175E+00, 9.962720E-01,8, 1.165490E+01,5, 0.000000E+00,0, 0.000000E+00,5, 8.483809E+00, 4.972352E-01, 2.914349E+00,NULL,NULL,1,mc_qqps,53
-21041,2268,20228,30613,94C2, 9.125000E+01,25,11,36,25,11,-1.516849E+00,-2.396276E+00, 9.184778E+00, 7.073722E+01, 7.052536E+01, 2.821014E+00,-4.742903E+00, 7.338189E+00, 8.157990E+00, 8.858661E+01, 4.831263E+01, 8.291285E+00, 9.635555E+00,3, 2.166998E-01,14, 1.047998E+01,0, 0.000000E+00,1, 1.613099E+00, 1.613099E+00, 1.613099E+00,2, 0.000000E+00,1,mc_qqps,53
-21041,2269,20228,30628,94C2, 9.125000E+01,41,13,54,41,13, 6.786156E-01,-5.756175E+00, 1.645003E+00, 7.544290E+01, 7.433435E+01, 1.813033E+00, 1.893667E+00, 2.587310E+00,-6.732826E-01, 9.340578E+01, 7.048660E+01, 6.094583E+00, 7.023370E-01,15, 5.982403E+00,0, 0.000000E+00,0, 0.000000E+00,7, 1.488383E+01, 4.653481E-01, 9.263608E+00,NULL,NULL,1,mc_qqps,53
-21041,2270,20228,30645,94C2, 9.125000E+01,33,11,44,33,11,-3.508329E+00,-3.343356E+00,-1.640850E+01, 6.147935E+01, 6.085271E+01, 1.844021E+00,-2.473429E+00,-3.842861E+00,-1.574460E+01, 7.125923E+01, 3.282055E+01, 9.779882E+00, 0.000000E+00,3, 2.964280E-01,14, 4.833764E+00,0, 0.000000E+00,2, 1.192523E+00, 4.843799E-01, 7.081427E-01,1, 0.000000E+00,1,mc_qqps,53
-21041,2271,20228,30703,94C2, 9.125000E+01,28,17,45,28,17, 4.374528E+00, 8.293770E+00,-6.127697E+00, 4.219819E+01, 4.160233E+01, 1.485798E+00, 7.513396E+00, 1.475258E+01,-1.376636E+01, 8.893257E+01, 3.932337E+01, 4.516918E+01, 5.313488E-01,17, 7.087107E-01,0, 0.000000E+00,0, 0.000000E+00,13, 3.615667E+01, 9.959165E-01, 1.649946E+01,NULL,NULL,1,mc_qqps,53
-21041,2272,20228,30722,94C2, 9.125000E+01,20,13,33,20,13,-2.326756E+00,-5.045850E+00,-5.790955E-01, 3.704532E+01, 3.684595E+01, 1.842297E+00, 4.188576E-01,-8.878905E+00, 5.011877E-02, 7.667747E+01, 3.121538E+01, 2.125262E+01, 1.190973E+01,14, 5.820233E+00,0, 0.000000E+00,0, 0.000000E+00,11, 2.708545E+01, 4.250108E-01, 1.390364E+01,NULL,NULL,1,mc_qqps,53
-21041,2273,20228,30735,94C2, 9.125000E+01,16,11,27,16,11,-1.780424E+01, 3.359195E+00, 3.320134E+00, 4.525050E+01, 4.500648E+01, 2.812905E+00,-1.032022E+01, 2.405965E+00, 2.273894E+00, 7.259544E+01, 4.363001E+01, 1.691690E+01, 5.602590E+00,14, 2.207837E+01,0, 0.000000E+00,0, 0.000000E+00,9, 2.174235E+01, 4.198964E-01, 7.352831E+00,NULL,NULL,1,mc_qqps,53
-21041,2274,20228,30748,94C2, 9.125000E+01,37,14,51,37,14,-4.301981E+00,-4.849359E+00,-1.189443E+01, 5.298446E+01, 5.235094E+01, 1.414890E+00,-3.287829E+00,-4.217179E+00,-1.143916E+01, 7.175312E+01, 2.753461E+01, 8.377987E+00, 1.039067E+01,1, 0.000000E+00,11, 2.098063E+00,0, 0.000000E+00,1, 7.990618E-01, 7.990618E-01, 7.990618E-01,1, 0.000000E+00,1,mc_qqps,53
-21041,2275,20228,30802,94C2, 9.125000E+01,18,14,32,18,14,-2.856663E+00,-6.400994E+00, 1.492634E+00, 6.478109E+01, 6.466795E+01, 3.592664E+00,-4.555790E-01,-5.830436E+00, 6.464590E-01, 9.260668E+01, 6.455830E+01, 2.356904E+01, 0.000000E+00,21, 1.096446E+01,0, 0.000000E+00,0, 0.000000E+00,13, 2.542979E+01, 6.809941E-01, 4.304496E+00,NULL,NULL,1,mc_qqps,53
-21041,2276,20228,30814,94C2, 9.125000E+01,21,10,31,21,10,-6.352921E+00, 6.311920E+00,-6.640989E+00, 4.705495E+01, 4.667046E+01, 2.222403E+00,-3.467424E+00, 5.773020E+00,-5.150445E+00, 7.254550E+01, 4.313074E+01, 2.426530E+01, 1.989593E-01,12, 1.764493E+01,1, 0.000000E+00,0, 0.000000E+00,7, 2.154037E+01, 9.489212E-01, 7.235653E+00,NULL,NULL,1,mc_qqps,53
-21041,2277,20228,30829,94C2, 9.125000E+01,22,9,31,22,9,-1.648743E+01,-1.998016E+01, 5.756475E+00, 9.829494E+01, 9.796627E+01, 4.453012E+00,-9.716586E+00,-1.155737E+01, 4.009702E+00, 1.171398E+02, 8.593983E+01, 1.159851E+01, 7.246350E+00,13, 2.343099E+01,0, 0.000000E+00,0, 0.000000E+00,5, 7.141975E+00, 4.338593E-01, 3.710880E+00,NULL,NULL,1,mc_qqps,53
-21041,2278,20228,30842,94C2, 9.125000E+01,43,15,58,43,15, 6.308772E+00, 2.304459E+01, 3.032104E+02, 3.473123E+02, 3.465833E+02, 8.060077E+00, 5.258573E+00, 1.761908E+01, 2.927417E+02, 3.677913E+02, 1.488250E+01, 1.259160E+01, 7.887429E+00,2, 0.000000E+00,13, 7.461147E+00,0, 0.000000E+00,2, 4.837462E+00, 2.270688E+00, 2.566774E+00,1, 0.000000E+00,1,mc_qqps,53
-21041,2279,20228,30858,94C2, 9.125000E+01,27,12,39,27,12,-5.122474E+00, 1.936574E+00, 6.077427E+00, 6.642383E+01, 6.586654E+01, 2.439502E+00,-1.009458E+00,-1.731687E+00, 2.212105E+00, 7.577758E+01, 6.258944E+01, 7.881233E+00, 6.019853E-01,11, 5.468573E+00,2, 0.000000E+00,0, 0.000000E+00,9, 6.724313E+00, 4.568418E-01, 1.039889E+00,NULL,NULL,1,mc_qqps,53
-21041,2280,20228,30913,94C2, 9.125000E+01,68,27,95,68,27, 1.714203E-01,-1.492976E+00, 1.203632E+00, 5.403838E+01, 5.196147E+01, 7.641392E-01,-2.514875E-01, 5.848646E+00, 3.204009E+00, 8.562218E+01, 3.713476E+01, 2.163551E+01, 2.440139E+00,20, 3.865678E+00,6, 0.000000E+00,0, 0.000000E+00,15, 2.088064E+01, 6.472480E-01, 2.995002E+00,NULL,NULL,1,mc_qqps,53
-21041,2281,20228,30937,94C2, 9.125000E+01,29,14,43,29,14,-9.720112E+00,-7.669679E+00,-9.701799E-01, 4.690658E+01, 4.642845E+01, 1.600981E+00, 1.825209E+00, 3.070702E+00,-2.504938E+00, 8.029387E+01, 3.811293E+01, 3.076639E+01, 0.000000E+00,21, 4.217542E+00,1, 0.000000E+00,0, 0.000000E+00,13, 3.044991E+01, 3.527706E-01, 9.260112E+00,NULL,NULL,1,mc_qqps,53
-21041,2282,20228,30952,94C2, 9.125000E+01,17,8,25,17,8, 4.441578E+00, 1.696088E+00,-2.171740E+00, 4.138042E+01, 4.106771E+01, 2.415747E+00,-5.026643E+00,-9.921977E-01, 2.211889E+00, 7.140594E+01, 4.069535E+01, 5.072028E+00, 1.685993E+01,9, 7.011258E-01,0, 0.000000E+00,0, 0.000000E+00,7, 1.316559E+01, 4.217823E-01, 8.093558E+00,NULL,NULL,1,mc_qqps,53
-21041,2283,20228,31002,94C2, 9.125000E+01,20,4,24,20,4,-6.302014E+00,-2.014415E-01, 2.881906E+00, 3.984019E+01, 3.950507E+01, 1.975254E+00, 1.054455E+01, 4.134937E+00,-5.458612E+00, 8.590216E+01, 3.625821E+01, 3.251058E+01, 1.360787E+01,4, 4.165692E+00,0, 0.000000E+00,0, 0.000000E+00,1, 3.188964E+01, 3.188964E+01, 3.188964E+01,NULL,NULL,1,mc_qqps,53
-21041,2284,20228,31015,94C2, 9.125000E+01,27,16,43,27,16,-2.872917E+00,-1.055992E+01, 5.583259E+00, 3.830576E+01, 3.790305E+01, 1.403816E+00,-6.035359E+00,-1.544542E+01, 5.484171E+00, 7.286211E+01, 3.116017E+01, 2.941802E+01, 6.240311E-01,19, 8.519767E-01,0, 0.000000E+00,0, 0.000000E+00,15, 3.393232E+01, 4.249078E-01, 1.099925E+01,NULL,NULL,1,mc_qqps,53
-21041,2285,20228,31030,94C2, 9.125000E+01,38,28,66,38,28, 1.302629E+00, 2.666819E+00,-1.993468E+00, 4.739301E+01, 4.653959E+01, 1.224726E+00,-4.469888E+00,-1.117610E+00, 2.157460E+00, 7.817122E+01, 4.403551E+01, 2.091217E+01, 7.913304E+00,21, 5.415440E+00,2, 0.000000E+00,0, 0.000000E+00,16, 1.994329E+01, 3.527053E-01, 4.657457E+00,1, 0.000000E+00,1,mc_qqps,53
-21041,2286,20228,31051,94C2, 9.125000E+01,27,14,41,27,14, 1.129841E+01,-2.622936E-01, 7.062339E+00, 5.534311E+01, 5.502130E+01, 2.037826E+00, 1.118560E+01,-9.571689E-01, 8.513382E+00, 9.542557E+01, 5.229320E+01, 3.077574E+01, 4.086101E+00,16, 6.155955E+00,0, 0.000000E+00,0, 0.000000E+00,11, 3.350685E+01, 8.269690E-01, 7.207790E+00,NULL,NULL,1,mc_qqps,53
-21041,2287,20228,31105,94C2, 9.125000E+01,19,17,36,19,17,-9.614940E+00,-1.841246E+01, 1.618413E+01, 6.145992E+01, 6.130047E+01, 3.226341E+00,-5.704322E+00,-2.335558E+00, 3.032645E+00, 9.211586E+01, 6.070077E+01, 2.329144E+01, 2.545390E-01,18, 1.604781E+00,0, 0.000000E+00,0, 0.000000E+00,14, 2.631902E+01, 7.016470E-01, 4.018711E+00,NULL,NULL,1,mc_qqps,53
-21041,2288,20228,31116,94C2, 9.125000E+01,16,18,34,16,18,-1.222089E+01, 2.146304E+01, 2.396468E+00, 3.654420E+01, 3.641301E+01, 2.275813E+00,-5.562272E-01, 9.064851E-01, 6.571717E-01, 9.368860E+01, 2.629848E+01, 5.045311E+01, 6.710968E+00,20, 1.332789E+01,0, 0.000000E+00,0, 0.000000E+00,16, 5.045311E+01, 5.304119E-01, 1.397762E+01,NULL,NULL,1,mc_qqps,53
-21041,2289,20228,31130,94C2, 9.125000E+01,15,11,26,15,11, 1.548633E+01,-8.399094E+00, 4.515383E+00, 3.399694E+01, 3.379622E+01, 2.253082E+00,-1.728476E+00, 5.399646E-01,-8.326119E-02, 9.114112E+01, 1.801786E+01, 5.595599E+01, 5.807063E-01,14, 9.983735E-01,0, 0.000000E+00,0, 0.000000E+00,10, 5.656346E+01, 6.089623E-01, 3.544463E+01,NULL,NULL,1,mc_qqps,53
-21041,2290,20228,31141,94C2, 9.125000E+01,46,11,57,46,11, 4.531201E+00, 2.436545E-01,-2.586184E+00, 7.753855E+01, 7.667731E+01, 1.666898E+00, 5.484245E+00,-5.594340E-01,-8.726898E-01, 8.894556E+01, 6.302464E+01, 5.484172E+00, 5.922839E+00,7, 1.144682E-01,7, 0.000000E+00,0, 0.000000E+00,3, 1.630060E+00, 3.849359E-01, 7.078527E-01,NULL,NULL,1,mc_qqps,53
-21041,2291,20228,31159,94C2, 9.125000E+01,39,20,59,39,20, 4.605086E+00, 1.224334E+01,-7.953831E+01, 1.244924E+02, 1.237925E+02, 3.174167E+00, 4.069120E+00, 7.350006E+00,-6.932727E+01, 1.483294E+02, 5.183323E+01, 1.377795E+01, 9.545830E+00,2, 0.000000E+00,21, 1.239990E+01,0, 0.000000E+00,2, 1.610914E+00, 5.132101E-01, 1.097704E+00,1, 0.000000E+00,1,mc_qqps,53
-21041,2292,20228,31217,94C2, 9.125000E+01,36,22,58,36,22, 1.562731E+00, 6.869265E+00,-1.500657E+01, 6.610902E+01, 6.555191E+01, 1.820886E+00,-9.638155E-01,-1.605898E+00, 1.187754E+00, 9.704516E+01, 5.632568E+01, 1.876643E+01, 1.144445E+01,5, 1.676606E+00,22, 4.254402E+00,0, 0.000000E+00,2, 1.419887E+00, 6.946357E-01, 7.252511E-01,NULL,NULL,1,mc_qqps,53
-21041,2293,20228,31240,94C2, 9.125000E+01,22,13,35,22,13,-6.380421E+00,-1.672824E+00, 6.193141E+00, 4.595343E+01, 4.562694E+01, 2.073952E+00, 6.034919E+00,-4.362794E+00,-2.490767E+00, 8.079892E+01, 3.841745E+01, 2.802368E+01, 5.378466E+00,13, 1.644010E+00,1, 0.000000E+00,0, 0.000000E+00,9, 2.924124E+01, 5.161989E-01, 2.127086E+01,NULL,NULL,1,mc_qqps,53
-21041,2294,20228,31253,94C2, 9.125000E+01,26,14,40,26,14,-1.459834E+01,-1.201513E+02, 2.135449E+02, 3.193659E+02, 3.189904E+02, 1.226886E+01,-1.483572E+01,-1.195573E+02, 2.119116E+02, 3.335070E+02, 4.639870E+01, 1.230810E+01, 1.832959E+00,0, 0.000000E+00,14, 3.788319E+00,0, 0.000000E+00,NULL,NULL,NULL,NULL,1, 0.000000E+00,1,mc_qqps,53
-21041,2295,20228,31308,94C2, 9.125000E+01,48,22,70,48,22, 1.656398E-02, 1.230405E+01, 1.646868E+01, 4.162988E+01, 4.044680E+01, 8.426417E-01,-1.006181E+00, 1.303787E+01, 1.453987E+01, 7.462637E+01, 3.166601E+01, 2.006834E+01, 1.307353E+01,12, 1.026441E+00,6, 0.000000E+00,0, 0.000000E+00,8, 1.536587E+01, 6.226591E-01, 3.690999E+00,1, 0.000000E+00,1,mc_qqps,53
-21041,2296,20228,31332,94C2, 9.125000E+01,29,9,38,29,9, 8.523784E+00, 2.905141E-01, 4.392384E+00, 6.676095E+01, 6.638824E+01, 2.289250E+00, 4.974296E+00, 1.184310E-01, 3.234243E+00, 8.582387E+01, 6.606585E+01, 1.069783E+01, 7.010445E+00,15, 1.136633E+00,0, 0.000000E+00,0, 0.000000E+00,7, 1.096813E+01, 5.536792E-01, 3.244797E+00,NULL,NULL,1,mc_qqps,53
-21041,2297,20228,31344,94C2, 9.125000E+01,44,14,58,44,14,-1.809515E+01, 2.980610E+01, 1.849371E+01, 5.508097E+01, 5.347312E+01, 1.215298E+00, 1.888936E+00, 8.966201E-01,-3.222822E+00, 1.233960E+02, 4.103920E+01, 1.243608E+01, 5.516689E+01,13, 1.373769E+00,0, 0.000000E+00,0, 0.000000E+00,7, 8.923028E+00, 5.221346E-01, 2.141160E+00,NULL,NULL,1,mc_qqps,53
-21041,2298,20228,31359,94C2, 9.125000E+01,17,10,27,17,10,-7.494382E+00,-9.781403E+00,-2.257444E+00, 4.377761E+01, 4.356299E+01, 2.562529E+00,-3.478298E+00,-1.276994E+00, 1.098922E+01, 7.425388E+01, 7.536884E+00, 1.765032E+01, 1.282594E+01,1, 0.000000E+00,10, 5.078770E+00,0, 0.000000E+00,1, 1.095515E+01, 1.095515E+01, 1.095515E+01,2, 0.000000E+00,0,mc_qqps,53
-21041,2299,20228,31413,94C2, 9.125000E+01,26,5,31,26,5,-6.437787E-01,-9.086572E+00,-4.703639E+00, 7.293450E+01, 7.258369E+01, 2.791681E+00,-8.115975E-01,-7.448740E+00,-3.649680E+00, 7.793781E+01, 7.057720E+01, 4.246274E+00, 0.000000E+00,13, 1.160856E+01,0, 0.000000E+00,0, 0.000000E+00,5, 5.003300E+00, 6.258932E-01, 1.547780E+00,NULL,NULL,1,mc_qqps,53
-21041,2300,20228,31426,94C2, 9.125000E+01,21,9,30,21,9,-3.254395E+00,-6.124015E+00, 3.165277E+00, 8.120820E+01, 8.095071E+01, 3.854796E+00, 1.069389E+00,-6.334200E-01, 5.895124E+00, 9.465523E+01, 7.372447E+01, 6.347749E+00, 2.439893E+00,5, 6.104667E-01,10, 1.816536E+00,0, 0.000000E+00,1, 4.659390E+00, 4.659390E+00, 4.659390E+00,NULL,NULL,1,mc_qqps,53
-21041,2301,20228,31437,94C2, 9.125000E+01,37,21,58,37,21, 8.775549E+00,-1.050047E+01,-1.194018E+01, 5.896295E+01, 5.827090E+01, 1.574889E+00, 8.125453E+00,-1.264819E+01,-1.131454E+01, 1.138948E+02, 4.050409E+01, 4.464560E+01, 5.145636E+00,22, 1.689501E+01,0, 0.000000E+00,0, 0.000000E+00,16, 4.063284E+01, 5.012894E-01, 1.507709E+01,NULL,NULL,1,mc_qqps,53
-21041,2302,20228,31455,94C2, 9.125000E+01,25,11,36,25,11,-8.998452E+00, 1.792062E+01,-1.687855E+01, 5.681194E+01, 5.610327E+01, 2.244131E+00, 2.148156E+00,-1.383709E+00, 1.765889E+00, 1.062765E+02, 5.273270E+01, 1.925132E+01, 3.021321E+01,7, 1.349887E+00,2, 0.000000E+00,0, 0.000000E+00,5, 1.094901E+01, 4.987697E-01, 7.274671E+00,NULL,NULL,1,mc_qqps,53
-21041,2303,20228,31509,94C2, 9.125000E+01,38,17,55,38,17,-2.294930E+01,-1.575862E+01,-5.845464E-01, 4.376436E+01, 4.269411E+01, 1.123529E+00, 9.755767E+00, 8.983047E+00,-2.797215E+00, 1.044465E+02, 3.820875E+01, 5.948708E+01, 0.000000E+00,18, 4.536007E+00,0, 0.000000E+00,0, 0.000000E+00,13, 5.901692E+01, 5.261149E-01, 3.316291E+01,NULL,NULL,1,mc_qqps,53
-21041,2304,20228,31526,94C2, 9.125000E+01,24,9,33,24,9,-6.277524E+00,-1.906625E+00,-1.957182E+01, 7.489822E+01, 7.447359E+01, 3.103066E+00,-1.215607E+00,-1.203001E+00,-9.483865E+00, 9.155894E+01, 6.158149E+01, 1.491390E+01, 0.000000E+00,2, 0.000000E+00,13, 6.307257E+00,0, 0.000000E+00,2, 1.746815E+00, 8.233199E-01, 9.234948E-01,NULL,NULL,1,mc_qqps,53
-21041,2305,20228,31541,94C2, 9.125000E+01,22,12,34,22,12, 1.103717E+01, 1.059856E+00,-1.198369E+01, 3.127519E+01, 3.070771E+01, 1.395805E+00, 2.055976E+01, 1.632972E-01,-1.834957E+01, 5.489277E+01, 2.818826E+01, 2.011404E+01, 2.778862E+00,11, 0.000000E+00,2, 0.000000E+00,0, 0.000000E+00,10, 2.083871E+01, 5.793568E-01, 4.269045E+00,NULL,NULL,1,mc_qqps,53
-21041,2306,20228,31549,94C2, 9.125000E+01,22,8,30,22,8,-4.805384E+00,-1.257356E+00,-9.296658E+00, 8.876884E+01, 8.837988E+01, 4.017267E+00,-9.628439E+00,-3.932467E+00,-1.953089E+01, 1.195418E+02, 5.981012E+01, 1.149770E+01, 1.927581E+01,0, 0.000000E+00,14, 4.649284E+00,0, 0.000000E+00,NULL,NULL,NULL,NULL,NULL,NULL,1,mc_qqps,53
-21041,2307,20228,31601,94C2, 9.125000E+01,28,15,43,28,15,-2.107565E-01,-1.735270E+00,-3.362188E-01, 4.552010E+01, 4.474405E+01, 1.598002E+00, 1.899949E-01,-1.514955E+00,-4.478246E-02, 6.695030E+01, 4.295466E+00, 2.002732E+01, 1.914257E+00,0, 0.000000E+00,14, 9.536845E+00,0, 0.000000E+00,NULL,NULL,NULL,NULL,3, 0.000000E+00,0,mc_qqps,53
-21041,2308,20228,31631,94C2, 9.125000E+01,36,21,57,36,21,-2.065994E+00, 3.272529E+00, 1.806329E+00, 6.199053E+01, 6.143160E+01, 1.706433E+00, 3.762465E+00,-2.722502E+00,-2.344592E+00, 8.993123E+01, 5.346437E+01, 2.285151E+01, 3.518125E+00,23, 1.105345E+01,0, 0.000000E+00,0, 0.000000E+00,15, 1.914930E+01, 3.455923E-01, 4.150748E+00,NULL,NULL,1,mc_qqps,53
-21041,2309,20228,31647,94C2, 9.125000E+01,32,18,50,32,18,-2.566286E+01, 1.760418E+01, 9.263272E+00, 9.839118E+01, 9.805500E+01, 3.064219E+00,-2.691937E+01, 1.904060E+01, 9.931974E+00, 1.218935E+02, 6.679614E+01, 1.789628E+01, 8.456926E-01,19, 4.932531E+00,2, 0.000000E+00,0, 0.000000E+00,12, 1.560770E+01, 4.877419E-01, 3.138646E+00,NULL,NULL,1,mc_qqps,53
-21041,2310,20228,31702,94C2, 9.125000E+01,18,7,25,18,7,-1.436971E+00, 4.996794E-01,-1.114475E+00, 3.469239E+01, 3.443947E+01, 1.913304E+00,-8.181317E-01, 1.019649E+00, 3.915726E-01, 4.001113E+01, 5.469084E+00, 5.318741E+00, 0.000000E+00,1, 0.000000E+00,8, 5.483054E+00,0, 0.000000E+00,1, 6.180472E-01, 6.180472E-01, 6.180472E-01,2, 0.000000E+00,0,mc_qqps,53
-21041,2311,20228,31712,94C2, 9.125000E+01,23,16,39,23,16, 1.715617E+01, 1.151770E+01,-1.139995E+01, 6.020775E+01, 5.994805E+01, 2.606437E+00, 1.964729E+01, 1.490299E+01,-1.695456E+01, 1.077367E+02, 5.841832E+01, 2.881931E+01, 1.527709E+01,19, 4.960424E+00,0, 0.000000E+00,0, 0.000000E+00,11, 2.243156E+01, 4.936329E-01, 7.234116E+00,1, 0.000000E+00,1,mc_qqps,53
-21041,2312,20228,31723,94C2, 9.125000E+01,38,18,56,38,18,-4.632414E+00,-8.377324E+00,-2.435632E+00, 4.685361E+01, 4.572354E+01, 1.203251E+00,-5.405238E+00,-7.393554E+00,-1.173667E+00, 1.052528E+02, 4.311151E+01, 4.523495E+01, 7.687552E+00,21, 1.867531E+00,0, 0.000000E+00,0, 0.000000E+00,15, 4.404978E+01, 4.663747E-01, 1.087470E+01,NULL,NULL,1,mc_qqps,53
-21041,2313,20228,31737,94C2, 9.125000E+01,16,15,31,16,15, 1.007762E+01,-3.286163E+00,-9.617247E+00, 3.644683E+01, 3.623955E+01, 2.264972E+00, 8.677830E+00,-6.887711E-01,-8.765177E+00, 6.929144E+01, 3.551765E+01, 3.199732E+01, 7.439685E-02,13, 5.397964E+00,2, 0.000000E+00,0, 0.000000E+00,10, 2.816294E+01, 5.494898E-01, 1.003335E+01,NULL,NULL,1,mc_qqps,53
-21041,2314,20228,31750,94C2, 9.125000E+01,18,5,23,18,5, 5.287716E+00,-3.528395E+01, 5.315095E+00, 5.005243E+01, 4.987171E+01, 2.770650E+00,-1.335655E+00, 6.291116E+00,-1.351410E+00, 9.780726E+01, 4.945079E+01, 4.775483E+01, 0.000000E+00,9, 2.599865E+00,0, 0.000000E+00,0, 0.000000E+00,4, 4.622921E+01, 6.219066E-01, 4.169244E+01,NULL,NULL,1,mc_qqps,53
-21041,2315,20228,31801,94C2, 9.125000E+01,15,13,28,15,13,-7.781705E+00, 6.749761E+00,-1.103513E+01, 3.880434E+01, 3.853247E+01, 2.568831E+00,-1.430126E+00, 5.207065E+00,-4.493453E+00, 6.647797E+01, 3.675045E+01, 8.065533E+00, 1.148090E+01,8, 9.917432E+00,5, 0.000000E+00,0, 0.000000E+00,6, 1.337369E+01, 8.122665E-01, 4.312230E+00,NULL,NULL,1,mc_qqps,53
-21041,2316,20228,31820,94C2, 9.125000E+01,36,25,61,36,25,-5.161846E-01, 5.541375E+00, 7.317441E+00, 4.263538E+01, 4.207354E+01, 1.168710E+00, 7.922285E-01, 1.124251E+01, 8.174115E-01, 8.608572E+01, 2.645915E+01, 4.094159E+01, 2.508738E+00,10, 0.000000E+00,12, 4.842015E-01,0, 0.000000E+00,8, 1.106235E+01, 3.624946E-01, 3.676296E+00,1, 0.000000E+00,1,mc_qqps,53
-21041,2317,20228,31841,94C2, 9.125000E+01,17,10,27,17,10, 2.409313E+00,-1.510213E+01,-8.669857E+00, 5.977656E+01, 5.953356E+01, 3.501974E+00, 5.239958E+00,-2.092739E+01,-1.158214E+01, 7.884835E+01, 5.246652E+01, 1.591863E+01, 1.870556E+00,12, 1.711030E+01,0, 0.000000E+00,0, 0.000000E+00,6, 9.205882E+00, 5.496492E-01, 4.790649E+00,NULL,NULL,1,mc_qqps,53
-21041,2318,20228,31854,94C2, 9.125000E+01,25,16,41,25,16, 3.354196E+00, 3.844056E+00, 1.671920E+01, 5.588855E+01, 5.545133E+01, 2.218053E+00, 1.701232E+00, 1.461137E+00, 9.077474E+00, 7.937113E+01, 4.229996E+01, 2.165651E+01, 8.497677E-01,4, 0.000000E+00,14, 0.000000E+00,0, 0.000000E+00,1, 9.763024E-01, 9.763024E-01, 9.763024E-01,4, 0.000000E+00,1,mc_qqps,53
-21041,2319,20228,31921,94C2, 9.125000E+01,30,12,42,30,12, 4.636541E+00, 1.442790E+00,-2.405828E+00, 6.179578E+01, 6.116549E+01, 2.038850E+00,-4.644877E+00,-1.790337E+00,-4.463636E-01, 9.678368E+01, 5.309777E+01, 1.871305E+01, 1.343808E+01,13, 5.887129E-01,0, 0.000000E+00,0, 0.000000E+00,5, 6.261067E+00, 4.008370E-01, 2.464216E+00,NULL,NULL,1,mc_qqps,53
-21041,2320,20228,31934,94C2, 9.125000E+01,35,13,48,35,13, 9.348826E+00, 2.414997E+00,-3.974824E+01, 7.278053E+01, 7.163379E+01, 2.046680E+00, 8.452078E+00, 8.667031E-01,-2.896146E+01, 9.787650E+01, 3.549706E+01, 1.761057E+01, 7.485403E+00,1, 0.000000E+00,14, 7.241369E+00,0, 0.000000E+00,NULL,NULL,NULL,NULL,1, 0.000000E+00,1,mc_qqps,53
-21041,2321,20228,31947,94C2, 9.125000E+01,31,15,46,31,15,-1.016118E+00,-2.077999E+00, 2.056622E+00, 4.301469E+01, 4.222515E+01, 1.362102E+00, 7.209307E+00, 3.522332E+00,-8.281327E+00, 7.652966E+01, 3.934126E+01, 1.413033E+01, 1.847925E+01,13, 1.434951E+00,0, 0.000000E+00,0, 0.000000E+00,9, 1.245006E+01, 6.290163E-01, 2.821720E+00,NULL,NULL,1,mc_qqps,53
-21041,2322,20228,32001,94C2, 9.125000E+01,43,20,63,43,20,-9.965107E-01,-6.018947E+00,-1.704034E+00, 8.152258E+01, 8.054039E+01, 1.873032E+00,-2.478390E+00,-9.703984E+00,-1.173565E+01, 1.109135E+02, 7.238445E+01, 2.374717E+01, 5.672125E+00,9, 0.000000E+00,10, 0.000000E+00,0, 0.000000E+00,9, 1.672776E+01, 4.239310E-01, 5.394850E+00,NULL,NULL,1,mc_qqps,53
-21041,2323,20228,32021,94C2, 9.125000E+01,25,8,33,25,8,-1.755964E+00,-6.702139E+00,-4.726001E+00, 5.197238E+01, 5.161485E+01, 2.064594E+00, 2.034063E+00, 1.932096E+00, 3.073029E+00, 7.983218E+01, 5.058259E+01, 2.284400E+01, 5.015803E+00,12, 3.946844E+00,0, 0.000000E+00,0, 0.000000E+00,6, 2.284400E+01, 8.149210E-01, 1.140726E+01,NULL,NULL,1,mc_qqps,53
-21041,2324,20228,32038,94C2, 9.125000E+01,20,25,45,20,25,-7.823409E+00, 1.852138E+00,-1.475784E-02, 7.604256E+01, 7.554730E+01, 3.777365E+00, 7.278182E+00, 5.344455E+00, 4.196058E+00, 1.255238E+02, 7.347675E+01, 2.822656E+01, 8.852257E+00,21, 1.422187E+01,1, 0.000000E+00,0, 0.000000E+00,20, 3.580025E+01, 4.547054E-01, 4.866803E+00,NULL,NULL,1,mc_qqps,53
-21041,2325,20228,32052,94C2, 9.125000E+01,32,12,44,32,12,-1.268544E+01,-4.336455E+00,-1.001215E-01, 7.197718E+01, 7.160975E+01, 2.237805E+00,-1.183704E+01,-4.428020E+00, 3.160906E-01, 9.608645E+01, 6.501405E+01, 1.926617E+01, 4.100839E+00,18, 4.227461E+00,0, 0.000000E+00,0, 0.000000E+00,9, 1.522405E+01, 7.755191E-01, 2.952078E+00,NULL,NULL,1,mc_qqps,53
-21041,2326,20228,32106,94C2, 9.125000E+01,28,10,38,28,10, 1.829844E+01,-2.753882E-01,-2.538533E+01, 6.204847E+01, 6.155815E+01, 2.198505E+00, 1.815339E+01,-1.587088E+00,-2.505772E+01, 6.828690E+01, 5.807420E+01, 3.716800E+00, 5.177969E-01,3, 0.000000E+00,7, 9.856845E-01,0, 0.000000E+00,3, 2.802491E+00, 6.120030E-01, 1.391840E+00,NULL,NULL,1,mc_qqps,53
-21041,2327,20228,32120,94C2, 9.125000E+01,23,18,41,23,18,-2.248368E+00, 6.541578E+00, 3.760430E+00, 4.487738E+01, 4.438303E+01, 1.929697E+00,-4.759759E+00, 2.053270E+01, 1.084294E+01, 8.573475E+01, 4.190023E+01, 2.584859E+01, 1.221450E+01,16, 5.481766E+00,3, 0.000000E+00,0, 0.000000E+00,11, 2.349961E+01, 3.212539E-01, 4.600937E+00,NULL,NULL,1,mc_qqps,53
-21041,2328,20228,32133,94C2, 9.125000E+01,25,11,36,25,11,-8.355170E+00,-9.299096E+00,-6.069909E+00, 4.447685E+01, 4.407901E+01, 1.763160E+00,-1.580038E+01,-1.306708E+01,-9.000073E+00, 6.297540E+01, 4.291503E+01, 1.164844E+01, 4.660803E+00,13, 2.420181E+01,0, 0.000000E+00,0, 0.000000E+00,9, 1.383774E+01, 7.684397E-01, 3.757738E+00,NULL,NULL,1,mc_qqps,53
-21041,2329,20228,32147,94C2, 9.125000E+01,20,12,32,20,12, 5.552094E+00, 1.093435E+01, 8.967054E+00, 3.435613E+01, 3.412091E+01, 1.706046E+00,-1.502420E+00,-7.122342E+00,-3.756449E+00, 9.470464E+01, 3.223280E+01, 2.661654E+01, 3.374913E+01,14, 1.931584E+00,1, 0.000000E+00,0, 0.000000E+00,9, 2.473770E+01, 8.465652E-01, 8.049834E+00,NULL,NULL,1,mc_qqps,53
-21041,2330,20228,32159,94C2, 9.125000E+01,16,7,23,16,7, 1.385048E+00,-5.419478E-01,-5.232368E+00, 9.103887E+01, 9.084704E+01, 5.677940E+00, 6.042274E+00, 8.348484E+00, 5.966574E+00, 1.065327E+02, 8.706281E+01, 1.485926E+01, 0.000000E+00,5, 0.000000E+00,4, 3.964279E-01,0, 0.000000E+00,4, 1.226429E+01, 6.346150E-01, 7.873224E+00,NULL,NULL,1,mc_qqps,53
-21041,2331,20228,32212,94C2, 9.125000E+01,26,13,39,26,13, 9.747554E-01, 2.726447E+00,-8.194940E-01, 7.520573E+01, 7.465328E+01, 2.871280E+00, 1.961955E+00, 2.850867E+00,-2.587103E+00, 9.932333E+01, 7.207088E+01, 1.676184E+01, 3.973413E+00,17, 1.024800E+01,0, 0.000000E+00,0, 0.000000E+00,10, 2.021510E+01, 5.548004E-01, 3.666764E+00,NULL,NULL,1,mc_qqps,53
-21041,2332,20228,32225,94C2, 9.125000E+01,43,20,63,43,20,-2.599367E+00, 4.294346E-01,-1.043562E+00, 5.235424E+01, 5.136503E+01, 1.194535E+00,-1.094436E+00, 1.616589E-01, 1.270182E+00, 8.581969E+01, 4.154008E+01, 2.929654E+01, 2.207520E+00,21, 3.225283E+00,0, 0.000000E+00,0, 0.000000E+00,13, 2.835842E+01, 5.874193E-01, 9.225711E+00,NULL,NULL,1,mc_qqps,53
-21041,2333,20228,32244,94C2, 9.125000E+01,62,12,74,62,12, 2.052466E+00, 1.692492E+01,-8.601114E+01, 1.416759E+02, 1.393383E+02, 2.247392E+00, 1.932968E+00, 1.605230E+01,-8.098525E+01, 1.558641E+02, 2.773579E+01, 1.402681E+01, 1.614556E-01,4, 8.867224E-02,15, 2.562079E+00,0, 0.000000E+00,2, 2.417217E+00, 1.197340E+00, 1.219877E+00,NULL,NULL,1,mc_qqps,53
-21041,2334,20228,32302,94C2, 9.125000E+01,19,19,38,19,19,-1.647220E+00, 3.550776E+00, 5.361568E-01, 5.964765E+01, 5.936512E+01, 3.124480E+00,-1.269161E+00,-1.700190E+00,-1.530099E+00, 1.003550E+02, 5.051223E+01, 3.644871E+01, 3.109559E+00,20, 6.019472E+00,0, 0.000000E+00,0, 0.000000E+00,14, 3.094821E+01, 4.133187E-01, 1.199171E+01,1, 0.000000E+00,1,mc_qqps,53
-21041,2335,20228,32315,94C2, 9.125000E+01,36,11,47,36,11, 1.151446E+01,-1.447953E+00,-7.937455E+00, 7.448403E+01, 7.394244E+01, 2.053957E+00, 1.623682E+01,-8.687704E-01,-1.172972E+01, 9.984473E+01, 6.557100E+01, 1.144925E+01, 1.118737E+01,13, 1.267881E+01,0, 0.000000E+00,0, 0.000000E+00,6, 8.589072E+00, 5.909913E-01, 2.735600E+00,NULL,NULL,1,mc_qqps,53
-21041,2336,20228,32330,94C2, 9.125000E+01,41,15,56,41,15, 1.846606E+00,-3.329684E+00,-1.067146E+01, 7.608054E+01, 7.538741E+01, 1.838717E+00,-2.099133E-01,-1.965108E+00,-3.221014E+00, 8.959071E+01, 6.366553E+01, 1.299668E+01, 5.134870E-01,3, 0.000000E+00,15, 7.669265E+00,0, 0.000000E+00,2, 1.496498E+00, 5.237247E-01, 9.727730E-01,NULL,NULL,1,mc_qqps,53
-21041,2337,20228,32346,94C2, 9.125000E+01,21,13,34,21,13,-1.475215E+01,-1.384331E+01, 1.854559E+01, 5.351525E+01, 5.318473E+01, 2.532606E+00,-1.135257E+01,-9.482023E+00, 1.344369E+01, 8.336794E+01, 5.096041E+01, 1.104531E+01, 1.895494E+01,9, 7.952523E+00,0, 0.000000E+00,0, 0.000000E+00,5, 9.187595E+00, 1.450318E+00, 2.425437E+00,NULL,NULL,1,mc_qqps,53
-21041,2338,20228,32400,94C2, 9.125000E+01,15,9,24,15,9,-6.387276E+00, 5.965310E+00, 9.878418E+00, 7.159380E+01, 7.146826E+01, 4.764551E+00,-7.684525E+00, 5.648395E+00, 8.832498E+00, 8.284588E+01, 7.140672E+01, 7.235272E+00, 2.038272E+00,9, 3.367877E+00,1, 0.000000E+00,0, 0.000000E+00,7, 8.982548E+00, 7.587282E-01, 3.142439E+00,NULL,NULL,1,mc_qqps,53
-21041,2339,20228,32415,94C2, 9.125000E+01,18,6,24,18,6, 6.785535E+00,-2.670137E+00,-1.100724E+01, 3.238986E+01, 3.208122E+01, 1.782290E+00,-5.570895E+00, 8.766704E-01, 3.612813E+00, 5.685928E+01, 2.966985E+01, 1.969289E+01, 4.802030E+00,6, 2.346709E+00,2, 0.000000E+00,0, 0.000000E+00,4, 1.797387E+01, 1.781864E+00, 1.040660E+01,NULL,NULL,1,mc_qqps,53
-21041,2340,20228,32432,94C2, 9.125000E+01,26,21,47,26,21, 1.283881E+01, 9.804953E-01, 7.301431E+00, 5.777251E+01, 5.722202E+01, 2.200847E+00, 4.615613E+00,-1.715382E+00, 3.554921E+00, 9.339021E+01, 5.425337E+01, 2.328261E+01, 1.090823E+01,22, 2.234053E+00,0, 0.000000E+00,0, 0.000000E+00,18, 2.470947E+01, 4.241129E-01, 4.322355E+00,NULL,NULL,1,mc_qqps,53
-21041,2341,20228,32448,94C2, 9.125000E+01,50,17,67,50,17, 3.693028E-01,-1.127927E+01,-6.880159E+00, 7.024187E+01, 6.950916E+01, 1.390183E+00,-3.600889E+00,-6.876960E+00,-2.482108E+00, 9.377107E+01, 6.034646E+01, 1.124796E+01, 1.181398E+01,8, 0.000000E+00,7, 2.037252E-01,0, 0.000000E+00,7, 7.553222E+00, 4.184367E-01, 3.139678E+00,NULL,NULL,1,mc_qqps,53
-21041,2342,20228,32505,94C2, 9.125000E+01,35,9,44,35,9, 1.183692E+00, 4.167336E-01,-6.436601E-01, 8.875359E+01, 8.815630E+01, 2.518752E+00, 7.430286E+00, 7.453582E+00, 9.378616E-01, 1.011573E+02, 7.144422E+01, 1.240369E+01, 0.000000E+00,15, 4.867898E+00,0, 0.000000E+00,0, 0.000000E+00,8, 1.168859E+01, 5.544673E-01, 3.191112E+00,NULL,NULL,1,mc_qqps,53
-21041,2343,20228,32518,94C2, 9.125000E+01,50,19,69,50,19, 1.563747E+00, 9.109260E+00,-2.465865E+01, 1.254270E+02, 1.243990E+02, 2.487981E+00,-4.273839E+00, 1.258019E+01,-2.158242E+01, 1.629536E+02, 1.100673E+02, 1.550033E+01, 2.084470E+01,7, 5.096585E-01,12, 1.215682E+00,0, 0.000000E+00,6, 8.887052E+00, 7.212183E-01, 3.699654E+00,NULL,NULL,1,mc_qqps,53
-21041,2344,20228,32537,94C2, 9.125000E+01,27,23,50,27,23, 9.317894E+00, 1.094565E+00,-4.678417E+01, 6.993205E+01, 6.955115E+01, 2.575969E+00, 4.437164E+00,-5.115059E-01,-4.631438E+01, 1.019159E+02, 1.558705E+01, 2.732013E+01, 3.671795E+00,8, 8.664963E-02,13, 4.159282E+00,0, 0.000000E+00,7, 1.007909E+01, 5.482046E-01, 2.737012E+00,2, 0.000000E+00,1,mc_qqps,53
-21041,2345,20228,32552,94C2, 9.125000E+01,28,11,39,28,11, 2.324976E+00,-1.164686E+01, 8.147798E+00, 5.556888E+01, 5.481659E+01, 1.957735E+00, 1.153222E-02, 1.594143E+01,-2.281521E+01, 1.103081E+02, 5.164680E+01, 7.742680E+00, 4.699653E+01,3, 7.234366E-01,4, 0.000000E+00,0, 0.000000E+00,1, 1.286993E+00, 1.286993E+00, 1.286993E+00,NULL,NULL,1,mc_qqps,53
-21041,2346,20228,32614,94C2, 9.125000E+01,27,17,44,27,17, 1.594002E+00, 4.825599E+00,-2.220315E+00, 8.386314E+01, 8.359158E+01, 3.095984E+00,-6.385381E-01, 9.760536E+00,-4.845320E+00, 1.099300E+02, 8.281874E+01, 1.924467E+01, 1.255050E+00,17, 1.654668E+01,3, 4.512136E-01,0, 0.000000E+00,13, 2.326458E+01, 4.266136E-01, 5.153448E+00,NULL,NULL,1,mc_qqps,53
-21041,2347,20228,32632,94C2, 9.125000E+01,16,11,27,16,11,-5.774816E+00,-4.302359E-01,-4.152754E+00, 4.924270E+01, 4.895096E+01, 3.059435E+00,-1.324150E+01,-3.023491E+00,-9.056364E+00, 6.629443E+01, 4.860406E+01, 1.323962E+01, 4.356400E+00,12, 9.772255E+00,0, 0.000000E+00,0, 0.000000E+00,8, 1.225970E+01, 3.993855E-01, 2.689262E+00,NULL,NULL,1,mc_qqps,53
-21041,2348,20228,32641,94C2, 9.125000E+01,15,8,23,15,8, 1.233708E+01, 8.396828E+00, 1.241190E+01, 6.687214E+01, 6.676484E+01, 4.450989E+00, 5.191014E+00, 3.210271E+00, 5.528760E+00, 8.449074E+01, 6.327410E+01, 3.430589E+00, 1.217420E+01,6, 0.000000E+00,1, 3.652139E-01,0, 0.000000E+00,5, 5.444407E+00, 6.557942E-01, 1.825167E+00,NULL,NULL,1,mc_qqps,53
-21041,2349,20228,32652,94C2, 9.125000E+01,25,13,38,25,13, 5.414197E-01,-1.062580E+00, 1.804418E+00, 5.128032E+01, 5.079921E+01, 2.031969E+00,-1.452666E+00, 4.847683E+00,-1.666171E+00, 8.290743E+01, 4.227686E+01, 2.479317E+01, 6.855578E+00,16, 2.968262E+00,0, 0.000000E+00,0, 0.000000E+00,11, 2.479317E+01, 6.196027E-01, 5.365926E+00,NULL,NULL,1,mc_qqps,53
-21041,2350,20228,32704,94C2, 9.125000E+01,35,20,55,35,20,-4.369154E+00, 3.761908E+00, 4.287834E+00, 3.737179E+01, 3.637875E+01, 1.039393E+00,-6.010282E+00, 1.241249E+01, 9.270557E+00, 8.411854E+01, 3.415780E+01, 3.455426E+01, 1.088518E+01,17, 3.959351E-01,1, 0.000000E+00,0, 0.000000E+00,15, 3.108467E+01, 5.100551E-01, 8.121649E+00,NULL,NULL,1,mc_qqps,53
-21041,2351,20228,32721,94C2, 9.125000E+01,25,21,46,25,21,-7.050943E-01,-1.446726E+00, 1.345544E+00, 6.707503E+01, 6.673601E+01, 2.669440E+00,-1.573048E+00, 8.061313E-01,-7.552818E-01, 9.336385E+01, 5.925286E+01, 1.943121E+01, 0.000000E+00,24, 6.716077E+00,1, 0.000000E+00,0, 0.000000E+00,19, 2.366233E+01, 3.209169E-01, 5.485443E+00,1, 0.000000E+00,1,mc_qqps,53
-21041,2352,20228,32737,94C2, 9.125000E+01,24,12,36,24,12, 1.999809E+01,-4.694925E+00, 7.960787E+00, 6.145379E+01, 6.115942E+01, 2.548309E+00, 1.436473E+01,-4.587391E+00, 6.506461E+00, 8.073396E+01, 3.414565E+01, 9.695308E+00, 5.673380E+00,16, 3.461364E+00,0, 0.000000E+00,0, 0.000000E+00,9, 1.267696E+01, 5.387130E-01, 2.786807E+00,NULL,NULL,1,mc_qqps,53
-21041,2353,20228,32754,94C2, 9.125000E+01,29,13,42,29,13,-7.478181E+00,-1.240166E+01, 1.098990E+01, 5.713496E+01, 5.641135E+01, 1.945219E+00,-6.008420E+00,-1.255005E+01, 7.691605E+00, 8.692198E+01, 4.736808E+01, 1.986781E+01, 4.590917E+00,10, 2.721611E+00,6, 0.000000E+00,0, 0.000000E+00,7, 1.374981E+01, 4.663795E-01, 4.095692E+00,NULL,NULL,1,mc_qqps,53
-21041,2354,20228,32809,94C2, 9.125000E+01,18,9,27,18,9, 1.331511E+00, 1.464568E+00, 1.509842E-01, 6.016613E+01, 5.982711E+01, 3.323729E+00, 1.350475E+00, 1.296401E+00, 5.203426E-02, 7.732981E+01, 5.869189E+01, 8.632056E+00, 4.044992E+00,6, 9.652284E-02,3, 0.000000E+00,0, 0.000000E+00,5, 1.223963E+01, 1.756726E+00, 3.135928E+00,NULL,NULL,1,mc_qqps,53
-21041,2355,20228,32821,94C2, 9.125000E+01,19,16,35,19,16, 1.276659E+01,-4.230507E+00, 5.852873E+00, 4.236853E+01, 4.203650E+01, 2.212447E+00,-9.195761E+00, 1.618749E+00,-5.480573E+00, 7.833393E+01, 3.961871E+01, 1.444419E+01, 2.131918E+01,13, 9.177881E-01,0, 0.000000E+00,0, 0.000000E+00,11, 1.370445E+01, 4.090343E-01, 3.891758E+00,NULL,NULL,1,mc_qqps,53
-21041,2356,20228,32834,94C2, 9.125000E+01,27,25,52,27,25,-3.374940E+00,-2.166767E+01,-2.355736E+01, 6.671328E+01, 6.606061E+01, 2.446689E+00,-2.061523E+00,-1.058244E+01,-7.519357E+00, 9.586263E+01, 5.190225E+01, 2.393008E+01, 5.255443E+00,3, 0.000000E+00,18, 8.465879E+00,0, 0.000000E+00,3, 2.910490E+00, 6.103151E-01, 1.675153E+00,1, 0.000000E+00,1,mc_qqps,53
-21041,2357,20228,32853,94C2, 9.125000E+01,61,18,79,61,18, 7.021323E+00,-9.992508E+00, 3.794061E+00, 6.601984E+01, 6.442538E+01, 1.056154E+00, 5.568003E+00,-6.923605E+00, 6.543932E-01, 9.040280E+01, 5.173414E+01, 2.227769E+01, 3.034429E-01,14, 3.648523E+00,5, 0.000000E+00,0, 0.000000E+00,12, 2.090746E+01, 5.149275E-01, 5.133264E+00,NULL,NULL,1,mc_qqps,53
-21041,2358,20228,32915,94C2, 9.125000E+01,17,6,23,17,6,-2.617180E-02, 2.144345E-01,-1.376415E+00, 7.795225E+01, 7.774151E+01, 4.573030E+00,-3.198779E+00, 4.899879E+00,-6.349739E+00, 9.734997E+01, 7.166982E+01, 1.852496E+01, 8.727646E-01,8, 7.581102E+00,0, 0.000000E+00,0, 0.000000E+00,3, 1.168288E+01, 9.321010E-01, 5.568900E+00,1, 0.000000E+00,1,mc_qqps,53
-21041,2359,20228,32934,94C2, 9.125000E+01,48,9,57,48,9,-3.857601E-01,-6.618815E+00,-2.673673E+00, 6.870759E+01, 6.777944E+01, 1.412072E+00,-2.436730E-02,-8.393180E+00,-4.846928E+00, 7.709000E+01, 5.984107E+01, 4.756666E+00, 3.283216E-01,4, 0.000000E+00,13, 0.000000E+00,0, 0.000000E+00,1, 3.297417E+00, 3.297417E+00, 3.297417E+00,NULL,NULL,1,mc_qqps,53
-21041,2360,20228,32950,94C2, 9.125000E+01,37,6,43,37,6, 5.807028E+00, 1.882703E+01,-1.248535E+01, 6.313734E+01, 6.191401E+01, 1.673352E+00,-6.323624E-02, 8.373814E-01,-2.691250E-01, 9.153069E+01, 5.497403E+01, 2.839334E+01, 0.000000E+00,8, 0.000000E+00,0, 0.000000E+00,0, 0.000000E+00,6, 2.839334E+01, 1.138620E+00, 1.676316E+01,NULL,NULL,1,mc_qqps,53
-21041,2361,20228,33004,94C2, 9.125000E+01,35,18,53,35,18,-2.951292E+01,-1.515822E+01,-8.634828E+00, 8.223073E+01, 8.159916E+01, 2.331404E+00,-2.287374E+01,-1.078086E+01,-1.011745E+01, 1.113439E+02, 2.850927E+01, 2.784035E+01, 7.762730E-01,18, 3.139252E+00,1, 0.000000E+00,0, 0.000000E+00,13, 2.566237E+01, 4.458584E-01, 9.264479E+00,NULL,NULL,1,mc_qqps,53
-21041,2362,20228,33020,94C2, 9.125000E+01,26,9,35,26,9, 4.028296E+00, 4.995870E+00, 1.901660E+01, 7.743224E+01, 7.708939E+01, 2.964977E+00, 2.377777E+00, 3.930798E+00, 1.063166E+01, 8.718581E+01, 7.259497E+01, 5.231635E+00, 3.106360E+00,7, 2.065709E-01,2, 0.000000E+00,0, 0.000000E+00,3, 3.020890E+00, 5.747262E-01, 1.415558E+00,2, 0.000000E+00,1,mc_qqps,53
-21041,2363,20228,33038,94C2, 9.125000E+01,25,7,32,25,7,-1.441206E+01, 3.182657E+01, 8.997958E+01, 1.279099E+02, 1.275064E+02, 5.100255E+00,-1.285531E+01, 2.722316E+01, 8.063712E+01, 1.571344E+02, 2.389048E+01, 6.756357E+00, 2.246920E+01,0, 0.000000E+00,9, 3.901179E+00,0, 0.000000E+00,NULL,NULL,NULL,NULL,NULL,NULL,1,mc_qqps,53
-21041,2364,20228,33049,94C2, 9.125000E+01,28,10,38,28,10,-1.222805E+00, 5.620516E+00,-6.461528E-01, 8.798012E+01, 8.767470E+01, 3.131239E+00,-2.131568E+00, 9.055593E+00,-1.099018E+00, 1.030174E+02, 7.710813E+01, 8.979277E+00, 6.084207E+00,14, 2.842313E+00,0, 0.000000E+00,0, 0.000000E+00,8, 8.979277E+00, 5.322084E-01, 1.876263E+00,NULL,NULL,1,mc_qqps,53
-21041,2365,20228,33104,94C2, 9.125000E+01,18,7,25,18,7, 1.695999E+01, 6.332109E+00, 6.672621E+00, 7.226173E+01, 7.190553E+01, 3.994752E+00, 4.445226E-01,-3.191777E-01, 2.121519E-01, 9.391994E+01, 7.066932E+01, 1.910829E+01, 0.000000E+00,12, 1.180847E+01,0, 0.000000E+00,0, 0.000000E+00,7, 2.165821E+01, 3.834190E-01, 1.077239E+01,NULL,NULL,1,mc_qqps,53
-21041,2366,20228,33116,94C2, 9.125000E+01,33,18,51,33,18,-1.601451E+01,-7.428340E+00,-4.762505E+00, 6.558477E+01, 6.483273E+01, 1.964628E+00,-2.247847E+01,-1.037997E+01,-1.040465E+01, 1.117967E+02, 5.280511E+01, 1.279156E+01, 2.560257E+01,16, 3.198513E-01,2, 0.000000E+00,0, 0.000000E+00,10, 1.463496E+01, 2.938881E-01, 3.836473E+00,NULL,NULL,1,mc_qqps,53
-21041,2367,20228,33130,94C2, 9.125000E+01,18,11,29,18,11,-8.644003E+00, 1.747233E-02,-3.041769E+00, 5.139655E+01, 5.116002E+01, 2.842223E+00,-1.301885E+01, 2.819262E+00,-4.070020E+00, 7.202560E+01, 5.036898E+01, 1.338409E+01, 6.563766E+00,15, 3.816901E+00,0, 0.000000E+00,0, 0.000000E+00,8, 1.406528E+01, 2.592825E-01, 5.364676E+00,NULL,NULL,1,mc_qqps,53
-21041,2368,20228,33140,94C2, 9.125000E+01,27,14,41,27,14, 2.842354E+01,-5.221946E-01,-1.000202E+02, 1.406807E+02, 1.402114E+02, 5.193015E+00, 2.623485E+01,-2.168796E+00,-1.077264E+02, 1.557911E+02, 1.690500E+01, 1.297987E+01, 9.296402E-01,6, 3.195156E+00,14, 1.595075E+00,0, 0.000000E+00,5, 5.404143E+00, 8.162629E-01, 1.337698E+00,1, 0.000000E+00,1,mc_qqps,53
-21041,2369,20228,33154,94C2, 9.125000E+01,30,14,44,30,14, 9.056157E+00, 1.039908E+01, 3.385359E+00, 6.598887E+01, 6.534998E+01, 2.178333E+00, 3.946506E+00,-9.962415E-01,-4.561479E+00, 9.024801E+01, 6.208410E+01, 2.045897E+01, 3.603905E+00,14, 1.058416E+00,0, 0.000000E+00,0, 0.000000E+00,10, 1.871719E+01, 4.073130E-01, 3.797454E+00,NULL,NULL,1,mc_qqps,53
-21041,2370,20228,33209,94C2, 9.125000E+01,13,11,24,13,11,-1.486875E-01,-5.964469E+00, 5.321095E+00, 7.028773E+01, 7.018387E+01, 5.398759E+00,-1.184825E+00, 2.073768E+00,-6.153860E-01, 8.613909E+01, 4.082205E+01, 1.316331E+01, 0.000000E+00,14, 1.257946E+00,0, 0.000000E+00,0, 0.000000E+00,11, 1.585137E+01, 3.700595E-01, 5.053525E+00,NULL,NULL,1,mc_qqps,53
-21041,2371,20228,33221,94C2, 9.125000E+01,36,17,53,36,17,-6.246619E-01, 3.104425E+00, 1.597072E+00, 6.015869E+01, 5.957264E+01, 1.654795E+00, 1.040354E+01,-1.373553E+01, 8.629664E+00, 1.057953E+02, 4.944500E+01, 3.548965E+01, 9.758831E+00,17, 1.083997E+01,2, 0.000000E+00,0, 0.000000E+00,10, 1.917249E+01, 3.881773E-01, 3.946001E+00,NULL,NULL,1,mc_qqps,53
-21041,2372,20228,33235,94C2, 9.125000E+01,39,14,53,39,14,-3.770007E+00,-1.025183E+00, 3.910254E-01, 6.445669E+01, 6.373629E+01, 1.634264E+00,-4.325423E+00,-4.009553E-01, 4.115639E+00, 9.906155E+01, 5.986733E+01, 2.425548E+01, 1.034938E+01,16, 2.141764E-01,0, 0.000000E+00,0, 0.000000E+00,12, 2.368544E+01, 4.915754E-01, 1.061705E+01,NULL,NULL,1,mc_qqps,53
-21041,2373,20228,33254,94C2, 9.125000E+01,24,8,32,24,8, 5.705431E+00, 7.520918E+00, 8.238391E+00, 9.551423E+01, 9.504641E+01, 3.960267E+00, 6.318991E+00, 1.138909E+01, 2.466120E+00, 1.288031E+02, 6.016811E+01, 7.817622E+00, 2.547125E+01,2, 0.000000E+00,8, 1.509314E+00,0, 0.000000E+00,1, 4.495032E+00, 4.495032E+00, 4.495032E+00,NULL,NULL,1,mc_qqps,53
-21041,2374,20228,33314,94C2, 9.125000E+01,34,9,43,34,9,-1.367930E+00, 1.389275E+01,-1.098941E+01, 7.730245E+01, 7.657742E+01, 2.252277E+00,-7.893891E-01, 2.049321E+00,-3.290257E+00, 9.230274E+01, 6.512172E+01, 7.490237E+00, 6.505940E+00,10, 3.322319E+00,1, 0.000000E+00,0, 0.000000E+00,5, 8.292132E+00, 8.675190E-01, 4.258732E+00,NULL,NULL,1,mc_qqps,53
-21041,2375,20228,33331,94C2, 9.125000E+01,21,11,32,21,11,-2.046283E+01,-6.571987E+00,-1.512152E+01, 4.088093E+01, 4.043128E+01, 1.925299E+00, 5.763783E+00, 3.216885E+00, 9.171461E+00, 8.924950E+01, 3.896885E+01, 4.514049E+01, 3.228077E+00,13, 9.133859E+00,0, 0.000000E+00,0, 0.000000E+00,8, 4.488610E+01, 1.258869E+00, 2.215885E+01,NULL,NULL,1,mc_qqps,53
-21041,2376,20228,33341,94C2, 9.125000E+01,32,17,49,32,17,-2.838070E+00, 4.765787E-01, 1.267303E+00, 5.433675E+01, 5.373766E+01, 1.679302E+00,-8.723757E+00, 4.082080E+00, 1.835107E+00, 7.788925E+01, 4.965133E+01, 1.388537E+01, 4.490559E+00,17, 7.355160E-01,3, 0.000000E+00,0, 0.000000E+00,10, 1.603643E+01, 7.188170E-01, 3.714300E+00,NULL,NULL,1,mc_qqps,53
-21041,2377,20228,33358,94C2, 9.125000E+01,37,10,47,37,10, 1.452620E+00,-7.477897E-01,-4.733596E-01, 7.638019E+01, 7.558119E+01, 2.042735E+00, 7.529367E+00, 3.436828E+00,-3.705245E+00, 8.643278E+01, 5.868100E+01, 9.459230E+00, 0.000000E+00,17, 3.483234E+00,0, 0.000000E+00,0, 0.000000E+00,9, 9.282917E+00, 3.709526E-01, 2.571830E+00,NULL,NULL,1,mc_qqps,53
-21041,2378,20228,33413,94C2, 9.125000E+01,37,16,53,37,16,-4.716038E-01,-3.343549E+00, 8.188085E+00, 5.903379E+01, 5.841319E+01, 1.578735E+00,-3.002713E+00, 3.669284E+00, 1.399104E+00, 7.636430E+01, 5.630079E+01, 1.647466E+01, 8.558635E-01,12, 3.397246E+00,4, 0.000000E+00,0, 0.000000E+00,8, 1.083191E+01, 7.761854E-01, 3.138732E+00,2, 0.000000E+00,1,mc_qqps,53
-21041,2379,20228,33433,94C2, 9.125000E+01,25,13,38,25,13,-1.465615E+00, 8.833842E-01,-4.931161E-01, 6.748492E+01, 6.710514E+01, 2.684206E+00,-5.814105E+00, 2.602403E+00, 2.016850E+00, 9.945229E+01, 5.425215E+01, 3.196737E+01, 0.000000E+00,13, 9.584317E+00,1, 0.000000E+00,0, 0.000000E+00,10, 2.818332E+01, 7.794248E-01, 8.401869E+00,NULL,NULL,1,mc_qqps,53
-21041,2380,20228,33445,94C2, 9.125000E+01,21,14,35,21,14, 1.977948E+00,-9.315065E-02,-2.850741E+00, 5.029325E+01, 5.007877E+01, 2.384703E+00,-1.654373E+00, 1.741880E+00, 2.425024E+00, 8.267426E+01, 4.688304E+01, 3.184141E+01, 5.395756E-01,7, 7.743371E-01,6, 0.000000E+00,0, 0.000000E+00,6, 1.269069E+01, 6.572838E-01, 4.250750E+00,1, 0.000000E+00,1,mc_qqps,53
-21041,2381,20228,33459,94C2, 9.125000E+01,50,18,68,50,18,-1.688166E+00,-8.800962E+00, 7.176855E-01, 6.239397E+01, 6.129688E+01, 1.225938E+00, 3.097229E-01, 1.769085E+00,-4.655394E+00, 9.692624E+01, 5.024728E+01, 1.592365E+01, 1.008929E+01,19, 1.310768E+00,1, 0.000000E+00,0, 0.000000E+00,9, 1.974629E+01, 5.517667E-01, 4.322284E+00,NULL,NULL,1,mc_qqps,53
-21041,2382,20228,33518,94C2, 9.125000E+01,33,10,43,33,10,-1.037660E+00, 1.010693E+01, 2.750783E+01, 7.916183E+01, 7.827202E+01, 2.371879E+00,-1.781365E+00,-4.376351E+00, 2.559959E+01, 9.643545E+01, 4.904029E+01, 1.354881E+01, 4.169309E-01,13, 1.302868E+00,3, 0.000000E+00,0, 0.000000E+00,6, 1.375315E+01, 4.618300E-01, 4.265990E+00,NULL,NULL,1,mc_qqps,53
-21041,2383,20228,33534,94C2, 9.125000E+01,33,17,50,33,17,-1.335586E+00,-1.071329E+00,-7.570760E-01, 7.827043E+01, 7.753933E+01, 2.349677E+00,-2.754270E+00,-2.226573E+00,-2.821584E+00, 9.028243E+01, 5.972250E+01, 1.072010E+01, 4.847687E-01,1, 0.000000E+00,18, 4.054187E+00,0, 0.000000E+00,1, 8.071268E-01, 8.071268E-01, 8.071268E-01,2, 0.000000E+00,1,mc_qqps,53
-21041,2384,20228,33550,94C2, 9.125000E+01,51,21,72,51,21, 9.800776E+00,-9.879948E-01,-2.348097E-01, 5.990125E+01, 5.851291E+01, 1.147312E+00, 2.231724E-01,-7.632950E-02, 1.323556E+00, 8.786348E+01, 4.891518E+01, 2.432327E+01, 4.093861E-01,23, 8.230484E+00,0, 0.000000E+00,0, 0.000000E+00,16, 2.527084E+01, 3.961551E-01, 3.677100E+00,NULL,NULL,1,mc_qqps,53
-21041,2385,20228,33608,94C2, 9.125000E+01,31,21,52,31,21,-3.792590E+00, 4.604532E+00,-4.310610E+00, 4.486446E+01, 4.436810E+01, 1.431229E+00,-3.581369E+00, 1.633676E+01,-2.120909E+00, 9.395164E+01, 3.600419E+01, 4.169064E+01, 2.932242E+00,22, 8.600870E-01,2, 0.000000E+00,0, 0.000000E+00,15, 2.911570E+01, 4.588441E-01, 8.390777E+00,NULL,NULL,1,mc_qqps,53
-21041,2386,20228,33626,94C2, 9.125000E+01,48,19,67,48,19, 5.986753E-01, 1.322115E+00,-1.195700E+01, 7.574087E+01, 7.481396E+01, 1.558624E+00,-1.195119E+00, 5.610064E+00,-1.726814E+01, 1.131522E+02, 4.044220E+01, 1.270474E+01, 1.918999E+01,6, 1.730407E+00,11, 3.019080E+00,0, 0.000000E+00,4, 6.499315E+00, 5.799550E-01, 3.992070E+00,1, 0.000000E+00,1,mc_qqps,53
-21041,2387,20228,33644,94C2, 9.125000E+01,21,13,34,21,13, 6.813045E+00,-2.221349E+01,-2.370774E+01, 4.750454E+01, 4.722123E+01, 2.248630E+00, 3.205957E+00,-1.117928E+01,-1.262093E+01, 7.149734E+01, 4.112678E+01, 1.750931E+01, 1.488328E+00,11, 6.252090E-01,0, 0.000000E+00,0, 0.000000E+00,9, 1.938299E+01, 5.647047E-01, 7.106254E+00,NULL,NULL,1,mc_qqps,53
-21041,2388,20228,33703,94C2, 9.125000E+01,35,7,42,35,7, 1.789976E+00, 5.583957E+00,-6.395907E-01, 7.884966E+01, 7.778943E+01, 2.222555E+00,-5.384799E-01, 5.516293E+00,-2.645921E+00, 9.974518E+01, 5.208266E+01, 1.950959E+01, 0.000000E+00,10, 1.176189E-01,1, 0.000000E+00,0, 0.000000E+00,6, 1.241012E+01, 6.546718E-01, 6.329884E+00,NULL,NULL,1,mc_qqps,53
-21041,2389,20228,33719,94C2, 9.125000E+01,29,14,43,29,14, 2.035479E+00,-1.429066E+00, 2.390577E+00, 7.742060E+01, 7.701258E+01, 2.655606E+00,-2.975200E+00, 4.662934E+00,-8.190565E+00, 1.212073E+02, 7.526418E+01, 4.364082E+01, 1.458277E-01,1, 0.000000E+00,13, 0.000000E+00,0, 0.000000E+00,1, 1.073369E+00, 1.073369E+00, 1.073369E+00,NULL,NULL,1,mc_qqps,53
-21041,2390,20228,33735,94C2, 9.125000E+01,33,8,41,33,8, 2.556712E+00, 5.883909E+00,-3.889591E+00, 6.726513E+01, 6.670837E+01, 2.021466E+00, 1.874546E+00, 5.551398E+00,-5.910158E+00, 9.619009E+01, 4.804937E+01, 2.249700E+01, 9.180795E-01,11, 6.103827E+00,1, 0.000000E+00,0, 0.000000E+00,5, 2.668100E+01, 4.688722E-01, 1.244946E+01,NULL,NULL,1,mc_qqps,53
-21041,2391,20228,33748,94C2, 9.125000E+01,25,13,38,25,13,-1.400098E+00,-1.166937E+00,-2.352099E+00, 5.374131E+01, 5.328432E+01, 2.131373E+00, 7.306164E+00,-6.563495E+00,-5.262815E+00, 9.091064E+01, 3.765833E+01, 2.323621E+01, 1.398063E+01,13, 6.617838E+00,1, 0.000000E+00,0, 0.000000E+00,7, 2.277776E+01, 5.297957E-01, 1.401082E+01,NULL,NULL,1,mc_qqps,53
-21041,2392,20228,33801,94C2, 9.125000E+01,28,10,38,28,10, 4.636832E-01,-2.104739E+00, 2.870771E-01, 6.161131E+01, 6.103625E+01, 2.179866E+00, 1.169404E-02,-2.682400E-01, 2.608220E+00, 9.291312E+01, 5.662700E+01, 3.088029E+01, 0.000000E+00,14, 2.648541E+00,0, 0.000000E+00,0, 0.000000E+00,10, 3.130181E+01, 4.215148E-01, 1.037819E+01,NULL,NULL,1,mc_qqps,53
-21041,2393,20228,33815,94C2, 9.125000E+01,34,12,46,34,12, 1.806858E+00, 7.533419E-02, 1.494405E-01, 5.997158E+01, 5.950240E+01, 1.750070E+00,-1.301661E+01,-5.803736E+00,-9.364838E+00, 8.004183E+01, 5.656791E+01, 1.632629E+01, 1.578282E+00,17, 4.252492E+00,0, 0.000000E+00,0, 0.000000E+00,7, 1.729968E+01, 6.975234E-01, 6.619972E+00,NULL,NULL,1,mc_qqps,53
-21041,2394,20228,33829,94C2, 9.125000E+01,21,19,40,21,19, 6.320207E+00, 7.620094E-01,-3.915955E+00, 5.176196E+01, 5.152219E+01, 2.453437E+00, 2.943034E+00, 8.592780E-01,-7.581892E-01, 8.728770E+01, 5.130679E+01, 3.214488E+01, 2.610645E+00,19, 3.007208E+00,1, 0.000000E+00,0, 0.000000E+00,14, 2.837398E+01, 4.861771E-01, 4.655042E+00,NULL,NULL,1,mc_qqps,53
-21041,2395,20228,33843,94C2, 9.125000E+01,23,14,37,23,14, 3.135462E-01,-6.797053E-01,-5.420237E-01, 5.423470E+01, 5.395542E+01, 2.345888E+00, 2.889509E+00,-3.569210E-01,-3.828895E+00, 6.514861E+01, 5.409312E+01, 8.938915E+00, 1.449136E+00,3, 0.000000E+00,10, 7.624671E-01,0, 0.000000E+00,3, 2.070219E+00, 5.258590E-01, 1.010739E+00,1, 0.000000E+00,1,mc_qqps,53
-21041,2396,20228,33859,94C2, 9.125000E+01,21,14,35,21,14, 4.442677E+00, 5.960364E+00, 2.342534E+00, 6.739444E+01, 6.711642E+01, 3.196020E+00,-2.134371E+00, 2.673160E+00, 1.766085E+00, 8.562961E+01, 6.430965E+01, 1.636384E+01, 1.871325E+00,12, 6.274733E-01,2, 0.000000E+00,0, 0.000000E+00,8, 1.007618E+01, 3.630252E-01, 3.039325E+00,NULL,NULL,1,mc_qqps,53
-21041,2397,20228,33914,94C2, 9.125000E+01,44,28,72,44,28, 2.194906E+00, 2.108104E-02,-2.115898E+00, 6.212314E+01, 6.130230E+01, 1.393234E+00, 2.741848E+00,-3.037300E+00,-2.002004E+00, 1.144169E+02, 5.244939E+01, 2.852213E+01, 1.814519E+01,24, 1.417205E+00,0, 0.000000E+00,0, 0.000000E+00,17, 2.836795E+01, 4.845078E-01, 4.261784E+00,NULL,NULL,1,mc_qqps,53
-21041,2398,20228,33934,94C2, 9.125000E+01,28,15,43,28,15, 3.012119E+00, 8.121552E+00,-4.021811E+00, 6.058048E+01, 6.014366E+01, 2.147988E+00,-4.172714E-01, 4.465331E+00,-7.629544E-01, 8.205338E+01, 5.598925E+01, 1.048464E+01, 7.009354E+00,12, 0.000000E+00,1, 0.000000E+00,0, 0.000000E+00,8, 1.330870E+01, 6.364406E-01, 3.161927E+00,NULL,NULL,1,mc_qqps,53
-21041,2399,20228,33945,94C2, 9.125000E+01,23,13,36,23,13, 1.164573E+01, 2.498777E+01,-5.187748E+01, 1.318176E+02, 1.312245E+02, 5.705414E+00, 1.051123E+01, 2.418760E+01,-4.563657E+01, 1.451271E+02, 1.024093E+02, 7.138078E+00, 5.186985E+00,4, 0.000000E+00,9, 1.440724E+01,0, 0.000000E+00,3, 2.469165E+00, 6.949710E-01, 9.844655E-01,NULL,NULL,1,mc_qqps,53
-21041,2400,20228,34001,94C2, 9.125000E+01,24,17,41,24,17,-9.973806E+00, 5.786251E+00,-8.149212E+00, 3.379273E+01, 3.318384E+01, 1.382660E+00,-1.721212E+01, 1.070862E+01,-1.091156E+01, 7.340539E+01, 2.404743E+01, 2.331532E+01, 1.317338E+01,15, 5.946810E-01,1, 0.000000E+00,0, 0.000000E+00,14, 2.481353E+01, 4.452826E-01, 5.406095E+00,NULL,NULL,1,mc_qqps,53
-21041,2401,20228,34015,94C2, 9.125000E+01,42,10,52,42,10,-1.757400E+00, 6.008927E+00,-6.795823E+00, 8.157284E+01, 8.050423E+01, 1.916767E+00, 7.668536E-01, 2.821951E+00, 1.694819E+00, 1.007437E+02, 6.435925E+01, 1.789054E+01, 1.280366E+00,3, 3.381997E-02,6, 0.000000E+00,0, 0.000000E+00,NULL,NULL,NULL,NULL,1, 0.000000E+00,1,mc_qqps,53
-21041,2402,20228,34036,94C2, 9.125000E+01,25,20,45,25,20, 8.802046E+00,-3.773261E+00, 1.093973E-01, 4.720809E+01, 4.675149E+01, 1.870060E+00, 1.670432E+01,-9.216865E+00,-3.354540E+00, 7.559093E+01, 4.456941E+01, 1.721347E+01, 2.294849E+00,18, 1.411548E+00,0, 0.000000E+00,0, 0.000000E+00,15, 2.170703E+01, 3.801215E-01, 5.957147E+00,NULL,NULL,1,mc_qqps,53
-21041,2403,20228,34047,94C2, 9.125000E+01,38,13,51,38,13, 3.111105E-01,-2.042120E+00, 1.772072E-01, 8.606276E+01, 8.481520E+01, 2.231979E+00, 1.222873E+01,-4.234523E+00, 3.868681E-01, 1.315916E+02, 8.192147E+01, 6.682237E+00, 3.413282E+01,15, 2.523273E+00,0, 0.000000E+00,0, 0.000000E+00,9, 1.084778E+01, 4.590844E-01, 3.422383E+00,NULL,NULL,1,mc_qqps,53
-21041,2404,20228,34101,94C2, 9.125000E+01,24,22,46,24,22,-7.684769E+00, 4.208670E+00,-2.481018E+00, 3.853486E+01, 3.796398E+01, 1.581832E+00,-1.909318E+00, 3.697018E+00,-7.326978E-02, 9.705839E+01, 3.650575E+01, 5.137033E+01, 5.928753E+00,22, 2.086599E+00,0, 0.000000E+00,0, 0.000000E+00,16, 4.989400E+01, 3.317862E-01, 1.650952E+01,NULL,NULL,1,mc_qqps,53
-21041,2405,20228,34116,94C2, 9.125000E+01,28,16,44,28,16,-4.634192E+00, 4.539255E+00,-6.268937E+00, 5.698843E+01, 5.612238E+01, 2.004371E+00, 3.186807E-01, 2.622637E+00,-1.146728E+00, 9.127367E+01, 4.384660E+01, 1.902078E+01, 6.571627E+00,16, 2.955686E+00,0, 0.000000E+00,0, 0.000000E+00,13, 2.771361E+01, 5.950279E-01, 1.013404E+01,NULL,NULL,1,mc_qqps,53
-21041,2406,20228,34129,94C2, 9.125000E+01,34,18,52,34,18,-1.281146E+00,-3.613078E+00, 5.498283E+00, 5.621041E+01, 5.561805E+01, 1.635825E+00, 1.369379E-01,-2.453273E+00, 3.929171E+00, 6.705193E+01, 3.742314E+01, 1.035689E+01, 4.846402E-01,0, 0.000000E+00,19, 7.736233E+00,0, 0.000000E+00,NULL,NULL,NULL,NULL,2, 0.000000E+00,1,mc_qqps,53
-21041,2407,20228,34145,94C2, 9.125000E+01,27,15,42,27,15,-6.610775E-01, 1.932327E+00,-2.157895E+00, 5.608997E+01, 5.525162E+01, 2.046356E+00,-5.141553E+00, 9.351135E+00,-1.011164E+01, 8.321498E+01, 5.262986E+01, 2.308013E+01, 1.330000E-01,16, 1.528845E+01,0, 0.000000E+00,0, 0.000000E+00,12, 1.337391E+01, 4.111380E-01, 2.255690E+00,NULL,NULL,1,mc_qqps,53
-21041,2408,20228,34159,94C2, 9.125000E+01,63,17,80,63,17,-2.333453E+01,-1.507725E+01,-4.426321E+01, 8.564234E+01, 8.362376E+01, 1.327361E+00,-2.086759E+01,-1.031716E+01,-3.665810E+01, 1.014279E+02, 1.933614E+01, 1.026409E+01, 4.511400E-01,7, 0.000000E+00,11, 0.000000E+00,0, 0.000000E+00,5, 7.257791E+00, 4.484103E-01, 4.577858E+00,2, 0.000000E+00,1,mc_qqps,53
-21041,2409,20228,34227,94C2, 9.125000E+01,29,14,43,29,14, 9.142437E+00,-4.746819E+00,-2.130946E+00, 6.037037E+01, 6.006568E+01, 2.071230E+00, 1.072868E+00, 1.167747E+00,-1.607601E+00, 8.185444E+01, 5.935032E+01, 1.114178E+01, 2.645308E+00,17, 7.409040E-01,0, 0.000000E+00,0, 0.000000E+00,11, 1.890000E+01, 4.493943E-01, 7.064503E+00,NULL,NULL,1,mc_qqps,53
-21041,2410,20228,34243,94C2, 9.125000E+01,14,10,24,14,10,-5.557986E-01,-1.847315E+00,-9.729541E-01, 6.390213E+01, 6.369328E+01, 4.549520E+00,-1.105735E+01,-1.805493E+01,-1.311500E+01, 9.526482E+01, 6.325271E+01, 2.591951E+01, 3.987725E+00,12, 5.001617E-01,0, 0.000000E+00,0, 0.000000E+00,7, 2.396875E+01, 5.890914E-01, 1.241665E+01,NULL,NULL,1,mc_qqps,53
-21041,2411,20228,34253,94C2, 9.125000E+01,25,11,36,25,11,-7.264240E+00, 2.141733E+00,-6.480390E+00, 6.016520E+01, 5.979784E+01, 2.391913E+00,-5.664574E+00, 2.661052E+00,-5.115217E+00, 8.364022E+01, 4.641644E+01, 1.596441E+01, 0.000000E+00,19, 9.150618E+00,0, 0.000000E+00,0, 0.000000E+00,11, 2.347502E+01, 5.206778E-01, 6.148005E+00,NULL,NULL,1,mc_qqps,53
-21041,2412,20228,34307,94C2, 9.125000E+01,24,6,30,24,6, 3.863087E+00, 8.086377E-01,-1.027176E+00, 6.563671E+01, 6.510727E+01, 2.712803E+00,-1.573087E+00, 1.680765E+00,-1.843426E+00, 7.217514E+01, 6.041117E+01, 6.116086E+00, 0.000000E+00,11, 6.767546E+00,0, 0.000000E+00,0, 0.000000E+00,6, 6.538427E+00, 3.499342E-01, 3.695657E+00,NULL,NULL,1,mc_qqps,53
-21041,2413,20228,34322,94C2, 9.125000E+01,31,15,46,31,15,-1.086255E+01,-7.273962E-01, 6.477810E+00, 6.604015E+01, 6.557903E+01, 2.115453E+00,-1.236767E+01,-4.554457E-01, 9.975389E+00, 9.422608E+01, 6.247391E+01, 1.880899E+01, 2.742556E+00,18, 7.790110E+00,1, 4.534350E-01,0, 0.000000E+00,11, 1.889066E+01, 6.940234E-01, 4.391145E+00,NULL,NULL,1,mc_qqps,53
-21041,2414,20228,34338,94C2, 9.125000E+01,21,13,34,21,13,-4.353994E+00,-3.530651E+00, 9.148508E-03, 3.968849E+01, 3.918937E+01, 1.866160E+00,-6.005122E+00,-8.254403E+00,-1.005423E+00, 8.509830E+01, 3.697017E+01, 3.332978E+01, 1.134027E+01,12, 4.369659E-01,0, 0.000000E+00,0, 0.000000E+00,7, 1.657067E+01, 6.254958E-01, 1.006862E+01,NULL,NULL,1,mc_qqps,53
-21041,2415,20228,34353,94C2, 9.125000E+01,28,19,47,28,19, 4.766140E+00,-2.174398E+01, 1.826642E+01, 5.306293E+01, 5.243340E+01, 1.872621E+00, 2.417220E+00,-9.493000E+00, 7.697141E+00, 1.073593E+02, 4.826016E+01, 4.987900E+01, 1.925240E+00,18, 1.803928E-01,1, 0.000000E+00,0, 0.000000E+00,13, 3.653616E+01, 4.748015E-01, 1.201200E+01,NULL,NULL,1,mc_qqps,53
-21041,2416,20228,34409,94C2, 9.125000E+01,27,15,42,27,15,-5.938951E+00,-3.702413E+00,-7.614397E+00, 4.214613E+01, 4.162340E+01, 1.541607E+00,-8.785038E-01,-2.900245E+00,-2.195866E+00, 6.771627E+01, 3.818714E+01, 1.883109E+01, 6.768822E+00,10, 3.084374E+00,4, 0.000000E+00,0, 0.000000E+00,6, 1.218797E+01, 3.341323E-01, 4.412685E+00,NULL,NULL,1,mc_qqps,53
-21041,2417,20228,34424,94C2, 9.125000E+01,30,17,47,30,17,-7.243647E-01,-1.138843E+01, 1.530182E+01, 4.096127E+01, 3.999020E+01, 1.333007E+00,-3.603893E-01,-7.490275E+00, 5.915411E+00, 8.581512E+01, 3.684373E+01, 1.227059E+01, 3.109919E+01,10, 2.074648E+00,2, 0.000000E+00,0, 0.000000E+00,7, 1.115288E+01, 4.738724E-01, 3.562239E+00,NULL,NULL,1,mc_qqps,53
-21041,2418,20228,34442,94C2, 9.125000E+01,8,18,26,8,18, 1.217970E+00,-8.559709E-01, 7.491027E+00, 1.264678E+01, 1.251065E+01, 1.563832E+00, 2.644658E+00, 2.904016E+00,-3.406238E+00, 4.901571E+01, 3.524782E+00, 2.328890E+01, 1.308002E+01,3, 8.993273E-01,9, 5.214942E+00,0, 0.000000E+00,2, 4.739513E+00, 1.838737E+00, 2.900776E+00,5, 0.000000E+00,0,mc_qqps,53
-21041,2419,20228,34502,94C2, 9.125000E+01,29,17,46,29,17,-8.585149E-01,-3.194221E+00,-2.183550E+00, 3.902577E+01, 3.842089E+01, 1.324858E+00,-4.316305E+00,-7.407503E+00,-8.990746E+00, 6.532909E+01, 2.858263E+01, 1.524521E+01, 7.388599E+00,14, 2.806545E+00,1, 0.000000E+00,0, 0.000000E+00,12, 1.841758E+01, 4.596468E-01, 4.567834E+00,NULL,NULL,1,mc_qqps,53
-21041,2420,20228,34518,94C2, 9.125000E+01,33,10,43,33,10,-1.179271E+00,-3.408151E+00, 6.489528E-01, 6.427317E+01, 6.353487E+01, 1.925299E+00, 2.963034E+00, 5.907016E+00,-1.975814E+00, 8.303703E+01, 6.026814E+01, 1.500516E+01, 1.215272E+00,15, 4.977593E+00,0, 0.000000E+00,0, 0.000000E+00,9, 1.754859E+01, 5.341828E-01, 4.148733E+00,NULL,NULL,1,mc_qqps,53
-21041,2421,20228,34532,94C2, 9.125000E+01,49,29,78,49,29,-4.105803E+00, 5.467241E+00,-1.803843E+00, 5.284241E+01, 5.189058E+01, 1.058991E+00,-3.453505E+00, 1.614921E+00, 1.508729E+00, 9.735717E+01, 4.748625E+01, 3.467626E+01, 2.942712E+00,30, 3.749821E-01,0, 0.000000E+00,0, 0.000000E+00,23, 3.608039E+01, 4.654826E-01, 5.702562E+00,NULL,NULL,1,mc_qqps,53
-21041,2422,20228,34552,94C2, 9.125000E+01,24,14,38,24,14,-2.657409E+00,-7.610371E+00, 5.170781E+00, 7.105566E+01, 7.069798E+01, 2.945749E+00,-1.291413E+00,-8.290479E+00, 1.445172E-01, 9.455455E+01, 6.927137E+01, 1.552309E+01, 6.976625E+00,7, 1.219288E+00,5, 0.000000E+00,0, 0.000000E+00,4, 1.119620E+01, 1.133128E+00, 6.162512E+00,NULL,NULL,1,mc_qqps,53
-21041,2423,20228,34607,94C2, 9.125000E+01,19,7,26,19,7, 8.901117E+00, 3.922297E+00,-2.936674E+01, 5.544146E+01, 5.491273E+01, 2.890144E+00, 6.505085E+00, 1.890963E+00,-1.830391E+01, 6.866862E+01, 3.944217E+01, 7.726406E+00, 5.500746E+00,0, 0.000000E+00,8, 3.367986E+00,0, 0.000000E+00,NULL,NULL,NULL,NULL,1, 0.000000E+00,0,mc_qqps,53
-21041,2424,20228,34620,94C2, 9.125000E+01,40,19,59,40,19, 1.205555E+01, 5.798593E+00,-1.844286E+01, 5.283657E+01, 5.190592E+01, 1.297648E+00, 4.708190E+00, 1.472986E+00,-2.591399E+00, 8.085598E+01, 3.633243E+01, 2.208130E+01, 5.386230E+00,3, 4.031886E-01,17, 4.061550E+00,0, 0.000000E+00,2, 1.861400E+00, 5.518613E-01, 1.309539E+00,NULL,NULL,1,mc_qqps,53
-21041,2425,20228,34642,94C2, 9.125000E+01,32,8,40,32,8,-4.318981E+00,-1.268898E+01, 1.217459E+00, 6.627308E+01, 6.567849E+01, 2.052453E+00,-6.644660E+00,-2.344068E+01, 1.002589E+00, 7.987661E+01, 5.931205E+01, 5.446242E+00, 8.245630E+00,11, 6.973494E-01,0, 0.000000E+00,0, 0.000000E+00,5, 5.446242E+00, 7.180863E-01, 1.728041E+00,NULL,NULL,1,mc_qqps,53
-21041,2426,20228,34658,94C2, 9.125000E+01,36,11,47,36,11, 1.215717E+00, 7.305308E+00, 2.859305E+00, 5.638494E+01, 5.575341E+01, 1.548706E+00, 1.176642E+00, 7.343196E-01,-3.958911E+00, 9.217378E+01, 4.790442E+01, 1.975216E+01, 1.603667E+01,11, 5.728899E+00,3, 0.000000E+00,0, 0.000000E+00,5, 1.844801E+01, 7.430196E-01, 1.357558E+01,NULL,NULL,1,mc_qqps,53
-21041,2427,20228,34714,94C2, 9.125000E+01,28,12,40,28,12,-8.916971E+00,-1.585494E+00, 1.823421E+01, 7.149157E+01, 7.108259E+01, 2.538664E+00,-1.313026E+01,-2.810565E+00, 2.686833E+01, 8.935147E+01, 6.934404E+01, 1.602978E+01, 9.801243E-02,3, 0.000000E+00,8, 0.000000E+00,0, 0.000000E+00,3, 2.811421E+00, 3.906538E-01, 1.732095E+00,NULL,NULL,1,mc_qqps,53
-21041,2428,20228,34728,94C2, 9.125000E+01,47,8,55,47,8,-2.924618E+00, 3.655470E+00,-8.394513E-01, 7.462371E+01, 7.349153E+01, 1.563650E+00, 3.275422E+00, 1.067305E-01, 2.042163E-01, 9.112876E+01, 5.486375E+01, 1.472823E+01, 6.213496E-01,8, 9.775032E-01,1, 0.000000E+00,0, 0.000000E+00,3, 1.310028E+01, 8.194478E-01, 1.112456E+01,NULL,NULL,1,mc_qqps,53
-21041,2429,20228,34744,94C2, 9.125000E+01,38,13,51,38,13,-6.163026E-01, 1.140882E+01, 1.138117E+01, 6.736671E+01, 6.642507E+01, 1.748028E+00,-3.372159E-01, 1.234115E+01, 1.363242E+01, 7.685986E+01, 4.157675E+01, 6.730399E+00, 2.061263E-01,4, 7.900471E-01,11, 0.000000E+00,0, 0.000000E+00,2, 2.556624E+00, 1.018411E+00, 1.538214E+00,NULL,NULL,1,mc_qqps,53
-21041,2430,20228,34803,94C2, 9.125000E+01,37,18,55,37,18, 3.086388E+00, 4.855114E+00,-2.717278E+00, 5.342263E+01, 5.273272E+01, 1.425209E+00, 8.524832E-01,-1.547456E+00, 4.885870E+00, 9.416372E+01, 3.857591E+01, 3.014077E+01, 1.060033E+01,12, 3.231876E+00,3, 0.000000E+00,0, 0.000000E+00,8, 1.927378E+01, 6.702693E-01, 4.618583E+00,NULL,NULL,1,mc_qqps,53
-21041,2431,20228,34824,94C2, 9.125000E+01,29,21,50,29,21,-2.626690E+00, 3.273619E+00,-7.562200E+00, 3.770594E+01, 3.698537E+01, 1.275358E+00, 5.532953E-01,-2.899574E+00,-2.958788E+00, 5.628030E+01, 3.182392E+01, 1.657693E+01, 1.350600E+00,8, 7.350229E+00,9, 3.659515E+00,0, 0.000000E+00,7, 1.087887E+01, 4.696349E-01, 3.336524E+00,3, 0.000000E+00,1,mc_qqps,53
-21041,2432,20228,34842,94C2, 9.125000E+01,33,13,46,33,13,-1.003155E+00, 1.180160E+01, 3.226814E+00, 5.639818E+01, 5.586508E+01, 1.692881E+00,-1.449856E+01, 1.307390E+01,-1.155867E+01, 9.301529E+01, 4.628952E+01, 9.126936E+00, 2.500940E+01,13, 3.555960E+00,0, 0.000000E+00,0, 0.000000E+00,7, 1.160772E+01, 3.694701E-01, 4.595703E+00,NULL,NULL,1,mc_qqps,53
-21041,2433,20228,34855,94C2, 9.125000E+01,25,12,37,25,12, 2.105598E+01, 2.672812E-01, 1.023462E+01, 6.404185E+01, 6.369647E+01, 2.547859E+00, 1.070188E+01, 2.712333E-01, 6.447375E+00, 1.086028E+02, 5.866407E+01, 4.155315E+01, 5.420943E-01,10, 4.747970E+00,2, 0.000000E+00,0, 0.000000E+00,8, 4.256501E+01, 8.623284E-01, 2.600375E+01,NULL,NULL,1,mc_qqps,53
-21041,2434,20228,34907,94C2, 9.125000E+01,39,22,61,39,22, 2.731736E+00,-3.085585E-02, 1.849265E+01, 4.273238E+01, 4.187930E+01, 1.073828E+00, 4.199544E+00, 1.089821E+00, 2.595057E+01, 7.094178E+01, 3.141635E+01, 2.229212E+01, 5.917280E+00,6, 2.265879E-01,16, 1.600656E+00,0, 0.000000E+00,4, 2.294759E+00, 3.316566E-01, 7.739474E-01,4, 0.000000E+00,1,mc_qqps,53
-21041,2435,20228,34930,94C2, 9.125000E+01,29,9,38,29,9,-1.551288E+01,-7.259278E+00, 1.706209E-01, 4.047226E+01, 3.997138E+01, 1.378323E+00,-8.083361E+00,-2.259132E+00,-4.519330E-01, 8.926388E+01, 3.463754E+01, 4.387880E+01, 5.070798E+00,9, 1.669462E-01,0, 0.000000E+00,0, 0.000000E+00,4, 4.387816E+01, 1.252553E+00, 2.559064E+01,NULL,NULL,1,mc_qqps,53
-21041,2436,20228,34942,94C2, 9.125000E+01,15,19,34,15,19, 4.296888E+00,-4.174222E+00, 5.044358E+00, 5.094923E+01, 5.078084E+01, 3.385390E+00, 1.195362E+01,-9.963078E+00, 1.010011E+01, 8.294383E+01, 4.990793E+01, 2.718435E+01, 9.014423E-02,17, 3.576618E+00,0, 0.000000E+00,0, 0.000000E+00,15, 2.764282E+01, 2.728357E-01, 4.506664E+00,NULL,NULL,1,mc_qqps,53
-21041,2437,20228,34956,94C2, 9.125000E+01,31,22,53,31,22,-3.440953E+00, 4.862615E+00, 1.061924E+00, 5.178337E+01, 5.124407E+01, 1.653034E+00,-8.747549E+00, 7.264490E+00, 3.460980E+00, 1.095680E+02, 3.564258E+01, 2.626915E+01, 2.718941E+01,19, 1.262000E+00,1, 3.716366E-01,0, 0.000000E+00,15, 2.806268E+01, 4.481022E-01, 8.784293E+00,NULL,NULL,1,mc_qqps,53
-21041,2438,20228,35012,94C2, 9.125000E+01,24,14,38,24,14, 8.839680E-01,-8.030924E-01,-1.031703E+00, 3.229046E+01, 3.175151E+01, 1.322979E+00,-1.086017E+00, 9.858648E-01,-5.749152E+00, 5.521490E+01, 9.429986E+00, 2.251827E+01, 4.061689E-01,0, 0.000000E+00,15, 6.634048E+00,0, 0.000000E+00,NULL,NULL,NULL,NULL,2, 0.000000E+00,0,mc_qqps,53
-21041,2439,20228,35027,94C2, 9.125000E+01,33,25,58,33,25, 6.007596E+00, 7.230865E+00,-4.177041E+00, 5.225409E+01, 5.164780E+01, 1.565085E+00,-2.705073E+00,-7.507680E+00, 9.912962E+00, 1.035177E+02, 4.919434E+01, 2.630103E+01, 2.279147E+00,27, 6.266565E+00,0, 0.000000E+00,0, 0.000000E+00,19, 4.836559E+01, 4.892069E-01, 1.870154E+01,NULL,NULL,1,mc_qqps,53
-21041,2440,20228,35044,94C2, 9.125000E+01,23,16,39,23,16,-6.307982E-01, 4.994490E-01,-3.189562E-01, 4.266072E+01, 4.208907E+01, 1.829959E+00, 1.173597E+01,-3.262040E+00,-1.022851E+00, 7.719999E+01, 3.859707E+01, 1.893295E+01, 7.705615E+00,16, 4.053026E+00,0, 0.000000E+00,0, 0.000000E+00,12, 2.559407E+01, 5.605135E-01, 6.721977E+00,NULL,NULL,1,mc_qqps,53
-21041,2441,20228,35100,94C2, 9.125000E+01,52,22,74,52,22, 8.568716E+00, 5.801085E+00,-1.165194E+00, 5.227848E+01, 5.082844E+01, 9.774700E-01, 2.177138E+00, 3.166958E+00, 2.587759E+00, 8.735708E+01, 4.174781E+01, 3.253049E+01, 7.175976E-01,23, 2.861404E+00,0, 0.000000E+00,0, 0.000000E+00,19, 2.833632E+01, 3.790259E-01, 5.570632E+00,NULL,NULL,1,mc_qqps,53
-21041,2442,20228,35121,94C2, 9.125000E+01,20,7,27,20,7,-3.180953E-01,-1.582494E+01,-3.444207E-01, 8.941077E+01, 8.917964E+01, 4.458982E+00, 1.480319E-01,-1.229944E+01,-8.246000E-01, 9.893639E+01, 4.840572E+01, 6.279012E+00, 3.101490E-01,12, 4.007535E+00,0, 0.000000E+00,0, 0.000000E+00,6, 9.215460E+00, 7.795110E-01, 2.936448E+00,NULL,NULL,1,mc_qqps,53
-21041,2443,20228,35134,94C2, 9.125000E+01,34,12,46,34,12,-6.705492E+00, 1.364929E+00, 2.372851E+00, 6.084416E+01, 5.998615E+01, 1.764298E+00,-1.520608E+01, 3.179014E+00, 2.414235E+00, 8.263960E+01, 5.346782E+01, 1.895342E+01, 3.149229E+00,11, 4.165721E+00,0, 0.000000E+00,0, 0.000000E+00,7, 1.453787E+01, 6.113227E-01, 5.566011E+00,NULL,NULL,1,mc_qqps,53
-21041,2444,20228,35154,94C2, 9.125000E+01,26,13,39,26,13, 3.090108E+00,-5.792137E+00, 5.171438E+00, 6.056398E+01, 6.028928E+01, 2.318819E+00, 2.835245E+00,-5.709731E+00, 5.800436E+00, 8.073904E+01, 5.623878E+01, 5.237092E+00, 1.428121E+01,7, 1.260800E-01,2, 0.000000E+00,0, 0.000000E+00,5, 4.868147E+00, 5.658095E-01, 1.528484E+00,1, 0.000000E+00,1,mc_qqps,53
-21041,2445,20228,35214,94C2, 9.125000E+01,36,14,50,36,14,-2.502987E+01, 1.891399E+01,-4.746786E+01, 1.108278E+02, 1.099092E+02, 3.053034E+00,-2.649485E+01, 2.002701E+01,-5.264109E+01, 1.363812E+02, 2.092105E+01, 1.942230E+01, 1.287869E+00,7, 1.570713E-01,4, 0.000000E+00,0, 0.000000E+00,5, 1.832736E+01, 1.075352E+00, 5.876110E+00,1, 0.000000E+00,1,mc_qqps,53
-21041,2446,20228,35233,94C2, 9.125000E+01,17,19,36,17,19, 2.045563E+01,-2.212185E+01, 6.844442E+00, 5.601014E+01, 5.568369E+01, 3.275511E+00, 9.377269E+00,-9.853066E+00, 2.244883E+00, 9.076608E+01, 5.405773E+01, 2.015829E+01, 1.015989E+01,16, 2.741471E+00,0, 0.000000E+00,0, 0.000000E+00,14, 2.253144E+01, 4.733035E-01, 6.636491E+00,NULL,NULL,1,mc_qqps,53
-21041,2447,20228,35246,94C2, 9.125000E+01,39,17,56,39,17,-9.742981E+00, 3.986793E+00, 2.842902E-01, 6.243571E+01, 6.176395E+01, 1.583691E+00,-3.085572E+00, 2.649695E-02,-2.797271E-02, 9.335490E+01, 6.009956E+01, 2.701298E+01, 3.148939E+00,20, 4.522192E+00,0, 0.000000E+00,0, 0.000000E+00,13, 2.372456E+01, 5.145220E-01, 6.149753E+00,NULL,NULL,1,mc_qqps,53
-21041,2448,20228,35303,94C2, 9.125000E+01,25,5,30,25,5, 1.141459E+00,-7.012296E+00,-4.409054E+00, 8.191830E+01, 8.140990E+01, 3.256396E+00,-2.322607E+00,-1.637002E+00, 1.022534E+00, 9.166003E+01, 7.775873E+01, 8.342418E+00, 1.399318E+00,10, 2.631712E+00,0, 0.000000E+00,0, 0.000000E+00,3, 8.342418E+00, 4.870762E-01, 6.078554E+00,NULL,NULL,1,mc_qqps,53
-21041,2449,20228,35316,94C2, 9.125000E+01,19,9,28,19,9,-6.849179E+00,-1.595363E+00,-7.952153E+00, 6.168486E+01, 6.151681E+01, 3.237727E+00,-7.917198E+00,-2.652276E+00,-9.047492E+00, 7.522155E+01, 6.184305E+01, 5.657109E+00, 1.511021E+00,6, 0.000000E+00,2, 0.000000E+00,0, 0.000000E+00,5, 7.093802E+00, 6.844985E-01, 3.524085E+00,NULL,NULL,1,mc_qqps,53
-21041,2450,20228,35338,94C2, 9.125000E+01,25,7,32,25,7, 1.288059E+00, 1.471027E+01, 2.957491E+00, 6.816273E+01, 6.739968E+01, 2.695987E+00, 4.678707E-01, 1.213224E+01, 2.496732E+00, 8.409282E+01, 6.118470E+01, 1.480546E+01, 4.487736E-01,9, 9.980933E-01,0, 0.000000E+00,0, 0.000000E+00,4, 1.370174E+01, 6.758474E-01, 8.430744E+00,NULL,NULL,1,mc_qqps,53
-21041,2451,20228,35354,94C2, 9.125000E+01,19,9,28,19,9,-1.273981E+01,-5.765348E+00,-2.724440E+00, 5.468618E+01, 5.437087E+01, 2.861625E+00,-5.231265E+00,-4.071785E+00, 2.929344E-01, 1.004001E+02, 2.681169E+01, 5.870053E+00, 3.705264E+01,9, 4.158759E-01,0, 0.000000E+00,0, 0.000000E+00,5, 8.535609E+00, 3.761621E-01, 4.698344E+00,NULL,NULL,1,mc_qqps,53
-21041,2452,20228,35407,94C2, 9.125000E+01,24,17,41,24,17,-7.469227E-01,-5.068031E+00,-2.325561E+01, 7.430238E+01, 7.403937E+01, 3.084974E+00, 1.586304E+00,-1.317124E+01,-5.332485E+00, 1.051870E+02, 2.962096E+01, 2.978540E+01, 1.099260E+00,1, 0.000000E+00,18, 1.876902E+01,0, 0.000000E+00,1, 1.161183E+00, 1.161183E+00, 1.161183E+00,NULL,NULL,1,mc_qqps,53
-21041,2453,20228,35419,94C2, 9.125000E+01,23,7,30,23,7, 4.196310E+00, 5.420876E+00, 1.874978E+00, 7.789005E+01, 7.750190E+01, 3.369648E+00,-8.955414E-01,-1.407940E+00,-6.369388E-01, 8.844678E+01, 7.534938E+01, 1.055672E+01, 0.000000E+00,14, 8.014792E+00,0, 0.000000E+00,0, 0.000000E+00,7, 1.055672E+01, 8.323330E-01, 2.659382E+00,NULL,NULL,1,mc_qqps,53
-21041,2454,20228,35432,94C2, 9.125000E+01,35,9,44,35,9, 1.029531E+01,-7.497498E+00,-6.650430E+00, 8.486721E+01, 8.407887E+01, 2.402253E+00,-9.900951E-01,-7.489176E+00, 2.235003E+00, 1.117612E+02, 6.359830E+01, 2.193099E+01, 4.687300E-01,7, 9.265587E-02,0, 0.000000E+00,0, 0.000000E+00,4, 1.495639E+01, 4.281380E-01, 9.265828E+00,NULL,NULL,1,mc_qqps,53
-21041,2455,20228,35448,94C2, 9.125000E+01,20,14,34,20,14, 6.681375E+00,-1.825849E+00, 6.370590E+00, 5.682166E+01, 5.655649E+01, 2.827825E+00, 1.626533E+00,-1.789493E+00, 1.583596E+00, 7.912214E+01, 5.352630E+01, 1.425961E+01, 4.269615E+00,8, 0.000000E+00,4, 0.000000E+00,0, 0.000000E+00,7, 1.411335E+01, 7.827287E-01, 4.584158E+00,NULL,NULL,1,mc_qqps,53
-21041,2456,20228,35503,94C2, 9.125000E+01,17,12,29,17,12, 2.108523E+00, 1.320191E-01,-1.032965E+00, 5.498047E+01, 5.481829E+01, 3.224606E+00, 7.839478E-01, 1.739487E+00, 1.455798E+00, 8.752847E+01, 5.400039E+01, 2.959440E+01, 2.092626E+00,9, 0.000000E+00,3, 0.000000E+00,0, 0.000000E+00,7, 2.709830E+01, 3.215812E-01, 9.040003E+00,NULL,NULL,1,mc_qqps,53
-21041,2457,20228,35520,94C2, 9.125000E+01,32,19,51,32,19, 2.454023E+00,-9.553032E+00,-1.573693E+00, 6.148153E+01, 6.077004E+01, 1.899064E+00, 4.378471E+00,-1.839223E+01,-7.831478E-01, 8.243564E+01, 5.733186E+01, 1.595903E+01, 4.128506E+00,19, 9.821479E+00,0, 0.000000E+00,0, 0.000000E+00,14, 1.471921E+01, 3.590248E-01, 2.363261E+00,NULL,NULL,1,mc_qqps,53
-21041,2458,20228,35533,94C2, 9.125000E+01,18,15,33,18,15,-9.262387E+00, 1.732014E+00,-3.134186E+01, 8.522599E+01, 8.500699E+01, 4.722610E+00,-6.747429E+00, 3.247544E+00,-2.616963E+01, 1.138881E+02, 3.343087E+01, 2.466645E+01, 4.028251E+00,3, 0.000000E+00,16, 6.862524E+00,0, 0.000000E+00,1, 4.989206E-01, 4.989206E-01, 4.989206E-01,NULL,NULL,1,mc_qqps,53
-21041,2459,20228,35543,94C2, 9.125000E+01,32,12,44,32,12,-2.219604E-01,-8.501920E-01,-8.997444E-01, 7.952097E+01, 7.889571E+01, 2.465491E+00, 1.631992E+00, 7.810693E-01, 1.764911E-02, 1.119338E+02, 7.224961E+01, 2.149597E+01, 0.000000E+00,14, 8.612569E+00,1, 0.000000E+00,0, 0.000000E+00,10, 2.998992E+01, 1.081601E+00, 9.403929E+00,NULL,NULL,1,mc_qqps,53
-21041,2460,20228,35556,94C2, 9.125000E+01,35,14,49,35,14, 1.844265E+00,-2.067799E+00, 6.487861E+00, 5.472092E+01, 5.379066E+01, 1.536876E+00, 3.573134E+00,-5.978333E+00, 1.090621E+01, 7.005435E+01, 5.141943E+01, 1.349517E+01, 6.793827E-01,17, 8.557284E+00,3, 0.000000E+00,0, 0.000000E+00,10, 1.234224E+01, 4.352676E-01, 2.094310E+00,NULL,NULL,1,mc_qqps,53
-21041,2461,20228,35609,94C2, 9.125000E+01,47,16,63,47,16,-5.408058E+00, 6.711465E-01,-3.924779E+00, 5.213346E+01, 5.071448E+01, 1.079031E+00,-2.908540E+00, 1.136781E+00,-1.016587E+00, 7.821973E+01, 3.888447E+01, 1.639412E+01, 0.000000E+00,21, 4.283919E+00,0, 0.000000E+00,0, 0.000000E+00,15, 2.592229E+01, 5.909630E-01, 8.172782E+00,NULL,NULL,1,mc_qqps,53
-21041,2462,20228,35627,94C2, 9.125000E+01,19,10,29,19,10, 2.824755E+00,-3.474220E+00, 1.405967E+00, 4.060493E+01, 4.031455E+01, 2.121819E+00,-1.109252E+01, 1.226403E+01,-6.785833E+00, 7.823296E+01, 3.629707E+01, 3.421896E+01, 1.766893E+00,13, 7.350577E+00,0, 0.000000E+00,0, 0.000000E+00,7, 3.478356E+01, 4.888194E-01, 2.740434E+01,NULL,NULL,1,mc_qqps,53
-21041,2463,20228,35638,94C2, 9.125000E+01,27,25,52,27,25, 4.923268E+00,-3.308017E+00, 1.238073E+01, 5.821030E+01, 5.794781E+01, 2.146215E+00, 4.998091E+00,-8.388090E+00, 2.299285E+01, 8.393102E+01, 4.375667E+01, 2.405499E+01, 9.079533E-01,6, 3.000497E+00,23, 9.616169E+00,0, 0.000000E+00,3, 4.566130E+00, 3.759337E-01, 3.432416E+00,NULL,NULL,1,mc_qqps,53
-21041,2464,20228,35656,94C2, 9.125000E+01,10,11,21,10,11,-8.591447E-01,-8.855667E-01,-8.876021E-01, 3.457735E+01, 3.449757E+01, 3.449757E+00, 1.705345E+00, 3.117603E+00,-3.130539E+00, 7.943245E+01, 3.423475E+01, 2.522038E+01, 1.625769E+01,14, 2.855823E+01,0, 0.000000E+00,0, 0.000000E+00,8, 1.576527E+01, 6.510381E-01, 3.377023E+00,NULL,NULL,1,mc_qqps,53
-21041,2465,20228,35708,94C2, 9.125000E+01,42,17,59,42,17,-1.040142E+00, 1.137261E+01, 3.183130E-01, 6.124059E+01, 6.017803E+01, 1.432810E+00,-3.317433E+00, 1.402175E+01,-1.207289E+00, 8.928453E+01, 4.476224E+01, 1.141607E+01, 1.176440E+01,15, 1.772511E-01,0, 0.000000E+00,0, 0.000000E+00,10, 1.126680E+01, 4.578766E-01, 4.367861E+00,NULL,NULL,1,mc_qqps,53
-21041,2466,20228,35727,94C2, 9.125000E+01,16,10,26,16,10,-8.099328E+00, 5.386783E+00,-2.166079E+00, 2.869757E+01, 2.843464E+01, 1.777165E+00, 8.204441E+00,-3.769262E+00, 3.120811E+00, 8.028336E+01, 2.763349E+01, 4.848009E+01, 1.039031E+00,11, 1.591244E+00,0, 0.000000E+00,0, 0.000000E+00,8, 5.054676E+01, 3.784140E-01, 3.015853E+01,NULL,NULL,1,mc_qqps,53
-21041,2467,20228,35739,94C2, 9.125000E+01,24,12,36,24,12, 3.021694E+00, 2.350421E+00, 8.326615E+01, 1.408592E+02, 1.403946E+02, 5.849776E+00, 1.090918E+00, 4.924707E+00, 8.554380E+01, 1.636047E+02, 1.091692E+01, 1.565326E+01, 7.092257E+00,3, 0.000000E+00,11, 7.302975E+00,0, 0.000000E+00,NULL,NULL,NULL,NULL,1, 0.000000E+00,0,mc_qqps,53
-21041,2468,20228,35803,94C2, 9.125000E+01,8,10,18,8,10,-2.162888E+00,-3.034450E-01, 1.166750E+01, 1.597566E+01, 1.591625E+01, 1.989531E+00, 2.830091E-01, 8.411420E-01, 2.822229E+00, 3.583091E+01, 5.110008E+00, 1.670428E+01, 3.150967E+00,2, 5.786006E-02,8, 1.228252E+01,0, 0.000000E+00,1, 4.751901E-01, 4.751901E-01, 4.751901E-01,1, 0.000000E+00,0,mc_qqps,53
-21041,2469,20228,35818,94C2, 9.125000E+01,32,16,48,32,16,-1.627188E+01,-1.650444E+01,-4.155767E+00, 5.621597E+01, 5.542303E+01, 1.731970E+00,-1.203693E+00, 4.638221E-01, 1.399291E-01, 9.490585E+01, 4.848051E+01, 1.855462E+01, 5.535866E+00,16, 3.163175E+00,0, 0.000000E+00,0, 0.000000E+00,11, 3.001974E+01, 5.017975E-01, 1.290849E+01,NULL,NULL,1,mc_qqps,53
-21041,2470,20228,35834,94C2, 9.125000E+01,19,9,28,19,9,-9.949508E-01, 9.547560E-01,-1.252374E+00, 9.107028E+01, 9.046394E+01, 4.761260E+00,-3.355260E-01, 1.700974E+00,-2.491143E+00, 1.029498E+02, 8.900642E+01, 1.187949E+01, 0.000000E+00,4, 7.909896E-02,7, 2.135749E+00,0, 0.000000E+00,3, 3.340226E+00, 5.566493E-01, 2.008000E+00,NULL,NULL,1,mc_qqps,53
-21041,2471,20228,35848,94C2, 9.125000E+01,42,16,58,42,16,-1.333218E+01, 2.626117E-01,-2.539875E-01, 8.098013E+01, 7.961627E+01, 1.895625E+00,-1.210711E+01, 1.323090E+00,-6.701427E-01, 1.047553E+02, 5.613747E+01, 2.343067E+01, 3.445004E-01,18, 1.177094E+00,0, 0.000000E+00,0, 0.000000E+00,13, 2.322279E+01, 5.036818E-01, 5.388460E+00,NULL,NULL,1,mc_qqps,53
-21041,2472,20228,35907,94C2, 9.125000E+01,31,8,39,31,8, 1.938654E+02,-2.132143E+02, 1.417322E+02, 4.193692E+02, 4.187834E+02, 1.350914E+01, 1.920878E+02,-2.126213E+02, 1.410676E+02, 4.315644E+02, 6.868095E+01, 1.007533E+01, 0.000000E+00,14, 6.908237E+00,0, 0.000000E+00,0, 0.000000E+00,8, 1.219524E+01, 5.077407E-01, 2.572029E+00,NULL,NULL,1,mc_qqps,53
-21041,2473,20228,35921,94C2, 9.125000E+01,18,11,29,18,11, 3.018783E+00,-1.780087E+00, 7.944227E+00, 6.850946E+01, 6.835052E+01, 3.797251E+00,-1.455265E+00, 3.523649E+00,-5.787021E+00, 9.588860E+01, 6.506342E+01, 2.362949E+01, 0.000000E+00,6, 1.820179E+00,6, 0.000000E+00,0, 0.000000E+00,3, 6.797993E+00, 1.000021E+00, 3.749652E+00,1, 0.000000E+00,1,mc_qqps,53
-21041,2474,20228,35937,94C2, 9.125000E+01,26,9,35,26,9,-3.687538E+00,-6.190613E+00, 2.278143E+00, 5.280114E+01, 5.228080E+01, 2.010800E+00, 2.416958E+00, 6.711755E+00, 4.704320E-01, 7.941344E+01, 4.302653E+01, 2.451247E+01, 0.000000E+00,16, 1.621713E+01,0, 0.000000E+00,0, 0.000000E+00,9, 2.661231E+01, 6.740961E-01, 8.937502E+00,NULL,NULL,1,mc_qqps,53
-21041,2475,20228,35951,94C2, 9.125000E+01,24,10,34,24,10, 4.705859E-01, 8.103361E+00,-1.947535E+00, 6.784505E+01, 6.765166E+01, 2.818819E+00,-3.991448E-01, 9.561556E+00,-3.288497E+00, 9.097984E+01, 6.760484E+01, 1.884339E+01, 4.321887E+00,15, 9.439907E+00,0, 0.000000E+00,0, 0.000000E+00,8, 1.764085E+01, 5.627540E-01, 5.065505E+00,NULL,NULL,1,mc_qqps,53
-21041,2476,20228,40005,94C2, 9.125000E+01,19,9,28,19,9, 4.040877E+00,-1.381176E+01, 2.938617E+01, 4.550861E+01, 4.526650E+01, 2.382447E+00, 2.920926E+00,-1.198780E+01, 2.271587E+01, 5.345203E+01, 2.454492E+01, 7.943416E+00, 0.000000E+00,0, 0.000000E+00,13, 2.151207E+01,0, 0.000000E+00,NULL,NULL,NULL,NULL,1, 0.000000E+00,1,mc_qqps,53
-21041,2477,20228,40017,94C2, 9.125000E+01,23,9,32,23,9,-5.740090E+00,-1.432410E+00,-7.973813E-01, 6.943942E+01, 6.912151E+01, 3.005283E+00,-8.179955E+00,-1.104154E+00, 9.856349E-01, 8.553319E+01, 6.946818E+01, 1.446155E+01, 1.632215E+00,14, 7.287998E-01,0, 0.000000E+00,0, 0.000000E+00,6, 1.446155E+01, 6.147385E-01, 4.770922E+00,NULL,NULL,1,mc_qqps,53
-21041,2478,20228,40036,94C2, 9.125000E+01,30,17,47,30,17,-6.592110E+00,-7.695108E+00,-4.398785E-01, 6.382272E+01, 6.325921E+01, 2.108640E+00,-3.542905E+00,-3.586464E+00,-4.906837E-01, 9.331615E+01, 6.100146E+01, 2.636278E+01, 5.379932E-01,20, 7.477911E+00,0, 0.000000E+00,0, 0.000000E+00,15, 2.849117E+01, 4.626359E-01, 5.641191E+00,NULL,NULL,1,mc_qqps,53
-21041,2479,20228,40051,94C2, 9.125000E+01,44,17,61,44,17, 1.166555E+00, 1.140658E+00, 2.149868E+00, 7.583826E+01, 7.521075E+01, 1.709335E+00, 8.107188E-01,-2.247335E+00,-2.999325E-01, 1.009558E+02, 6.948515E+01, 1.939014E+01, 4.535167E+00,21, 4.487779E+00,1, 0.000000E+00,0, 0.000000E+00,14, 1.818896E+01, 2.539224E-01, 4.163407E+00,NULL,NULL,1,mc_qqps,53
-21041,2480,20228,40109,94C2, 9.125000E+01,25,13,38,25,13, 2.836656E+00,-1.200266E+00,-8.214570E+00, 2.836091E+01, 2.786069E+01, 1.114428E+00,-1.649463E+01,-8.352072E+00,-1.171699E+01, 7.780009E+01, 2.426794E+01, 1.705977E+01, 3.237941E+01,3, 7.523360E-01,8, 0.000000E+00,0, 0.000000E+00,1, 2.396980E+00, 2.396980E+00, 2.396980E+00,1, 0.000000E+00,1,mc_qqps,53
-21041,2481,20228,40122,94C2, 9.125000E+01,46,16,62,46,16, 3.124574E+00,-2.192249E+01, 1.927990E+01, 5.282982E+01, 5.123707E+01, 1.113849E+00,-4.373564E-01,-5.800540E+00, 5.552232E+00, 9.743328E+01, 4.315313E+01, 3.661965E+01, 7.983813E+00,12, 2.949732E-01,1, 0.000000E+00,0, 0.000000E+00,10, 1.538731E+01, 5.237109E-01, 2.888770E+00,NULL,NULL,1,mc_qqps,53
-21041,2482,20228,40141,94C2, 9.125000E+01,29,11,40,29,11, 5.084960E+00,-7.696978E-01,-2.110223E+01, 9.081780E+01, 9.030716E+01, 3.114040E+00, 2.051788E+00,-2.314149E-01,-1.313058E+01, 1.062592E+02, 4.778378E+01, 1.413997E+01, 4.079006E-01,9, 0.000000E+00,6, 5.705868E-01,0, 0.000000E+00,6, 5.222157E+00, 5.318837E-01, 1.586013E+00,NULL,NULL,1,mc_qqps,53
-21041,2483,20228,40155,94C2, 9.125000E+01,26,12,38,26,12,-2.739280E+00,-5.843423E+00, 1.967159E+01, 5.027822E+01, 4.992094E+01, 1.920036E+00,-1.912076E+00,-5.188308E+00, 7.239389E+00, 8.063354E+01, 3.870337E+01, 1.026106E+01, 2.009427E+01,2, 2.482126E-01,10, 2.845951E+00,0, 0.000000E+00,1, 9.284382E-01, 9.284382E-01, 9.284382E-01,NULL,NULL,1,mc_qqps,53
-21041,2484,20228,40214,94C2, 9.125000E+01,30,11,41,30,11,-8.039557E+00,-1.486577E+00,-1.754362E+00, 6.608685E+01, 6.563493E+01, 2.187831E+00, 8.560156E+00, 2.236785E+00, 2.140015E+00, 8.736283E+01, 5.430554E+01, 1.860068E+01, 0.000000E+00,17, 4.510866E+00,0, 0.000000E+00,0, 0.000000E+00,11, 2.127598E+01, 3.328278E-01, 1.045894E+01,NULL,NULL,1,mc_qqps,53
-21041,2485,20228,40239,94C2, 9.125000E+01,27,17,44,27,17,-2.476899E+00,-4.557030E+00,-1.453760E+01, 7.158109E+01, 7.113255E+01, 2.634539E+00, 2.767938E-01,-5.248899E+00,-1.402283E+01, 9.621947E+01, 2.713834E+01, 1.770085E+01, 4.354114E+00,17, 3.766753E+00,0, 0.000000E+00,0, 0.000000E+00,13, 2.028428E+01, 4.162766E-01, 4.752595E+00,NULL,NULL,1,mc_qqps,53
-21041,2486,20228,40309,94C2, 9.125000E+01,22,15,37,22,15, 2.343374E+00, 7.931935E+00,-2.408677E+02, 2.549637E+02, 2.542687E+02, 1.155767E+01,-2.391453E+00, 9.363997E+00,-2.443353E+02, 2.805786E+02, 3.703961E+00, 1.278308E+01, 1.283179E+01,1, 0.000000E+00,9, 1.208103E+01,0, 0.000000E+00,1, 5.064518E-01, 5.064518E-01, 5.064518E-01,2, 0.000000E+00,0,mc_qqps,53
-21041,2487,20228,40322,94C2, 9.125000E+01,27,14,41,27,14,-6.122927E+00,-7.407558E+00,-2.392110E+01, 1.089763E+02, 1.083816E+02, 4.014134E+00,-3.492159E+00,-1.650445E+01,-3.915996E+01, 1.353979E+02, 5.420292E+01, 8.077761E+00, 1.834385E+01,1, 0.000000E+00,14, 3.906684E+00,0, 0.000000E+00,1, 6.627727E-01, 6.627727E-01, 6.627727E-01,NULL,NULL,1,mc_qqps,53
-21041,2488,20228,40338,94C2, 9.125000E+01,7,15,22,7,15,-1.442920E-01,-6.564113E-01, 1.921368E-01, 1.309411E+01, 1.300644E+01, 1.858063E+00,-2.649284E-01,-4.136968E-02, 2.481233E+00, 4.298308E+01, 3.956197E+00, 2.988897E+01, 0.000000E+00,2, 4.105493E-02,9, 2.097450E+00,0, 0.000000E+00,1, 2.938566E+00, 2.938566E+00, 2.938566E+00,8, 0.000000E+00,0,mc_qqps,53
-21041,2489,20228,40410,94C2, 9.125000E+01,25,9,34,25,9, 1.171708E+00, 1.442677E-01,-8.974648E+00, 6.397029E+01, 6.348814E+01, 2.539526E+00, 1.037426E-01, 2.566430E-02,-3.330389E+00, 7.648825E+01, 6.021814E+01, 1.251797E+01, 0.000000E+00,1, 0.000000E+00,15, 5.640198E+00,0, 0.000000E+00,NULL,NULL,NULL,NULL,NULL,NULL,1,mc_qqps,53
-21041,2490,20228,40426,94C2, 9.125000E+01,24,9,33,24,9,-2.353252E+00, 3.863362E-01, 2.808599E+00, 8.469463E+01, 8.439182E+01, 3.516326E+00,-2.124219E+00, 9.519795E-01, 4.008147E+00, 9.202774E+01, 5.642807E+01, 7.333120E+00, 0.000000E+00,5, 4.363043E-01,10, 3.073221E-01,0, 0.000000E+00,2, 1.309722E+00, 5.735561E-01, 7.361661E-01,NULL,NULL,1,mc_qqps,53
-21041,2491,20228,40440,94C2, 9.125000E+01,21,15,36,21,15, 8.685157E-01,-4.438075E+00, 1.453519E+00, 6.333361E+01, 6.314219E+01, 3.006771E+00, 4.253818E+00,-9.089834E+00, 3.034419E+00, 8.602275E+01, 5.972286E+01, 1.114576E+01, 5.577766E+00,14, 1.082494E+00,1, 0.000000E+00,0, 0.000000E+00,9, 1.671556E+01, 4.426843E-01, 3.693180E+00,NULL,NULL,1,mc_qqps,53
-21041,2492,20228,40451,94C2, 9.125000E+01,47,14,61,47,14, 8.629051E+00, 1.255320E+01,-2.508356E+00, 5.313060E+01, 5.210291E+01, 1.108573E+00,-3.394140E+00,-4.014185E+00,-4.851028E+00, 9.245617E+01, 4.444004E+01, 1.881247E+01, 2.051311E+01,10, 0.000000E+00,1, 0.000000E+00,0, 0.000000E+00,7, 1.728238E+01, 5.908540E-01, 7.434801E+00,NULL,NULL,1,mc_qqps,53
-21041,2493,20228,40510,94C2, 9.125000E+01,30,17,47,30,17, 6.983856E-01, 4.678630E+00,-2.912115E+01, 5.662471E+01, 5.595293E+01, 1.865098E+00, 2.105821E-01, 1.873637E+00,-1.655839E+01, 8.032953E+01, 4.198252E+01, 1.824002E+01, 2.878860E+00,5, 0.000000E+00,11, 2.128396E+00,0, 0.000000E+00,5, 5.054317E+00, 7.578018E-01, 1.719777E+00,4, 0.000000E+00,1,mc_qqps,53
-21041,2494,20228,40540,94C2, 9.125000E+01,31,17,48,31,17,-1.229333E+00, 2.650251E+00,-2.042826E+00, 8.045927E+01, 8.000698E+01, 2.580870E+00, 2.674187E+00,-1.386961E+00, 1.471447E+00, 1.041801E+02, 7.686817E+01, 2.212298E+01, 1.733713E+00,12, 1.041622E+01,0, 0.000000E+00,0, 0.000000E+00,8, 1.345620E+01, 5.419362E-01, 3.200328E+00,1, 0.000000E+00,1,mc_qqps,53
-21041,2495,20228,40555,94C2, 9.125000E+01,37,15,52,37,15,-2.955052E+00,-1.209052E+00,-1.147656E+00, 7.191331E+01, 7.128815E+01, 1.926707E+00,-5.786549E+00, 1.701063E+00,-2.915885E-01, 9.891640E+01, 6.305840E+01, 2.098365E+01, 3.688791E+00,15, 3.218225E-01,2, 0.000000E+00,0, 0.000000E+00,11, 2.276849E+01, 5.660850E-01, 7.482164E+00,NULL,NULL,1,mc_qqps,53
-21041,2496,20228,40613,94C2, 9.125000E+01,22,9,31,22,9, 1.191002E+00, 3.280000E+00,-5.436403E-01, 6.185728E+01, 6.163874E+01, 2.801761E+00,-1.885812E+00,-5.566010E-01,-3.714117E+00, 8.544956E+01, 6.171771E+01, 1.580945E+01, 1.192546E+00,12, 2.628434E+00,1, 0.000000E+00,0, 0.000000E+00,6, 1.836148E+01, 7.280135E-01, 5.862281E+00,NULL,NULL,1,mc_qqps,53
-21041,2497,20228,40626,94C2, 9.125000E+01,39,9,48,39,9, 3.015844E+00, 1.249361E+01, 3.352434E+00, 6.658679E+01, 6.590250E+01, 1.689808E+00, 1.260125E+00, 3.643270E+00, 2.250191E+00, 8.269538E+01, 5.639899E+01, 4.125685E+00, 1.027756E+01,10, 1.617060E+01,0, 0.000000E+00,0, 0.000000E+00,5, 4.827594E+00, 4.502853E-01, 1.383364E+00,NULL,NULL,1,mc_qqps,53
-21041,2498,20228,40639,94C2, 9.125000E+01,33,11,44,33,11, 2.138760E+00, 2.084955E+00,-6.783774E+00, 5.429325E+01, 5.386440E+01, 1.632254E+00, 2.532845E+00,-3.760374E+00,-1.118227E+00, 7.205611E+01, 5.042497E+01, 1.629733E+01, 0.000000E+00,12, 2.268431E+00,1, 0.000000E+00,0, 0.000000E+00,10, 1.512303E+01, 4.173271E-01, 5.425231E+00,NULL,NULL,1,mc_qqps,53
-21041,2499,20228,40651,94C2, 9.125000E+01,21,15,36,21,15,-1.531938E+01,-3.491247E+00,-1.160872E+01, 5.554817E+01, 5.498120E+01, 2.618152E+00,-2.326517E+01,-5.825703E+00,-1.857877E+01, 7.904147E+01, 4.008027E+01, 1.943733E+01, 3.598589E+00,12, 2.252156E+01,0, 0.000000E+00,0, 0.000000E+00,8, 1.909258E+01, 4.573719E-01, 9.535514E+00,NULL,NULL,1,mc_qqps,53
-21041,2500,20228,40706,94C2, 9.125000E+01,22,11,33,22,11,-9.357892E-02, 5.612794E+00,-7.554797E-01, 5.277399E+01, 5.236426E+01, 2.380194E+00, 1.692076E+00, 4.717253E-01, 1.476066E+00, 9.964889E+01, 5.160333E+01, 4.432949E+01, 0.000000E+00,9, 0.000000E+00,1, 0.000000E+00,0, 0.000000E+00,9, 4.323386E+01, 9.564810E-01, 1.698147E+01,NULL,NULL,1,mc_qqps,53
-21041,2501,20228,40721,94C2, 9.125000E+01,36,19,55,36,19,-8.654696E-01, 3.123939E+00, 6.011842E+00, 7.188110E+01, 7.116750E+01, 1.976875E+00,-1.452458E+00, 2.227567E+00, 7.917943E+00, 9.033509E+01, 5.959307E+01, 1.452468E+01, 3.929312E+00,4, 0.000000E+00,16, 1.479133E+01,0, 0.000000E+00,2, 1.494497E+00, 5.912356E-01, 9.032615E-01,NULL,NULL,1,mc_qqps,53
-21041,2502,20228,40737,94C2, 9.125000E+01,36,16,52,36,16, 4.364562E-01, 6.507055E+00, 1.011100E+01, 5.181550E+01, 5.073257E+01, 1.409238E+00,-5.158153E+00, 1.264911E+01, 2.948805E+01, 8.937151E+01, 3.264791E+01, 3.440591E+01, 2.308780E+00,3, 2.071715E-01,15, 7.279466E+00,0, 0.000000E+00,2, 1.434664E+00, 4.630878E-01, 9.715762E-01,NULL,NULL,1,mc_qqps,53
-21041,2503,20228,40757,94C2, 9.125000E+01,28,18,46,28,18,-5.201869E-01,-1.159036E+01,-1.643109E+01, 4.028552E+01, 3.976601E+01, 1.420215E+00,-3.653451E-02,-2.885526E+00,-3.767780E+00, 6.465258E+01, 3.433003E+01, 2.098767E+01, 3.019013E+00,3, 6.378535E-02,17, 3.981566E+00,0, 0.000000E+00,2, 1.336970E+00, 3.603776E-01, 9.765925E-01,NULL,NULL,1,mc_qqps,53
-21041,2504,20228,40814,94C2, 9.125000E+01,53,12,65,53,12,-3.576837E+00, 2.891496E+00,-3.290472E-01, 7.776831E+01, 7.654655E+01, 1.444274E+00,-1.985794E-02,-2.527059E+00,-5.113686E+00, 9.568890E+01, 6.487021E+01, 4.597078E+00, 6.779552E+00,9, 2.963525E-01,2, 0.000000E+00,0, 0.000000E+00,6, 1.113374E+01, 6.578405E-01, 5.061076E+00,NULL,NULL,1,mc_qqps,53
-21041,2505,20228,40834,94C2, 9.125000E+01,19,15,34,19,15,-3.033835E+00, 6.464909E+00, 1.302899E+01, 5.015838E+01, 4.986084E+01, 2.624255E+00, 2.015624E+00,-2.694516E+00,-4.682531E+00, 9.281882E+01, 4.692013E+01, 4.253511E+01, 1.253229E-01,2, 0.000000E+00,17, 7.712509E+00,0, 0.000000E+00,NULL,NULL,NULL,NULL,NULL,NULL,1,mc_qqps,53
-21041,2506,20228,40848,94C2, 9.125000E+01,35,15,50,35,15, 2.100719E+00, 3.999184E+00,-7.335129E+00, 6.762849E+01, 6.690502E+01, 1.911572E+00, 2.338137E+00,-9.709930E-01, 5.682084E+00, 8.684165E+01, 4.626675E+01, 1.546833E+01, 3.907084E+00,0, 0.000000E+00,19, 4.288642E+00,0, 0.000000E+00,NULL,NULL,NULL,NULL,NULL,NULL,1,mc_qqps,53
-21041,2507,20228,40906,94C2, 9.125000E+01,53,14,67,53,14, 6.427255E+00,-3.422975E+00, 4.694778E+00, 6.792821E+01, 6.602518E+01, 1.245758E+00, 4.326772E+00,-4.555313E+00, 4.898764E+00, 8.921397E+01, 5.613757E+01, 1.482925E+01, 1.578852E+00,19, 2.539847E+00,0, 0.000000E+00,0, 0.000000E+00,12, 1.885340E+01, 4.102090E-01, 4.877663E+00,NULL,NULL,1,mc_qqps,53
-21041,2508,20228,40922,94C2, 9.125000E+01,14,10,24,14,10,-1.954308E+00, 1.147370E+01,-4.599205E+00, 5.672422E+01, 5.657466E+01, 4.041047E+00,-1.607511E+00, 8.748775E+00,-3.361410E+00, 7.565317E+01, 5.649821E+01, 1.266537E+01, 0.000000E+00,15, 1.071969E+01,0, 0.000000E+00,0, 0.000000E+00,9, 1.841933E+01, 4.911480E-01, 6.263585E+00,NULL,NULL,1,mc_qqps,53
-21041,2509,20228,40934,94C2, 9.125000E+01,20,10,30,20,10,-1.788309E+01, 1.034295E+01,-1.405642E+01, 3.801003E+01, 3.743195E+01, 1.871598E+00, 7.912792E+00,-4.012572E+00, 4.625349E+00, 1.010441E+02, 3.444883E+01, 1.483841E+01, 4.566198E+01,7, 1.494117E+00,1, 0.000000E+00,0, 0.000000E+00,4, 1.497458E+01, 5.871586E-01, 7.586332E+00,NULL,NULL,1,mc_qqps,53
-21041,2510,20228,40948,94C2, 9.125000E+01,47,13,60,47,13, 7.502663E+00, 5.167724E+00, 2.002022E+01, 1.039259E+02, 1.030977E+02, 2.193569E+00, 4.920197E+00, 2.289548E+00, 2.047657E+01, 1.167920E+02, 7.985261E+01, 1.275413E+01, 1.119325E-01,7, 1.687482E-01,14, 5.854443E-01,0, 0.000000E+00,4, 5.735427E+00, 5.555141E-01, 3.194296E+00,1, 0.000000E+00,1,mc_qqps,53
-21041,2511,20228,41004,94C2, 9.125000E+01,30,11,41,30,11, 3.816427E+00,-1.290808E+01,-3.018197E+00, 5.141573E+01, 5.090543E+01, 1.696848E+00, 5.245796E+00,-2.217195E+01,-5.065544E+00, 6.459235E+01, 4.562183E+01, 1.115172E+01, 4.533809E-01,15, 2.973234E+00,0, 0.000000E+00,0, 0.000000E+00,8, 1.039844E+01, 4.505791E-01, 3.542828E+00,NULL,NULL,1,mc_qqps,53
-21041,2512,20228,41019,94C2, 9.125000E+01,23,8,31,23,8, 5.345675E+00,-4.686163E+00, 4.501943E+00, 5.881720E+01, 5.847289E+01, 2.542300E+00,-1.443317E+00, 5.272465E-01,-6.312766E-01, 8.477335E+01, 5.630602E+01, 6.455959E+00, 1.809836E+01,14, 6.586606E+00,0, 0.000000E+00,0, 0.000000E+00,6, 7.857784E+00, 5.537346E-01, 2.752239E+00,NULL,NULL,1,mc_qqps,53
-21041,2513,20228,41032,94C2, 9.125000E+01,38,14,52,38,14,-7.060866E+00, 3.587933E+00, 4.336435E+00, 7.195728E+01, 7.119254E+01, 1.873488E+00, 7.631166E+00,-1.332274E-01,-9.147896E+00, 1.129818E+02, 6.410673E+01, 9.684647E+00, 2.606045E+01,14, 1.264415E+01,0, 0.000000E+00,0, 0.000000E+00,8, 1.030991E+01, 5.839174E-01, 2.683115E+00,NULL,NULL,1,mc_qqps,53
-21041,2514,20228,41050,94C2, 9.125000E+01,27,16,43,27,16,-1.119131E+01,-5.607352E-01,-5.879189E+00, 5.753723E+01, 5.717555E+01, 2.117613E+00, 6.553997E+00, 1.275015E+00, 4.483888E+00, 9.472636E+01, 5.439345E+01, 3.309466E+01, 3.527896E+00,19, 6.997748E+00,1, 0.000000E+00,0, 0.000000E+00,12, 3.056623E+01, 4.282120E-01, 6.315992E+00,NULL,NULL,1,mc_qqps,53
-21041,2515,20228,41102,94C2, 9.125000E+01,37,13,50,37,13, 8.762088E-01,-5.970952E+00,-2.631435E+01, 5.746617E+01, 5.661519E+01, 1.530140E+00,-7.737750E+00, 2.303462E+00,-5.602703E+00, 8.665303E+01, 2.023993E+01, 9.908510E+00, 1.927835E+01,4, 0.000000E+00,10, 0.000000E+00,0, 0.000000E+00,4, 2.640179E+00, 3.135401E-01, 9.215158E-01,NULL,NULL,1,mc_qqps,53
-21041,2516,20228,41118,94C2, 9.125000E+01,31,17,48,31,17,-1.260720E+00, 1.516957E-01, 6.833638E-01, 6.778259E+01, 6.742678E+01, 2.175057E+00, 1.233223E+00,-2.646741E+00, 2.393522E+00, 1.041535E+02, 5.679837E+01, 2.360650E+01, 6.739071E+00,15, 8.515456E-02,0, 0.000000E+00,0, 0.000000E+00,12, 2.461336E+01, 3.906704E-01, 6.692405E+00,NULL,NULL,1,mc_qqps,53
-21041,2517,20228,41134,94C2, 9.125000E+01,29,18,47,29,18, 2.368339E+00, 9.700584E+00, 4.596328E+00, 4.725206E+01, 4.672105E+01, 1.611071E+00, 4.302971E+00, 6.354072E+00, 2.897524E+00, 8.480119E+01, 3.632956E+01, 1.877557E+01, 1.815157E+01,16, 2.475014E+00,1, 0.000000E+00,0, 0.000000E+00,14, 1.757047E+01, 3.973964E-01, 3.626831E+00,NULL,NULL,1,mc_qqps,53
-21041,2518,20228,41148,94C2, 9.125000E+01,25,9,34,25,9, 1.129244E+00, 1.549587E+00,-3.442618E+00, 6.676834E+01, 6.641076E+01, 2.656430E+00,-3.477655E+00,-8.608606E+00, 4.751408E+00, 9.047898E+01, 6.677935E+01, 1.752928E+01, 4.207091E-01,13, 7.146719E+00,1, 0.000000E+00,0, 0.000000E+00,7, 2.056949E+01, 6.379074E-01, 9.518623E+00,NULL,NULL,1,mc_qqps,53
-21041,2519,20228,41203,94C2, 9.125000E+01,27,11,38,27,11,-3.043863E+00,-5.619457E+00, 6.316276E+00, 4.257724E+01, 4.197017E+01, 1.554451E+00, 8.533058E-01,-3.774064E+00, 4.774129E-02, 5.603545E+01, 2.496755E+01, 6.501717E+00, 6.956493E+00,0, 0.000000E+00,11, 1.247172E+00,0, 0.000000E+00,NULL,NULL,NULL,NULL,1, 0.000000E+00,1,mc_qqps,53
-21041,2520,20228,41216,94C2, 9.125000E+01,57,21,78,57,21,-3.794199E+00,-1.603233E+00,-2.034728E+00, 7.701157E+01, 7.560748E+01, 1.326447E+00, 1.111305E+00,-1.933806E+00, 2.089930E+00, 1.082100E+02, 6.680383E+01, 1.691831E+01, 1.137216E+01,20, 2.928113E+00,1, 0.000000E+00,0, 0.000000E+00,12, 1.684254E+01, 4.302630E-01, 4.273838E+00,NULL,NULL,1,mc_qqps,53
-21041,2521,20228,41235,94C2, 9.125000E+01,39,14,53,39,14, 5.166383E+00,-4.824272E+00, 1.333315E+01, 4.600668E+01, 4.502106E+01, 1.154386E+00, 2.439450E+00,-4.022855E+00, 1.417472E+01, 6.041475E+01, 3.478246E+01, 1.028442E+01, 4.123654E+00,2, 0.000000E+00,7, 0.000000E+00,0, 0.000000E+00,1, 1.550572E+00, 1.550572E+00, 1.550572E+00,3, 0.000000E+00,1,mc_qqps,53
-21041,2522,20228,41253,94C2, 9.125000E+01,50,21,71,50,21, 4.850189E+00,-4.875109E+00, 3.590364E+00, 6.578366E+01, 6.452336E+01, 1.290467E+00, 1.510187E+00,-6.415432E+00, 3.613167E+00, 9.623165E+01, 5.042307E+01, 2.516949E+01, 3.525690E+00,25, 7.497283E+00,0, 0.000000E+00,0, 0.000000E+00,15, 1.989991E+01, 4.752496E-01, 2.679862E+00,NULL,NULL,1,mc_qqps,53
-21041,2523,20228,41312,94C2, 9.125000E+01,33,9,42,33,9,-3.037492E+00,-1.122099E+00, 9.951912E-01, 7.027664E+01, 6.969520E+01, 2.111976E+00,-1.968344E+00,-2.211591E+00,-3.065341E-01, 8.099915E+01, 6.330690E+01, 1.017507E+01, 5.474328E-01,10, 3.164711E+00,0, 0.000000E+00,0, 0.000000E+00,4, 5.924857E+00, 5.370249E-01, 2.620034E+00,NULL,NULL,1,mc_qqps,53
-21041,2524,20228,41332,94C2, 9.125000E+01,18,26,44,18,26, 1.540544E+00, 1.197892E+00, 1.812208E+01, 2.696330E+01, 2.660634E+01, 1.478130E+00,-7.962323E-01,-7.597582E-01, 3.716333E+01, 6.047724E+01, 3.153195E+00, 3.059072E+01, 3.127023E+00,0, 0.000000E+00,11, 1.366230E+00,0, 0.000000E+00,NULL,NULL,NULL,NULL,17, 0.000000E+00,0,mc_qqps,53
-21041,2525,20228,41413,94C2, 9.125000E+01,37,17,54,37,17, 1.425062E+00, 8.554838E+00,-1.675580E+00, 4.754438E+01, 4.688029E+01, 1.267035E+00, 5.365666E-01,-4.993897E+00, 4.050687E+00, 9.778374E+01, 4.424617E+01, 2.898768E+01, 2.150695E+01,7, 1.554659E+00,5, 0.000000E+00,0, 0.000000E+00,4, 2.194584E+01, 5.568932E-01, 1.697957E+01,NULL,NULL,1,mc_qqps,53
-21041,2526,20228,41432,94C2, 9.125000E+01,24,19,43,24,19,-8.639182E-01, 2.249594E+00,-1.496677E+01, 3.378983E+01, 3.347013E+01, 1.394589E+00,-4.812081E+00,-4.076110E+00,-1.739021E+01, 9.183501E+01, 2.167864E+01, 5.043650E+01, 5.516444E+00,4, 6.022674E-01,9, 2.311064E-01,0, 0.000000E+00,3, 3.334675E+00, 5.806515E-01, 2.092221E+00,1, 0.000000E+00,1,mc_qqps,53
-21041,2527,20228,41503,94C2, 9.125000E+01,55,19,74,55,19, 6.731480E+00,-2.261852E+00,-1.098839E+00, 6.289782E+01, 6.173579E+01, 1.122469E+00, 1.229358E-02, 1.536836E+00, 1.300371E+00, 8.948284E+01, 5.359911E+01, 2.176972E+01, 4.738803E+00,21, 9.128320E-01,0, 0.000000E+00,0, 0.000000E+00,14, 2.028312E+01, 5.010411E-01, 5.056138E+00,NULL,NULL,1,mc_qqps,53
-21041,2528,20228,41522,94C2, 9.125000E+01,34,22,56,34,22, 3.163413E-01,-1.432654E+00,-8.870337E+00, 1.083941E+02, 1.079362E+02, 3.174594E+00, 6.821170E-01, 5.356482E-01,-8.616699E+00, 1.283169E+02, 1.163525E+01, 1.745455E+01, 2.529680E+00,0, 0.000000E+00,23, 1.478570E+01,0, 0.000000E+00,NULL,NULL,NULL,NULL,3, 0.000000E+00,0,mc_qqps,53
-21041,2529,20228,41540,94C2, 9.125000E+01,52,18,70,52,18, 1.487374E+00,-2.546964E+00,-2.527664E+00, 6.569334E+01, 6.458859E+01, 1.242088E+00, 4.478268E+00,-6.976559E+00,-1.192640E+01, 9.499462E+01, 4.660795E+01, 8.568314E+00, 2.087696E+01,9, 3.395589E+00,5, 0.000000E+00,0, 0.000000E+00,4, 3.352710E+00, 3.378703E-01, 1.649296E+00,NULL,NULL,1,mc_qqps,53
-21041,2530,20228,41559,94C2, 9.125000E+01,43,11,54,43,11,-3.302919E+00, 2.466384E+00,-4.878076E+00, 8.743688E+01, 8.664141E+01, 2.014916E+00,-1.344796E+01, 6.595129E+00,-1.544661E+01, 1.309571E+02, 6.981104E+01, 1.326692E+01, 2.715522E+01,12, 2.602283E+00,0, 0.000000E+00,0, 0.000000E+00,8, 1.637362E+01, 5.776886E-01, 6.095218E+00,NULL,NULL,1,mc_qqps,53
-21041,2531,20228,41618,94C2, 9.125000E+01,45,18,63,45,18, 2.437020E+00, 1.190870E+00,-1.760017E+00, 7.281068E+01, 7.194018E+01, 1.598671E+00, 7.778988E-01,-1.928384E+00, 8.901763E-01, 9.669519E+01, 4.061276E+01, 2.218680E+01, 1.697708E+00,2, 0.000000E+00,16, 7.279817E+00,0, 0.000000E+00,1, 1.358199E+00, 1.358199E+00, 1.358199E+00,1, 0.000000E+00,1,mc_qqps,53
-21041,2532,20228,41637,94C2, 9.125000E+01,22,17,39,22,17, 1.545927E+00, 1.981011E+00, 1.847050E+01, 4.488195E+01, 4.452623E+01, 2.023920E+00,-1.971861E-01, 4.364128E-01, 1.789631E+01, 7.669818E+01, 3.541099E+01, 3.181623E+01, 0.000000E+00,7, 5.741492E-02,10, 2.322589E+00,0, 0.000000E+00,5, 8.156291E+00, 4.036759E-01, 3.350136E+00,3, 0.000000E+00,1,mc_qqps,53
-21041,2533,20228,41700,94C2, 9.125000E+01,49,19,68,49,19,-6.413100E+00, 7.993868E+00,-1.092013E+01, 4.988871E+01, 4.879243E+01, 9.957639E-01,-3.902303E+00, 2.476798E+00,-2.458241E+00, 9.746537E+01, 3.828525E+01, 3.369075E+01, 1.183947E+01,16, 4.992526E+00,3, 0.000000E+00,0, 0.000000E+00,13, 3.364079E+01, 4.312964E-01, 1.401789E+01,NULL,NULL,1,mc_qqps,53
-21041,2534,20228,41718,94C2, 9.125000E+01,32,12,44,32,12, 3.936204E+00,-2.354206E+00,-4.027033E+00, 8.360584E+01, 8.314380E+01, 2.598244E+00, 3.438165E+00,-2.186878E+00,-4.222461E+00, 9.069915E+01, 7.463042E+01, 5.790648E+00, 1.302664E+00,2, 0.000000E+00,10, 0.000000E+00,0, 0.000000E+00,1, 8.845760E-01, 8.845760E-01, 8.845760E-01,NULL,NULL,1,mc_qqps,53
-21041,2535,20228,41737,94C2, 9.125000E+01,35,22,57,35,22, 1.573924E+00,-1.327724E+00,-9.618982E+00, 7.097558E+01, 7.052328E+01, 2.014951E+00, 3.440073E+00,-1.719111E+00,-6.717415E+00, 9.195955E+01, 4.473595E+01, 1.609266E+01, 4.102341E+00,4, 0.000000E+00,20, 2.853294E+00,0, 0.000000E+00,3, 4.000602E+00, 8.362129E-01, 1.770083E+00,1, 0.000000E+00,1,mc_qqps,53
-21041,2536,20228,41755,94C2, 9.125000E+01,32,12,44,32,12,-2.000608E+00, 9.811923E+00, 1.058962E+01, 6.336583E+01, 6.285592E+01, 1.964247E+00,-3.321076E+00, 8.813183E+00, 1.218866E+01, 9.021490E+01, 5.872530E+01, 1.721548E+01, 8.237803E+00,9, 1.830640E+00,3, 0.000000E+00,0, 0.000000E+00,5, 1.365722E+01, 7.740346E-01, 7.830176E+00,NULL,NULL,1,mc_qqps,53
-21041,2537,20228,41815,94C2, 9.125000E+01,11,5,16,11,5,-1.467428E+01, 1.334635E+01, 1.478121E+01, 6.442117E+01, 6.423050E+01, 5.839136E+00,-1.255213E+01, 5.985630E+00, 1.078611E+01, 7.395541E+01, 6.319232E+01, 6.448332E+00, 2.387509E+00,4, 2.457895E-01,0, 0.000000E+00,0, 0.000000E+00,3, 7.146729E+00, 6.983976E-01, 5.716248E+00,NULL,NULL,1,mc_qqps,53
-21041,2538,20228,41828,94C2, 9.125000E+01,36,14,50,36,14, 2.637581E+00,-5.142094E+00, 1.359971E+01, 5.531241E+01, 5.458357E+01, 1.516210E+00, 3.039036E+00,-3.614646E+00, 6.894723E+00, 8.003183E+01, 4.370489E+01, 1.928840E+01, 6.033755E+00,5, 3.535026E-01,7, 0.000000E+00,0, 0.000000E+00,NULL,NULL,NULL,NULL,3, 0.000000E+00,1,mc_qqps,53
-21041,2539,20228,41851,94C2, 9.125000E+01,38,17,55,38,17, 1.111357E+01,-1.346972E+01, 3.942801E+00, 4.763482E+01, 4.660090E+01, 1.226339E+00, 1.601516E+01,-2.464665E+01, 6.688950E+00, 1.204193E+02, 4.247868E+01, 4.436879E+01, 2.850944E+01,22, 3.020021E+00,0, 0.000000E+00,0, 0.000000E+00,12, 1.246888E+01, 4.479714E-01, 1.724054E+00,NULL,NULL,1,mc_qqps,53
-21041,2540,20228,41906,94C2, 9.125000E+01,17,17,34,17,17, 9.432375E-01,-7.077368E+00, 2.676992E+00, 3.421872E+01, 3.402002E+01, 2.001178E+00, 2.610281E+00,-3.900915E+00, 4.173705E+00, 1.035313E+02, 1.950224E+01, 1.951291E+01, 4.710080E+01,12, 5.266232E-01,0, 0.000000E+00,0, 0.000000E+00,8, 2.247269E+01, 5.909095E-01, 5.394111E+00,NULL,NULL,1,mc_qqps,53
-21041,2541,20228,41918,94C2, 9.125000E+01,24,13,37,24,13,-4.029301E+01,-8.136398E+01,-3.525068E+00, 1.517291E+02, 1.511875E+02, 6.299480E+00,-4.055865E+01,-7.916042E+01,-3.430607E+00, 1.675766E+02, 1.261994E+02, 1.377082E+01, 2.051016E-01,16, 3.270627E+00,0, 0.000000E+00,0, 0.000000E+00,11, 1.397954E+01, 7.542041E-01, 2.146528E+00,NULL,NULL,1,mc_qqps,53
-21041,2542,20228,41936,94C2, 9.125000E+01,42,15,57,42,15,-1.601725E+00,-3.659871E+00,-3.915587E+00, 5.739919E+01, 5.665300E+01, 1.348881E+00,-3.646181E+00,-1.048634E+00,-1.085129E+01, 9.225706E+01, 4.901816E+01, 2.797799E+01, 6.100689E+00,22, 3.536781E-01,0, 0.000000E+00,0, 0.000000E+00,12, 2.856107E+01, 3.499397E-01, 8.435870E+00,NULL,NULL,1,mc_qqps,53
-21041,2543,20228,41951,94C2, 9.125000E+01,31,17,48,31,17, 1.850373E-01,-1.726947E+01,-1.802826E+00, 5.185976E+01, 5.068843E+01, 1.635110E+00, 4.037187E+00,-1.115066E+01,-2.464467E+00, 1.043749E+02, 4.733622E+01, 3.076049E+01, 1.455327E+01,14, 3.202774E+00,0, 0.000000E+00,0, 0.000000E+00,12, 3.598685E+01, 7.019557E-01, 9.078583E+00,NULL,NULL,1,mc_qqps,53
-21041,2544,20228,42007,94C2, 9.125000E+01,25,14,39,25,14,-4.744086E+00, 5.275772E-01,-1.023734E+00, 7.961287E+01, 7.921224E+01, 3.168490E+00,-1.097452E+01,-8.271855E-01,-1.137259E+01, 1.236187E+02, 7.718970E+01, 1.285239E+01, 2.531231E+01,10, 9.893665E-02,1, 0.000000E+00,0, 0.000000E+00,8, 1.831164E+01, 5.972792E-01, 4.415580E+00,NULL,NULL,1,mc_qqps,53
-21041,2545,20228,42020,94C2, 9.125000E+01,53,18,71,53,18, 3.327164E+00, 8.718355E-01,-8.221925E+00, 6.924050E+01, 6.806484E+01, 1.284242E+00, 2.783555E+00, 1.172522E+00,-1.011832E+01, 8.718433E+01, 4.770661E+01, 1.134643E+01, 5.544940E+00,7, 1.466403E-01,11, 6.049883E-01,0, 0.000000E+00,4, 4.012813E+00, 7.948766E-01, 1.294186E+00,2, 0.000000E+00,1,mc_qqps,53
-21041,2546,20228,42045,94C2, 9.125000E+01,37,17,54,37,17, 1.003587E+01, 1.298499E+01, 1.061215E+01, 6.840496E+01, 6.757594E+01, 1.826377E+00, 9.074018E+00, 1.250947E+01, 8.049973E+00, 9.249062E+01, 4.184806E+01, 1.069604E+01, 1.210636E+01,11, 2.403724E-01,3, 3.157431E+00,0, 0.000000E+00,7, 8.359756E+00, 5.802993E-01, 2.333473E+00,2, 0.000000E+00,1,mc_qqps,53
-21041,2547,20228,42103,94C2, 9.125000E+01,28,21,49,28,21, 7.041558E+00,-9.576640E+00,-7.487594E-01, 4.884753E+01, 4.814012E+01, 1.719290E+00,-6.252208E-01, 9.317666E-01,-2.159247E+00, 8.301577E+01, 4.276597E+01, 2.886200E+01, 4.541073E+00,15, 1.326416E+00,2, 0.000000E+00,0, 0.000000E+00,12, 2.369448E+01, 3.654890E-01, 6.850415E+00,NULL,NULL,1,mc_qqps,53
-21041,2548,20228,42121,94C2, 9.125000E+01,31,18,49,31,18,-1.216938E+01, 4.693136E+00,-2.243807E+01, 4.283344E+01, 4.224998E+01, 1.362903E+00,-6.725147E+00, 2.661465E+00,-1.219037E+01, 6.642590E+01, 2.940685E+01, 1.227754E+01, 1.131491E+01,4, 0.000000E+00,17, 1.010418E+01,0, 0.000000E+00,2, 1.685557E+00, 5.429535E-01, 1.142603E+00,NULL,NULL,1,mc_qqps,53
-21041,2549,20228,42136,94C2, 9.125000E+01,50,21,71,50,21, 3.369757E+00, 1.672983E+01, 1.781809E+00, 8.331962E+01, 8.200336E+01, 1.640067E+00, 9.238496E-01, 6.549134E+00,-2.494614E-01, 1.190285E+02, 3.934962E+01, 2.153076E+01, 1.048245E+01,17, 1.023262E+00,0, 0.000000E+00,0, 0.000000E+00,13, 1.504692E+01, 3.384168E-01, 2.480942E+00,NULL,NULL,1,mc_qqps,53
-21041,2550,20228,42155,94C2, 9.125000E+01,18,9,27,18,9, 1.240838E+01,-1.302327E+01, 1.898940E-01, 4.494865E+01, 4.456404E+01, 2.475780E+00,-1.145659E+01, 9.210792E+00,-1.203257E+00, 9.203171E+01, 4.306615E+01, 4.623698E+01, 8.460824E-01,14, 1.313562E+01,0, 0.000000E+00,0, 0.000000E+00,8, 4.623698E+01, 6.306524E-01, 2.479395E+01,NULL,NULL,1,mc_qqps,53
-21041,2551,20228,42206,94C2, 9.125000E+01,50,20,70,50,20, 9.005951E+00,-4.000027E-01, 1.082223E+01, 6.777882E+01, 6.684806E+01, 1.336961E+00, 4.006670E-01,-7.192354E-01, 1.017989E+01, 9.214335E+01, 4.852132E+01, 1.808681E+01, 4.488349E+00,12, 8.187479E-02,12, 0.000000E+00,0, 0.000000E+00,10, 1.364902E+01, 4.506443E-01, 4.809327E+00,NULL,NULL,1,mc_qqps,53
-21041,2552,20228,42223,94C2, 9.125000E+01,14,19,33,14,19,-2.594069E+00,-2.555291E+00,-7.929828E+00, 5.573849E+01, 5.562423E+01, 3.973160E+00,-6.135818E-01, 3.336902E+00,-2.140542E+01, 8.707338E+01, 3.427920E+01, 3.133488E+01, 0.000000E+00,1, 0.000000E+00,21, 2.618802E+01,0, 0.000000E+00,1, 6.907647E-01, 6.907647E-01, 6.907647E-01,1, 0.000000E+00,1,mc_qqps,53
-21041,2553,20228,42235,94C2, 9.125000E+01,21,24,45,21,24,-1.495650E+01, 5.894413E+00, 1.163677E+01, 6.083390E+01, 6.049223E+01, 2.880582E+00,-4.233475E+00,-1.692555E+00, 7.730633E-01, 9.044491E+01, 5.086547E+01, 2.388002E+01, 3.952525E+00,6, 0.000000E+00,17, 1.952402E+00,0, 0.000000E+00,6, 9.752783E+00, 4.812853E-01, 4.359023E+00,NULL,NULL,1,mc_qqps,53
-21041,2554,20228,42250,94C2, 9.125000E+01,20,12,32,20,12, 1.747895E+00,-1.503933E+00,-1.271741E-01, 6.588990E+01, 6.558041E+01, 3.279020E+00,-7.036743E-01,-1.941946E+00, 3.470385E+00, 1.125165E+02, 6.485306E+01, 1.263087E+01, 1.811269E+01,11, 1.816283E+00,1, 0.000000E+00,0, 0.000000E+00,9, 2.869762E+01, 7.389101E-01, 1.247466E+01,NULL,NULL,1,mc_qqps,53
-21041,2555,20228,42301,94C2, 9.125000E+01,21,13,34,21,13, 1.170676E+00, 7.720657E+00,-2.248610E+01, 3.515281E+01, 3.481164E+01, 1.657697E+00, 1.280880E+00, 1.253961E+01,-2.229364E+01, 5.923891E+01, 2.697266E+01, 1.857090E+01, 5.515197E+00,4, 0.000000E+00,5, 0.000000E+00,0, 0.000000E+00,3, 3.930320E+00, 7.648263E-01, 2.101728E+00,3, 0.000000E+00,1,mc_qqps,53
-21041,2556,20228,42323,94C2, 9.125000E+01,41,7,48,41,7,-1.484471E+00,-6.812308E-01,-8.813885E-01, 5.683972E+01, 5.604038E+01, 1.366839E+00,-8.852622E+00, 2.110947E+00,-1.748932E+00, 7.721170E+01, 4.604681E+01, 1.194513E+01, 1.306810E+00,12, 1.171900E+00,0, 0.000000E+00,0, 0.000000E+00,6, 1.906519E+01, 7.466763E-01, 7.120059E+00,NULL,NULL,1,mc_qqps,53
-21041,2557,20228,42342,94C2, 9.125000E+01,21,12,33,21,12,-9.060933E+00,-5.663345E+00, 8.815666E-01, 5.654874E+01, 5.616426E+01, 2.674489E+00, 1.304357E+00,-1.377486E+00,-6.159595E-01, 9.081730E+01, 5.496453E+01, 3.338568E+01, 0.000000E+00,14, 8.640069E-01,1, 0.000000E+00,0, 0.000000E+00,10, 3.304462E+01, 7.064229E-01, 2.150006E+01,NULL,NULL,1,mc_qqps,53
-21041,2558,20228,42353,94C2, 9.125000E+01,27,2,29,27,2, 2.886619E+00, 5.018314E+00,-2.821336E+00, 4.727282E+01, 4.660636E+01, 1.726161E+00,-4.311346E+00, 4.499463E+00,-1.376585E+00, 5.464254E+01, 4.597604E+01, 7.369720E+00, 0.000000E+00,11, 9.307829E-01,0, 0.000000E+00,0, 0.000000E+00,2, 7.369720E+00, 8.902613E-01, 6.479459E+00,NULL,NULL,1,mc_qqps,53
-21041,2559,20228,42407,94C2, 9.125000E+01,26,8,34,26,8, 6.931811E+00,-2.723289E+00, 3.938211E+00, 6.942709E+01, 6.912537E+01, 2.658668E+00, 9.421389E+00,-3.946199E-01, 6.636526E+00, 9.806168E+01, 6.747684E+01, 1.749223E+01, 5.550555E+00,5, 1.001224E-01,1, 0.000000E+00,0, 0.000000E+00,4, 2.308402E+01, 4.933586E-01, 1.079417E+01,NULL,NULL,1,mc_qqps,53
-21041,2560,20228,42422,94C2, 9.125000E+01,22,16,38,22,16, 5.745216E+00, 2.322066E+00, 1.451153E+01, 2.294573E+01, 2.237280E+01, 1.016945E+00, 1.852504E+00,-1.285439E+00, 2.642039E+00, 6.010011E+01, 1.799343E+01, 2.608048E+01, 1.107391E+01,4, 0.000000E+00,7, 0.000000E+00,0, 0.000000E+00,4, 5.514079E+00, 8.203249E-01, 2.698167E+00,2, 0.000000E+00,1,mc_qqps,53
-21041,2561,20228,42444,94C2, 9.125000E+01,26,15,41,26,15, 8.424783E-01,-1.207487E-01,-1.769486E+01, 8.216650E+01, 8.189399E+01, 3.149769E+00, 7.460109E+00, 1.064739E+00,-4.331620E+00, 1.105279E+02, 3.870474E+01, 2.020226E+01, 8.275349E+00,0, 0.000000E+00,18, 5.191423E+00,0, 0.000000E+00,NULL,NULL,NULL,NULL,1, 0.000000E+00,1,mc_qqps,53
-21041,2562,20228,42458,94C2, 9.125000E+01,26,15,41,26,15, 5.036710E+00, 2.078758E+01,-1.055358E+01, 4.359164E+01, 4.296054E+01, 1.652329E+00,-7.257757E-01,-2.079827E+00, 1.468115E+00, 8.659928E+01, 2.931730E+01, 1.367117E+01, 7.477918E+00,12, 7.349383E+00,1, 0.000000E+00,0, 0.000000E+00,9, 3.105661E+01, 6.651208E-01, 1.133395E+01,NULL,NULL,1,mc_qqps,53
-21041,2563,20228,42512,94C2, 9.125000E+01,39,12,51,39,12, 8.202746E+00,-5.106256E+00, 2.118281E+01, 1.381142E+02, 1.373228E+02, 3.521097E+00, 7.506149E+00,-4.977968E+00, 1.991152E+01, 1.484363E+02, 2.468991E+01, 1.019873E+01, 1.233930E-01,2, 0.000000E+00,17, 7.555816E+00,0, 0.000000E+00,2, 1.690624E+00, 7.509442E-01, 9.396803E-01,NULL,NULL,1,mc_qqps,53
-21041,2564,20228,42526,94C2, 9.125000E+01,33,27,60,33,27,-3.705234E+00,-1.243162E+00,-3.338633E+00, 6.459784E+01, 6.419574E+01, 1.945325E+00,-1.219852E+00, 1.874340E+00,-7.729982E-01, 9.932792E+01, 6.023996E+01, 1.899057E+01, 8.437681E+00,17, 1.694455E+00,6, 0.000000E+00,0, 0.000000E+00,12, 1.912987E+01, 7.301806E-01, 4.861263E+00,NULL,NULL,1,mc_qqps,53
-21041,2565,20228,42545,94C2, 9.125000E+01,25,19,44,25,19, 8.560832E+00,-7.055656E+00,-8.280931E+00, 6.634539E+01, 6.592350E+01, 2.636940E+00,-4.059890E+00, 1.481463E+00, 3.650982E+00, 9.797462E+01, 4.281223E+01, 2.981333E+01, 0.000000E+00,19, 3.629159E-01,1, 0.000000E+00,0, 0.000000E+00,17, 2.689317E+01, 3.779646E-01, 5.730659E+00,NULL,NULL,1,mc_qqps,53
-21041,2566,20228,42558,94C2, 9.125000E+01,41,16,57,41,16, 2.762717E+00,-8.030474E+00,-2.896719E+00, 5.197190E+01, 5.063960E+01, 1.235112E+00, 2.284606E-01,-5.727365E-01,-2.742108E+00, 7.490244E+01, 4.517080E+01, 2.176489E+01, 1.165649E+00,11, 0.000000E+00,2, 0.000000E+00,0, 0.000000E+00,9, 1.980607E+01, 8.164684E-01, 4.582871E+00,NULL,NULL,1,mc_qqps,53
-21041,2567,20228,42613,94C2, 9.125000E+01,9,7,16,9,7,-1.141399E+01, 6.324131E+00,-1.563191E+01, 5.789983E+01, 5.787552E+01, 6.430614E+00,-1.270418E+01, 6.878955E+00,-1.830613E+01, 6.728358E+01, 5.802707E+01, 6.585818E+00, 2.797932E+00,5, 4.648867E-01,6, 7.377156E+00,0, 0.000000E+00,3, 4.203704E+00, 4.465977E-01, 2.059732E+00,NULL,NULL,1,mc_qqps,53
-21041,2568,20228,42624,94C2, 9.125000E+01,27,13,40,27,13,-1.329006E+00,-8.396325E-01,-2.483410E-01, 5.220596E+01, 5.183605E+01, 1.919854E+00,-5.141606E+00, 3.643292E+00, 1.184943E+01, 6.892397E+01, 3.861108E+01, 9.331860E+00, 7.416282E+00,2, 0.000000E+00,14, 7.310396E+00,0, 0.000000E+00,NULL,NULL,NULL,NULL,1, 0.000000E+00,1,mc_qqps,53
-21041,2569,20228,42640,94C2, 9.125000E+01,17,7,24,17,7, 1.414594E+01,-1.447152E+01,-5.049884E+00, 6.564304E+01, 6.545068E+01, 3.850040E+00,-3.375920E+00, 2.737461E+00, 9.921277E-01, 9.128201E+01, 6.448204E+01, 2.262339E+01, 2.333972E+00,10, 3.552129E-01,0, 0.000000E+00,0, 0.000000E+00,6, 2.330500E+01, 5.537686E-01, 1.193282E+01,NULL,NULL,1,mc_qqps,53
-21041,2570,20228,42651,94C2, 9.125000E+01,35,17,52,35,17, 5.622249E+00,-3.415104E+00, 3.251502E+00, 5.569701E+01, 5.491238E+01, 1.568925E+00, 2.833590E+00, 1.160874E+00, 3.530710E+00, 8.297474E+01, 4.611886E+01, 2.255371E+01, 3.873232E+00,18, 1.033340E+01,3, 7.521349E-01,0, 0.000000E+00,11, 2.005503E+01, 5.607234E-01, 4.202903E+00,2, 0.000000E+00,1,mc_qqps,53
-21041,2571,20228,42708,94C2, 9.125000E+01,4,14,18,4,14,-5.262480E-01, 2.379873E-01, 1.192309E+00, 2.681498E+00, 2.612741E+00, 6.531854E-01,-3.834438E-02, 4.186949E-01, 8.102030E+00, 3.083771E+01, 2.697242E+00, 2.647001E+01, 1.686199E+00,0, 0.000000E+00,4, 0.000000E+00,0, 0.000000E+00,NULL,NULL,NULL,NULL,8, 0.000000E+00,0,mc_qqps,53
-21041,2572,20228,42741,94C2, 9.125000E+01,36,14,50,36,14,-2.692156E+00, 4.324043E-01,-5.005478E+00, 6.826686E+01, 6.756100E+01, 1.876694E+00,-2.315474E+00,-5.399368E-01,-2.780237E+00, 8.479478E+01, 5.907728E+01, 1.652793E+01, 0.000000E+00,5, 0.000000E+00,7, 0.000000E+00,0, 0.000000E+00,4, 4.523543E+00, 7.213516E-01, 1.354838E+00,NULL,NULL,1,mc_qqps,53
-21041,2573,20228,42759,94C2, 9.125000E+01,38,12,50,38,12,-1.233515E+01,-4.441340E+00, 7.407385E+00, 5.119631E+01, 5.049494E+01, 1.328814E+00,-1.912263E+01,-7.340420E+00, 1.073423E+01, 7.199012E+01, 3.626031E+01, 1.205947E+01, 8.819055E+00,11, 1.881832E+00,0, 0.000000E+00,0, 0.000000E+00,4, 6.169764E+00, 3.242878E-01, 2.918011E+00,NULL,NULL,1,mc_qqps,53
-21041,2574,20228,42812,94C2, 9.125000E+01,33,12,45,33,12,-1.786508E+00,-2.900490E+00, 1.177732E-01, 6.060493E+01, 5.993751E+01, 1.816288E+00,-1.826347E+00,-4.439836E+00, 3.539214E+00, 8.795927E+01, 4.978941E+01, 2.165091E+01, 5.146423E+00,7, 0.000000E+00,6, 0.000000E+00,0, 0.000000E+00,5, 1.605715E+01, 5.570099E-01, 7.924718E+00,NULL,NULL,1,mc_qqps,53
-21041,2575,20228,42826,94C2, 9.125000E+01,34,17,51,34,17, 4.027287E+00,-1.506229E+01,-2.483648E+00, 5.806377E+01, 5.756322E+01, 1.693036E+00, 3.982018E+00,-5.087687E+00, 1.661964E-01, 8.822802E+01, 5.190268E+01, 2.854029E+01, 3.014858E-01,22, 6.537831E+00,2, 0.000000E+00,0, 0.000000E+00,12, 2.715501E+01, 4.677018E-01, 1.007198E+01,NULL,NULL,1,mc_qqps,53
-21041,2576,20228,42840,94C2, 9.125000E+01,23,15,38,23,15,-1.521468E+01, 3.521908E+00,-4.112203E+00, 6.474599E+01, 6.439503E+01, 2.799784E+00, 5.938370E+00, 2.223258E+00, 6.591504E+00, 1.115426E+02, 4.777709E+01, 3.755397E+01, 9.242649E+00,14, 9.612043E+00,0, 0.000000E+00,0, 0.000000E+00,11, 3.548987E+01, 4.217149E-01, 1.925039E+01,NULL,NULL,1,mc_qqps,53
-21041,2577,20228,42853,94C2, 9.125000E+01,24,17,41,24,17, 9.375768E+00,-2.774122E-01, 4.651728E+00, 4.692580E+01, 4.655091E+01, 1.939621E+00, 2.977591E+01,-9.101424E+00, 9.207034E+00, 1.251288E+02, 4.353048E+01, 7.304742E+01, 5.157310E+00,24, 1.538602E+01,0, 0.000000E+00,0, 0.000000E+00,15, 2.838986E+01, 4.129530E-01, 7.650473E+00,NULL,NULL,1,mc_qqps,53
-21041,2578,20228,42904,94C2, 9.125000E+01,8,8,16,8,8, 3.077131E+00, 7.842841E-01, 8.972181E+00, 1.298326E+01, 1.283758E+01, 1.604697E+00, 2.800735E+00, 8.221018E-01, 1.219436E+01, 2.516079E+01, 5.324085E+00, 9.186201E+00, 2.991318E+00,0, 0.000000E+00,2, 0.000000E+00,0, 0.000000E+00,NULL,NULL,NULL,NULL,5, 0.000000E+00,0,mc_qqps,53
-21041,2579,20228,42921,94C2, 9.125000E+01,40,19,59,40,19, 5.583542E+00,-2.215164E+00,-6.386384E+00, 4.804804E+01, 4.733097E+01, 1.183274E+00, 9.108126E+00, 3.356938E-01,-6.521523E+00, 7.245232E+01, 4.040422E+01, 1.699943E+01, 5.052458E+00,17, 1.663055E+00,2, 5.502118E-01,0, 0.000000E+00,13, 1.681720E+01, 4.865004E-01, 3.412749E+00,NULL,NULL,1,mc_qqps,53
-21041,2580,20228,42938,94C2, 9.125000E+01,15,16,31,15,16, 1.476357E+01, 1.367558E+00, 1.851623E+00, 3.876406E+01, 3.860561E+01, 2.573707E+00, 1.410077E+01, 1.454531E+00, 2.055430E+00, 7.087283E+01, 3.514113E+01, 2.566690E+01, 9.289950E-01,17, 6.251797E+00,0, 0.000000E+00,0, 0.000000E+00,14, 3.117978E+01, 3.962052E-01, 8.359118E+00,NULL,NULL,1,mc_qqps,53
-21041,2581,20228,42950,94C2, 9.125000E+01,24,9,33,24,9, 1.280798E+01, 3.271970E+00, 7.332290E+00, 6.228044E+01, 6.184434E+01, 2.576847E+00, 3.835070E+00, 3.204451E-01, 9.239552E-01, 9.290419E+01, 6.011391E+01, 2.820735E+01, 2.467885E+00,10, 9.357703E-02,0, 0.000000E+00,0, 0.000000E+00,7, 2.514537E+01, 6.390117E-01, 1.943286E+01,NULL,NULL,1,mc_qqps,53
-21041,2582,20228,43005,94C2, 9.125000E+01,46,15,61,46,15, 1.687858E+01, 2.148659E+01, 5.501809E+00, 8.053735E+01, 7.957009E+01, 1.729785E+00, 2.411454E+01, 2.673386E+01, 5.025705E+00, 1.186499E+02, 3.312505E+01, 2.005708E+01, 1.306826E+01,17, 2.371741E-01,0, 0.000000E+00,0, 0.000000E+00,10, 2.540257E+01, 4.675098E-01, 1.451348E+01,NULL,NULL,1,mc_qqps,53
-21041,2583,20228,43022,94C2, 9.125000E+01,30,13,43,30,13,-6.968993E+00, 3.550311E+00, 7.727398E+00, 5.864444E+01, 5.819934E+01, 1.939978E+00,-1.277555E+00, 9.724262E-01, 5.086064E-01, 7.714993E+01, 4.948624E+01, 6.809289E+00, 1.180013E+01,5, 4.468411E-01,8, 0.000000E+00,0, 0.000000E+00,1, 5.855464E-01, 5.855464E-01, 5.855464E-01,NULL,NULL,1,mc_qqps,53
-21041,2584,20228,43036,94C2, 9.125000E+01,21,7,28,21,7,-1.432640E-01,-4.304965E+00, 3.609509E+00, 4.934767E+01, 4.893225E+01, 2.330107E+00, 4.905931E+00, 1.280447E+01,-4.379350E+00, 7.710587E+01, 4.852382E+01, 1.335875E+01, 1.446125E+01,10, 5.920311E+00,0, 0.000000E+00,0, 0.000000E+00,4, 1.222285E+01, 9.402758E-01, 6.261973E+00,NULL,NULL,1,mc_qqps,53
-21041,2585,20228,43048,94C2, 9.125000E+01,48,25,73,48,25, 3.391012E+00,-6.586611E-03,-3.612816E-01, 7.158846E+01, 7.063135E+01, 1.471486E+00, 6.987785E+00, 2.644542E+01,-6.756360E+00, 1.073955E+02, 5.050572E+01, 3.321592E+01, 0.000000E+00,30, 4.252651E+00,0, 0.000000E+00,0, 0.000000E+00,20, 2.602434E+01, 4.959348E-01, 4.513221E+00,NULL,NULL,1,mc_qqps,53
-21041,2586,20228,43108,94C2, 9.125000E+01,30,19,49,30,19,-6.333296E-01,-5.754938E+00, 7.665370E+00, 8.440804E+01, 8.386984E+01, 2.795661E+00,-9.040204E-01,-2.592854E+00, 5.743914E+00, 1.127554E+02, 7.583174E+01, 1.160815E+01, 9.887434E+00,8, 0.000000E+00,8, 2.455472E+00,0, 0.000000E+00,7, 1.254885E+01, 7.886979E-01, 2.788898E+00,NULL,NULL,1,mc_qqps,53
-21041,2587,20228,43128,94C2, 9.125000E+01,14,12,26,14,12, 3.108413E+00, 1.222291E+00, 3.628302E+00, 5.478151E+01, 5.469783E+01, 3.906988E+00, 7.235145E+00, 4.050271E+00, 6.256301E+00, 8.588687E+01, 5.478151E+01, 2.118231E+01, 7.992095E+00,13, 4.379228E+00,1, 0.000000E+00,0, 0.000000E+00,9, 2.201434E+01, 5.895849E-01, 1.283564E+01,NULL,NULL,1,mc_qqps,53
-21041,2588,20228,43139,94C2, 9.125000E+01,25,8,33,25,8,-7.854688E+00, 3.228420E-01,-7.013171E+00, 6.961367E+01, 6.921682E+01, 2.768673E+00,-8.214257E+00, 9.087930E-01,-5.979688E+00, 7.772903E+01, 6.855715E+01, 5.944920E+00, 0.000000E+00,12, 3.664947E+00,0, 0.000000E+00,0, 0.000000E+00,7, 7.063823E+00, 2.692461E-01, 1.634252E+00,NULL,NULL,1,mc_qqps,53
-21041,2589,20228,43151,94C2, 9.125000E+01,22,12,34,22,12, 3.479985E+00,-8.198135E-01,-1.390746E+01, 5.740802E+01, 5.705138E+01, 2.593245E+00, 5.592977E+00, 1.066768E+00,-1.562439E+01, 8.696283E+01, 2.786304E+01, 2.057095E+01, 5.671675E+00,4, 0.000000E+00,7, 9.035056E+00,0, 0.000000E+00,3, 8.144611E+00, 1.878055E+00, 3.312183E+00,NULL,NULL,1,mc_qqps,53
-21041,2590,20228,43205,94C2, 9.125000E+01,16,12,28,16,12,-6.641661E+00,-1.746183E+01, 9.016804E+00, 3.060417E+01, 3.022642E+01, 1.889151E+00, 8.804765E-01,-5.582877E+00, 4.821826E+00, 7.041183E+01, 2.921234E+01, 3.601847E+01, 3.789187E+00,12, 9.629087E+00,1, 0.000000E+00,0, 0.000000E+00,9, 3.566302E+01, 5.073299E-01, 2.194361E+01,NULL,NULL,1,mc_qqps,53
-21041,2591,20228,43219,94C2, 9.125000E+01,34,20,54,34,20, 2.218347E-01, 3.180935E+00, 5.562193E+00, 5.644369E+01, 5.589846E+01, 1.644072E+00, 4.253631E+00, 4.186014E+00, 6.439100E+00, 9.560311E+01, 4.673451E+01, 1.890538E+01, 1.454464E+01,12, 1.856702E-01,2, 0.000000E+00,0, 0.000000E+00,9, 1.489812E+01, 9.107412E-01, 4.658636E+00,1, 0.000000E+00,1,mc_qqps,53
-21041,2592,20228,43238,94C2, 9.125000E+01,37,18,55,37,18,-8.347536E-01, 1.479223E+00, 9.501148E+00, 6.958466E+01, 6.892517E+01, 1.862842E+00, 9.220629E-01,-6.327000E+00,-5.410579E+00, 9.818464E+01, 5.734496E+01, 8.942042E+00, 1.969185E+01,1, 0.000000E+00,22, 4.871563E+00,0, 0.000000E+00,NULL,NULL,NULL,NULL,1, 0.000000E+00,1,mc_qqps,53
-21041,2593,20228,43257,94C2, 9.125000E+01,25,11,36,25,11, 2.323490E+00,-4.919460E+00,-1.406470E+00, 6.037404E+01, 6.006600E+01, 2.402640E+00, 1.313226E-01, 4.072528E-01, 5.911722E-01, 8.310997E+01, 5.942567E+01, 1.478768E+01, 5.470214E+00,16, 9.073113E+00,0, 0.000000E+00,0, 0.000000E+00,8, 1.168143E+01, 4.421155E-01, 2.985446E+00,NULL,NULL,1,mc_qqps,53
-21041,2594,20228,43309,94C2, 9.125000E+01,40,7,47,40,7,-1.059357E+00, 1.202577E+01,-2.367074E+00, 5.570931E+01, 5.451880E+01, 1.362970E+00, 4.457964E-01, 2.271895E+00,-2.183468E-01, 7.476131E+01, 4.956450E+01, 1.905200E+01, 0.000000E+00,11, 5.504853E+00,0, 0.000000E+00,0, 0.000000E+00,6, 1.814597E+01, 6.036727E-01, 6.782938E+00,NULL,NULL,1,mc_qqps,53
-21041,2595,20228,43330,94C2, 9.125000E+01,26,14,40,26,14, 2.703685E+00, 1.538327E+00, 1.550940E+00, 8.016474E+01, 7.950594E+01, 3.057921E+00, 8.243907E+00, 1.106743E+01, 3.778746E+00, 1.060390E+02, 7.518788E+01, 2.568306E+01, 1.912125E-01,15, 1.629220E+01,2, 0.000000E+00,0, 0.000000E+00,6, 1.138859E+01, 8.534198E-01, 4.295122E+00,NULL,NULL,1,mc_qqps,53
-21041,2596,20228,43344,94C2, 9.125000E+01,26,17,43,26,17,-6.954782E+00,-6.105348E+00, 1.063634E+01, 4.156924E+01, 4.117786E+01, 1.583764E+00,-1.467521E+00,-6.763498E-01,-3.710061E-01, 8.435451E+01, 3.800928E+01, 3.906442E+01, 1.004113E+00,15, 1.097877E+01,0, 0.000000E+00,0, 0.000000E+00,13, 3.767408E+01, 3.772697E-01, 2.119216E+01,NULL,NULL,1,mc_qqps,53
-21041,2597,20228,43401,94C2, 9.125000E+01,49,18,67,49,18,-1.775566E+01,-8.989572E+00,-9.897612E-01, 8.757185E+01, 8.679174E+01, 1.771260E+00,-2.708408E+01,-9.941542E+00, 2.424675E+00, 1.225783E+02, 5.598334E+01, 2.863782E+01, 4.871692E+00,19, 7.580017E+00,0, 0.000000E+00,0, 0.000000E+00,10, 1.563889E+01, 6.018305E-01, 5.594378E+00,NULL,NULL,1,mc_qqps,53
-21041,2598,20228,43418,94C2, 9.125000E+01,45,11,56,45,11, 3.296391E+00, 2.202156E+00, 1.368338E+00, 5.664083E+01, 5.488734E+01, 1.219719E+00,-9.781608E+00,-2.938148E+00,-3.266987E+00, 7.573680E+01, 4.784912E+01, 9.549239E+00, 4.757547E-01,11, 3.418088E+00,1, 0.000000E+00,0, 0.000000E+00,7, 1.731656E+01, 7.283441E-01, 8.292970E+00,NULL,NULL,1,mc_qqps,53
-21041,2599,20228,43435,94C2, 9.125000E+01,19,6,25,19,6,-2.203179E+00,-7.436224E+00, 1.760202E+00, 4.663035E+01, 4.633006E+01, 2.438424E+00,-1.037442E+00,-3.336908E+00, 1.172481E+00, 5.994810E+01, 4.116339E+01, 9.258690E+00, 3.503995E+00,8, 3.145818E+00,0, 0.000000E+00,0, 0.000000E+00,4, 9.813755E+00, 5.550647E-01, 4.056518E+00,NULL,NULL,1,mc_qqps,53
-21041,2600,20228,43444,94C2, 9.125000E+01,30,22,52,30,22, 5.507280E+00,-9.569719E+00,-1.392433E+01, 3.188486E+01, 3.131276E+01, 1.043759E+00, 6.833190E+00,-1.277273E+01,-1.633040E+01, 4.733971E+01, 1.596756E+01, 1.146131E+01, 3.588635E+00,7, 0.000000E+00,9, 0.000000E+00,0, 0.000000E+00,6, 3.926561E+00, 4.049064E-01, 9.179622E-01,NULL,NULL,1,mc_qqps,53
-21041,2601,20228,43457,94C2, 9.125000E+01,24,19,43,24,19,-9.115354E-01, 9.679790E+00, 1.913319E+01, 4.108901E+01, 4.068233E+01, 1.695097E+00,-1.477653E+00, 6.612245E+00, 1.756496E+01, 7.890627E+01, 3.566452E+01, 3.279804E+01, 5.019219E+00,2, 2.010675E-01,22, 3.460457E+00,0, 0.000000E+00,1, 8.609812E-01, 8.609812E-01, 8.609812E-01,1, 0.000000E+00,1,mc_qqps,53
-21041,2602,20228,43516,94C2, 9.125000E+01,32,23,55,32,23,-4.331004E-01,-4.982548E+00, 6.781552E+00, 6.735679E+01, 6.679852E+01, 2.087454E+00,-1.920939E+00, 8.699862E+00, 4.169502E+00, 1.006661E+02, 3.833712E+01, 1.796029E+01, 1.015407E+01,11, 9.862311E-02,9, 0.000000E+00,0, 0.000000E+00,7, 1.244924E+01, 5.843229E-01, 4.568475E+00,1, 0.000000E+00,1,mc_qqps,53
-21041,2603,20228,43534,94C2, 9.125000E+01,17,8,25,17,8, 4.490837E+00, 2.394491E+00,-3.812818E+00, 7.765543E+01, 7.750488E+01, 4.559111E+00, 5.125619E+00, 1.731268E+00,-5.352345E+00, 9.646505E+01, 7.695497E+01, 8.879766E+00, 7.740352E+00,1, 0.000000E+00,7, 0.000000E+00,0, 0.000000E+00,1, 2.209694E+00, 2.209694E+00, 2.209694E+00,1, 0.000000E+00,1,mc_qqps,53
-21041,2604,20228,43546,94C2, 9.125000E+01,28,9,37,28,9, 2.939194E+01, 1.937367E+01, 1.227921E+01, 4.609613E+01, 4.534277E+01, 1.619385E+00, 8.622296E+00, 8.633749E+00, 2.946374E+00, 7.418878E+01, 2.193215E+01, 1.847270E+01, 6.695486E+00,7, 8.641071E-02,0, 0.000000E+00,0, 0.000000E+00,5, 2.146152E+01, 2.062606E+00, 9.591762E+00,NULL,NULL,1,mc_qqps,53
-21041,2605,20228,43602,94C2, 9.125000E+01,31,20,51,31,20,-3.807372E+00, 7.348974E+00,-1.152189E+01, 4.026144E+01, 3.971751E+01, 1.281210E+00, 7.084450E-01, 2.268439E+00,-4.255532E+00, 6.326598E+01, 3.609249E+01, 1.935348E+01, 3.651062E+00,3, 2.400439E-01,18, 4.139373E+00,0, 0.000000E+00,1, 8.828522E-01, 8.828522E-01, 8.828522E-01,NULL,NULL,1,mc_qqps,53
-21041,2606,20228,43622,94C2, 9.125000E+01,44,26,70,44,26, 5.160435E+00, 5.990807E+00, 3.046062E+00, 4.007094E+01, 3.892721E+01, 8.847094E-01,-6.365738E+00, 1.178533E+01, 9.012262E-01, 8.814823E+01, 3.175913E+01, 2.574842E+01, 1.527634E+01,24, 1.057854E+00,1, 0.000000E+00,0, 0.000000E+00,17, 2.656971E+01, 4.178498E-01, 6.306641E+00,NULL,NULL,1,mc_qqps,53
-21041,2607,20228,43643,94C2, 9.125000E+01,30,22,52,30,22,-2.894424E+00,-4.077751E+00,-2.444530E+01, 6.190872E+01, 6.129960E+01, 2.043320E+00, 1.345826E+00,-4.280819E-01,-1.303995E+01, 9.915428E+01, 1.552560E+01, 3.008340E+01, 7.162168E+00,5, 1.766403E+00,15, 1.638618E+01,0, 0.000000E+00,4, 4.527437E+00, 6.590053E-01, 1.422096E+00,NULL,NULL,1,mc_qqps,53
-21041,2608,20228,43700,94C2, 9.125000E+01,43,23,66,43,23, 4.174249E+00,-2.636063E-01, 5.122686E+00, 6.267765E+01, 6.184366E+01, 1.438225E+00, 5.485815E+00,-2.512428E+00, 2.191585E+00, 1.006781E+02, 5.469648E+01, 2.201904E+01, 1.191517E+01,15, 8.251292E-02,11, 0.000000E+00,0, 0.000000E+00,11, 1.224972E+01, 4.097808E-01, 2.403080E+00,NULL,NULL,1,mc_qqps,53
-21041,2609,20228,43725,94C2, 9.125000E+01,29,16,45,29,16, 1.903593E+00,-3.080824E-01,-1.166979E+00, 5.807103E+01, 5.759488E+01, 1.986030E+00, 1.504380E+00,-1.173937E+00,-7.151824E-02, 7.526250E+01, 5.342428E+01, 1.397125E+01, 1.792484E+00,16, 5.256603E+00,5, 0.000000E+00,0, 0.000000E+00,9, 1.289210E+01, 4.112957E-01, 2.456188E+00,1, 0.000000E+00,1,mc_qqps,53
-21041,2610,20228,43740,94C2, 9.125000E+01,23,19,42,23,19, 4.937758E-01, 5.446998E+00,-5.399296E+00, 5.680811E+01, 5.648178E+01, 2.455730E+00, 3.327073E-01, 2.079970E+00,-3.216032E+00, 9.556778E+01, 5.334726E+01, 1.847491E+01, 1.632109E+01,15, 2.908049E+00,2, 0.000000E+00,0, 0.000000E+00,12, 1.946013E+01, 2.717940E-01, 4.513630E+00,NULL,NULL,1,mc_qqps,53
-21041,2611,20228,43756,94C2, 9.125000E+01,41,27,68,41,27,-2.960359E-01,-2.683233E+00, 3.341588E+00, 6.110925E+01, 5.987779E+01, 1.460434E+00,-3.954680E+00,-2.625439E+00, 5.251632E+00, 1.133504E+02, 4.793817E+01, 3.623581E+01, 4.684371E+00,27, 7.272787E-01,0, 0.000000E+00,0, 0.000000E+00,21, 3.764657E+01, 3.521386E-01, 8.998803E+00,NULL,NULL,1,mc_qqps,53
-21041,2612,20228,43814,94C2, 9.125000E+01,34,17,51,34,17, 2.599652E-01, 1.150772E+00, 7.375628E-01, 5.168121E+01, 5.112728E+01, 1.503744E+00, 4.876382E+00,-9.849966E+00,-4.374073E+00, 8.435706E+01, 4.215626E+01, 1.767428E+01, 1.222369E+01,13, 8.505637E-02,0, 0.000000E+00,0, 0.000000E+00,9, 1.983904E+01, 5.158477E-01, 1.073883E+01,NULL,NULL,1,mc_qqps,53
-21041,2613,20228,43833,94C2, 9.125000E+01,41,14,55,41,14,-6.105556E+00,-1.947131E+00, 3.556371E+00, 6.788951E+01, 6.724575E+01, 1.640140E+00, 8.414967E+00,-3.073027E+00,-5.793365E+00, 9.137186E+01, 6.417931E+01, 9.043211E+00, 8.135268E+00,13, 1.148095E+01,3, 0.000000E+00,0, 0.000000E+00,6, 1.264357E+01, 5.302382E-01, 5.553452E+00,NULL,NULL,1,mc_qqps,53
-21041,2614,20228,43851,94C2, 9.125000E+01,27,16,43,27,16, 4.033112E+00,-6.227539E+00,-6.270609E+00, 1.967656E+01, 1.886596E+01, 6.987393E-01, 5.633810E+00,-5.756144E+00,-3.713757E+00, 4.416629E+01, 1.110090E+01, 1.441209E+01, 5.846741E+00,4, 4.589273E-02,7, 0.000000E+00,0, 0.000000E+00,2, 5.393364E+00, 1.098089E+00, 4.295276E+00,3, 0.000000E+00,0,mc_qqps,53
-21041,2615,20228,43905,94C2, 9.125000E+01,31,15,46,31,15, 4.603394E+00,-5.760253E+00, 1.684903E-01, 7.120035E+01, 7.082641E+01, 2.284723E+00, 3.350642E+00,-6.219462E+00, 8.346431E-01, 1.003702E+02, 6.586786E+01, 1.539246E+01, 8.688773E+00,16, 1.137496E+00,2, 0.000000E+00,0, 0.000000E+00,8, 1.146663E+01, 3.276415E-01, 3.245120E+00,1, 0.000000E+00,1,mc_qqps,53
-21041,2616,20228,43924,94C2, 9.125000E+01,61,20,81,61,20, 3.926373E-01, 8.212770E+00, 6.749526E+00, 6.885474E+01, 6.670721E+01, 1.093561E+00, 9.814232E+00, 4.921660E+00, 1.636485E+00, 1.018057E+02, 5.487148E+01, 2.487153E+01, 8.079439E+00,20, 3.408113E+00,0, 0.000000E+00,0, 0.000000E+00,12, 1.538946E+01, 3.802602E-01, 2.102117E+00,NULL,NULL,1,mc_qqps,53
-21041,2617,20228,43944,94C2, 9.125000E+01,26,14,40,26,14, 1.022745E+00, 3.181902E+00,-3.797470E+00, 3.685617E+01, 3.629329E+01, 1.395896E+00, 4.014381E-01,-1.113966E+00,-1.428708E+00, 8.609048E+01, 2.773483E+01, 1.947359E+01, 2.888222E+01,13, 1.051120E+00,0, 0.000000E+00,0, 0.000000E+00,10, 1.921462E+01, 7.420616E-01, 4.574998E+00,NULL,NULL,1,mc_qqps,53
-21041,2618,20228,43955,94C2, 9.125000E+01,34,18,52,34,18, 3.919322E+00,-1.568982E+00, 9.792833E-01, 5.278621E+01, 5.201966E+01, 1.529990E+00,-5.734158E+00, 2.477847E+00,-6.015082E-01, 8.970589E+01, 4.416559E+01, 3.229876E+01, 8.832152E-01,15, 7.391819E-01,0, 0.000000E+00,0, 0.000000E+00,13, 3.280210E+01, 2.872313E-01, 1.687334E+01,NULL,NULL,1,mc_qqps,53
-21041,2619,20228,44010,94C2, 9.125000E+01,32,16,48,32,16, 2.038424E+00,-2.473602E+00,-4.897571E+00, 6.401512E+01, 6.334901E+01, 1.979657E+00, 3.176286E+00,-6.241763E+00,-8.245220E+00, 1.066089E+02, 6.121501E+01, 3.021312E+01, 7.760834E-01,16, 4.593606E+00,2, 0.000000E+00,0, 0.000000E+00,9, 2.734895E+01, 7.940808E-01, 1.160462E+01,NULL,NULL,1,mc_qqps,53
-21041,2620,20228,44025,94C2, 9.125000E+01,18,7,25,18,7, 6.958230E+00,-3.707360E+00, 4.240352E+00, 6.084363E+01, 6.054380E+01, 3.363545E+00, 1.093805E+01,-7.472796E+00, 5.869214E+00, 7.395868E+01, 5.967673E+01, 1.255181E+01, 5.632429E-01,9, 1.943205E+00,0, 0.000000E+00,0, 0.000000E+00,6, 1.255181E+01, 3.705803E-01, 5.225452E+00,NULL,NULL,1,mc_qqps,53
-21041,2621,20228,44039,94C2, 9.125000E+01,6,15,21,6,15, 5.629321E-01, 8.170974E-01,-4.086854E+00, 1.093858E+01, 1.086952E+01, 1.811586E+00, 3.706037E+00, 1.799337E+00,-5.374666E+00, 5.742330E+01, 5.094919E+00, 4.090007E+01, 5.584649E+00,3, 0.000000E+00,5, 2.487567E+00,0, 0.000000E+00,3, 6.728343E+00, 9.158199E-01, 2.940153E+00,6, 0.000000E+00,0,mc_qqps,53
-21041,2622,20228,44129,94C2, 9.125000E+01,21,20,41,21,20,-4.043540E-01,-3.776735E-01,-3.600670E-01, 4.152613E+01, 4.130121E+01, 1.966724E+00, 2.283078E+00, 3.900103E-01,-1.735234E+00, 8.107330E+01, 4.080296E+01, 2.771842E+01, 1.117223E+01,15, 3.487684E-01,0, 0.000000E+00,0, 0.000000E+00,14, 2.452704E+01, 1.702826E-01, 6.674403E+00,NULL,NULL,1,mc_qqps,53
-21041,2623,20228,44149,94C2, 9.125000E+01,38,13,51,38,13,-1.969450E-01, 2.770816E+00,-4.066097E+00, 7.396984E+01, 7.332835E+01, 1.929694E+00,-1.007600E+00,-2.044790E+01,-4.455590E+00, 1.014706E+02, 6.707369E+01, 2.239791E+01, 9.171106E-02,20, 1.135405E+00,0, 0.000000E+00,0, 0.000000E+00,11, 2.502674E+01, 5.486576E-01, 5.964390E+00,NULL,NULL,1,mc_qqps,53
-21041,2624,20228,44205,94C2, 9.125000E+01,42,21,63,42,21,-7.518705E+00,-2.757663E-01, 1.461811E+00, 5.469937E+01, 5.319605E+01, 1.266573E+00, 3.348321E+00,-2.600816E+00,-7.704371E+00, 9.561153E+01, 5.051423E+01, 3.548161E+01, 3.349817E+00,24, 9.040848E+00,2, 7.555200E-01,0, 0.000000E+00,17, 3.372821E+01, 3.728950E-01, 5.732256E+00,NULL,NULL,1,mc_qqps,53
-21041,2625,20228,44229,94C2, 9.125000E+01,32,15,47,32,15, 2.325011E+00, 8.677793E-01,-6.475286E+00, 3.244922E+01, 3.163862E+01, 9.887068E-01,-1.980360E+00, 6.672192E-02,-5.225543E+00, 8.446534E+01, 1.093476E+01, 4.985820E+01, 9.077860E-01,2, 0.000000E+00,10, 1.708623E+00,0, 0.000000E+00,2, 2.016467E+00, 7.663364E-01, 1.250130E+00,3, 0.000000E+00,1,mc_qqps,53
-21041,2626,20228,44256,94C2, 9.125000E+01,36,14,50,36,14,-3.376022E+00, 1.632111E+00,-3.279348E+00, 5.537008E+01, 5.455587E+01, 1.515441E+00,-9.143355E-01,-2.191644E+00, 2.750949E+00, 7.414509E+01, 4.756745E+01, 9.186700E+00, 8.470134E+00,2, 0.000000E+00,12, 5.054293E+00,0, 0.000000E+00,2, 1.852552E+00, 6.527596E-01, 1.199792E+00,1, 0.000000E+00,1,mc_qqps,53
-21041,2627,20228,44311,94C2, 9.125000E+01,50,19,69,50,19, 1.625011E+01,-2.956455E+00,-1.532215E+01, 5.562789E+01, 5.445676E+01, 1.089135E+00, 1.293623E+01,-2.770540E+00,-1.428238E+01, 1.000435E+02, 3.605462E+01, 2.348431E+01, 9.807194E+00,14, 9.231485E-02,3, 0.000000E+00,0, 0.000000E+00,10, 3.191958E+01, 5.748058E-01, 7.722369E+00,NULL,NULL,1,mc_qqps,53
-21041,2628,20228,44332,94C2, 9.125000E+01,27,12,39,27,12,-4.790379E+00, 4.752150E+00, 9.479535E+00, 5.583094E+01, 5.497826E+01, 2.036232E+00,-2.484710E+00, 1.673666E+00, 4.495962E+00, 7.568451E+01, 5.424788E+01, 1.480636E+01, 2.460651E+00,8, 0.000000E+00,6, 0.000000E+00,0, 0.000000E+00,6, 6.986712E+00, 6.258557E-01, 2.586560E+00,NULL,NULL,1,mc_qqps,53
-21041,2629,20228,44348,94C2, 9.125000E+01,24,19,43,24,19, 3.376007E-02,-8.154858E-01, 1.041174E+00, 4.651311E+01, 4.609774E+01, 1.920739E+00,-5.556530E+00, 2.670365E+00, 6.251417E+00, 9.171310E+01, 4.405073E+01, 3.329012E+01, 1.046637E+01,19, 6.101359E+00,0, 0.000000E+00,0, 0.000000E+00,15, 2.999564E+01, 4.121262E-01, 4.724942E+00,NULL,NULL,1,mc_qqps,53
-21041,2630,20228,44401,94C2, 9.125000E+01,30,13,43,30,13, 2.830343E+00,-8.245492E-02,-7.354081E-01, 5.583070E+01, 5.516693E+01, 1.838898E+00, 3.637104E+00,-6.875069E+00, 1.270983E+00, 9.687335E+01, 5.345462E+01, 2.247005E+01, 1.529614E+01,16, 5.179016E+00,0, 0.000000E+00,0, 0.000000E+00,9, 2.543260E+01, 8.183723E-01, 1.489906E+01,NULL,NULL,1,mc_qqps,53
-21041,2631,20228,44416,94C2, 9.125000E+01,25,21,46,25,21, 1.297123E+00, 2.221569E+00, 6.613116E-01, 7.063448E+01, 7.026276E+01, 2.810510E+00, 1.161737E+01,-1.692959E+01,-1.513400E+01, 1.220476E+02, 6.085014E+01, 4.754353E+01, 8.653705E-01,25, 1.517412E+01,0, 0.000000E+00,0, 0.000000E+00,15, 2.852019E+01, 3.251397E-01, 3.609236E+00,NULL,NULL,1,mc_qqps,53
-21041,2632,20228,44432,94C2, 9.125000E+01,35,24,59,35,24,-1.476416E+01, 1.900173E+00,-2.429254E+00, 4.713821E+01, 4.650911E+01, 1.328832E+00,-1.949569E+00,-1.349272E+00, 1.124617E+00, 1.050084E+02, 4.034039E+01, 3.236971E+01, 1.717212E+01,21, 2.021062E+00,0, 0.000000E+00,0, 0.000000E+00,15, 3.132958E+01, 3.520980E-01, 8.013956E+00,NULL,NULL,1,mc_qqps,53
-21041,2633,20228,44448,94C2, 9.125000E+01,28,10,38,28,10, 3.790091E+00,-1.570461E+00,-6.076295E+00, 4.499683E+01, 4.427634E+01, 1.581298E+00, 3.336100E+00,-6.007385E-02,-1.499639E+01, 6.529208E+01, 1.233815E+01, 1.933859E+01, 0.000000E+00,1, 0.000000E+00,9, 6.317118E-01,0, 0.000000E+00,1, 9.566617E-01, 9.566617E-01, 9.566617E-01,3, 0.000000E+00,1,mc_qqps,53
-21041,2634,20228,44509,94C2, 9.125000E+01,69,18,87,69,18, 4.101724E+00, 4.748980E+00,-1.007383E+01, 8.388279E+01, 8.216788E+01, 1.190839E+00,-4.177851E+00, 3.941933E+00,-7.990446E+00, 1.027421E+02, 6.405093E+01, 1.297124E+01, 3.171280E+00,19, 3.470941E+00,3, 0.000000E+00,0, 0.000000E+00,10, 1.187005E+01, 3.261438E-01, 2.511248E+00,NULL,NULL,1,mc_qqps,53
-21041,2635,20228,44535,94C2, 9.125000E+01,28,10,38,28,10,-1.613841E-01, 6.639596E-01, 1.275428E+00, 5.364160E+01, 5.307541E+01, 1.895550E+00,-9.146551E+00, 8.282611E+00,-4.399834E+00, 7.716187E+01, 4.039493E+01, 2.109269E+01, 2.427584E+00,10, 3.997600E+00,0, 0.000000E+00,0, 0.000000E+00,8, 1.920952E+01, 4.192383E-01, 6.685599E+00,NULL,NULL,1,mc_qqps,53
-21041,2636,20228,44551,94C2, 9.125000E+01,22,9,31,22,9, 5.229950E+00, 1.333559E+00,-6.332003E+00, 4.949754E+01, 4.918287E+01, 2.235585E+00, 5.564805E+00,-1.791579E+00,-3.648946E+00, 8.736900E+01, 4.697298E+01, 3.087841E+01, 3.292747E+00,8, 2.237558E+00,0, 0.000000E+00,0, 0.000000E+00,6, 3.422249E+01, 5.727162E-01, 1.621332E+01,NULL,NULL,1,mc_qqps,53
-21041,2637,20228,44607,94C2, 9.125000E+01,43,15,58,43,15, 2.416993E-01,-3.459589E+00,-2.357981E+00, 6.115638E+01, 6.020256E+01, 1.400059E+00,-7.114628E-02, 1.672175E+00, 3.568613E+00, 8.268972E+01, 5.375758E+01, 2.090340E+01, 0.000000E+00,14, 3.427868E+00,2, 0.000000E+00,0, 0.000000E+00,8, 1.610487E+01, 6.236231E-01, 6.643000E+00,2, 0.000000E+00,1,mc_qqps,53
-21041,2638,20228,44628,94C2, 9.125000E+01,19,11,30,19,11,-7.318702E-01,-3.795810E+00, 1.025289E+00, 3.232834E+01, 3.195756E+01, 1.681977E+00,-4.931029E+00,-3.361906E+00, 4.399489E+00, 7.522016E+01, 3.047285E+01, 1.257780E+01, 2.261195E+01,8, 9.292590E-01,1, 0.000000E+00,0, 0.000000E+00,5, 2.033528E+01, 8.177052E-01, 8.004107E+00,NULL,NULL,1,mc_qqps,53
-21041,2639,20228,44643,94C2, 9.125000E+01,24,20,44,24,20,-7.761426E+00,-7.028021E-01,-2.899557E+01, 7.379376E+01, 7.350885E+01, 3.062869E+00,-6.457221E+00, 6.743438E-01,-2.635033E+01, 9.754168E+01, 4.096283E+01, 2.267580E+01, 1.072100E+00,1, 0.000000E+00,24, 6.026636E+00,0, 0.000000E+00,1, 7.785716E-01, 7.785716E-01, 7.785716E-01,NULL,NULL,1,mc_qqps,53
-21041,2640,20228,44657,94C2, 9.125000E+01,26,11,37,26,11,-1.121410E+00,-1.853166E+00, 1.063405E+00, 7.375014E+01, 7.320383E+01, 2.815532E+00,-8.193943E+00,-6.426521E+00, 7.533129E+00, 1.048749E+02, 6.927380E+01, 1.438522E+01, 6.764088E+00,12, 4.339125E+00,0, 0.000000E+00,0, 0.000000E+00,9, 2.436467E+01, 5.574552E-01, 7.087121E+00,NULL,NULL,1,mc_qqps,53
-21041,2641,20228,44712,94C2, 9.125000E+01,23,10,33,23,10,-1.235715E+01, 1.499843E+01,-1.736705E+00, 7.197376E+01, 7.168239E+01, 3.116626E+00,-6.216999E+00, 8.610198E+00,-6.895468E-01, 8.430760E+01, 6.707964E+01, 9.834656E+00, 8.122417E-01,13, 8.249407E+00,0, 0.000000E+00,0, 0.000000E+00,5, 7.918170E+00, 6.304641E-01, 3.916284E+00,NULL,NULL,1,mc_qqps,53
-21041,2642,20228,44729,94C2, 9.125000E+01,49,9,58,49,9, 1.657142E+00,-3.978732E+00,-9.195848E+00, 7.525040E+01, 7.324243E+01, 1.494743E+00, 2.925777E+00,-2.947791E-01,-1.767968E+01, 8.980235E+01, 6.191318E+01, 4.983627E+00, 9.609914E+00,4, 2.355173E+00,8, 0.000000E+00,0, 0.000000E+00,3, 2.616123E+00, 3.918404E-01, 1.506863E+00,NULL,NULL,1,mc_qqps,53
-21041,2643,20228,44750,94C2, 9.125000E+01,12,9,21,12,9,-8.845632E-01,-4.454250E+00,-1.132776E+01, 6.207676E+01, 6.191861E+01, 5.159884E+00,-8.474159E-01,-3.632326E+00,-1.011139E+01, 7.726106E+01, 5.889236E+01, 1.507400E+01, 1.102953E-01,2, 0.000000E+00,10, 2.421527E+00,0, 0.000000E+00,NULL,NULL,NULL,NULL,NULL,NULL,1,mc_qqps,53
-21041,2644,20228,44804,94C2, 9.125000E+01,31,24,55,31,24,-2.854930E+00, 7.046288E+00,-2.457683E+00, 4.187770E+01, 4.132899E+01, 1.333193E+00,-2.429207E+00,-2.654669E+00, 1.460825E+00, 7.797519E+01, 3.661161E+01, 1.710500E+01, 1.677121E+01,25, 9.446671E+00,1, 0.000000E+00,0, 0.000000E+00,19, 1.908441E+01, 3.586851E-01, 1.884987E+00,NULL,NULL,1,mc_qqps,53
-21041,2645,20228,44821,94C2, 9.125000E+01,30,15,45,30,15, 1.349451E+00, 1.328967E+00,-1.470359E+01, 9.991976E+01, 9.947044E+01, 3.315681E+00, 6.754271E+00,-6.004160E+00,-2.718298E+01, 1.198097E+02, 7.606424E+01, 1.809175E+01, 1.798240E+00,5, 2.311457E-01,15, 1.456910E+01,0, 0.000000E+00,3, 5.153826E+00, 3.830740E-01, 3.466436E+00,NULL,NULL,1,mc_qqps,53
-21041,2646,20228,44837,94C2, 9.125000E+01,40,26,66,40,26, 4.148855E+00,-3.482306E+00, 3.262060E+00, 5.223151E+01, 5.126121E+01, 1.281530E+00, 2.380242E-01,-2.190165E+00,-2.132857E+00, 1.050936E+02, 4.580847E+01, 3.749585E+01, 1.436118E+01,12, 7.519373E-01,11, 1.236304E+00,0, 0.000000E+00,10, 2.001543E+01, 4.585139E-01, 1.157208E+01,NULL,NULL,1,mc_qqps,53
-21041,2647,20228,44859,94C2, 9.125000E+01,10,16,26,10,16,-1.201106E+01, 4.506552E+00,-1.407545E+01, 2.436280E+01, 2.428971E+01, 2.428972E+00,-8.174084E+00, 4.797545E+00,-1.116544E+01, 9.278023E+01, 2.448005E+01, 3.351218E+01, 3.094989E+01,5, 6.685817E-01,7, 0.000000E+00,0, 0.000000E+00,2, 4.110139E+00, 6.022111E-01, 3.507928E+00,NULL,NULL,1,mc_qqps,53
-21041,2648,20228,44915,94C2, 9.125000E+01,29,15,44,29,15,-1.322988E+01, 7.161871E+00, 7.057278E+00, 6.486156E+01, 6.445355E+01, 2.222536E+00,-1.748114E+01, 9.690438E+00, 8.600557E+00, 8.244354E+01, 5.206141E+01, 1.048122E+01, 8.857599E-01,18, 3.811206E+00,0, 0.000000E+00,0, 0.000000E+00,10, 1.511434E+01, 4.417647E-01, 5.609374E+00,NULL,NULL,1,mc_qqps,53
-21041,2649,20228,44935,94C2, 9.125000E+01,26,15,41,26,15,-9.412825E-01,-9.750286E-01,-4.429491E+00, 5.253758E+01, 5.189784E+01, 1.996071E+00,-4.572148E+00, 3.198690E+00,-2.078347E-01, 9.022690E+01, 3.978378E+01, 2.900174E+01, 6.170384E+00,8, 2.062976E-01,3, 0.000000E+00,0, 0.000000E+00,7, 9.392258E+00, 8.291470E-01, 1.737749E+00,1, 0.000000E+00,1,mc_qqps,53
-21041,2650,20228,44954,94C2, 9.125000E+01,28,11,39,28,11, 8.584163E+00, 8.803363E+00, 1.428896E+01, 5.350176E+01, 5.291460E+01, 1.889807E+00, 7.642629E+00, 7.364096E+00, 1.332125E+01, 7.813852E+01, 4.987163E+01, 6.450366E+00, 1.587341E+01,9, 4.112437E-01,4, 0.000000E+00,0, 0.000000E+00,5, 7.119161E+00, 4.329476E-01, 2.674344E+00,NULL,NULL,1,mc_qqps,53
-21041,2651,20228,45016,94C2, 9.125000E+01,41,17,58,41,17,-7.236032E+00,-4.727333E+00,-3.715274E+01, 1.192387E+02, 1.181828E+02, 2.882509E+00,-6.168290E+00,-5.799026E+00,-4.107266E+01, 1.333385E+02, 4.272931E+01, 1.115485E+01, 2.944950E+00,5, 1.714592E-02,12, 0.000000E+00,0, 0.000000E+00,2, 1.712764E+00, 4.548858E-01, 1.257878E+00,1, 0.000000E+00,1,mc_qqps,53
-21041,2652,20228,45044,94C2, 9.125000E+01,49,14,63,49,14, 3.851051E-01, 2.951644E+00, 2.765844E+00, 6.921973E+01, 6.830611E+01, 1.394002E+00,-8.980579E+00, 4.164705E+00, 6.855205E+00, 9.198586E+01, 5.989386E+01, 1.453889E+01, 4.421299E+00,19, 3.812701E+00,0, 0.000000E+00,0, 0.000000E+00,8, 1.691392E+01, 8.528434E-01, 7.168357E+00,NULL,NULL,1,mc_qqps,53
-21041,2653,20228,45109,94C2, 9.125000E+01,49,26,75,49,26,-8.653382E-01, 5.104376E+00, 4.271267E+00, 5.827045E+01, 5.731088E+01, 1.169610E+00,-3.264526E+00, 3.857862E+00, 4.466951E+00, 9.745661E+01, 5.385693E+01, 2.291938E+01, 1.361456E+01,25, 3.268898E+00,0, 0.000000E+00,0, 0.000000E+00,15, 1.837771E+01, 5.026112E-01, 2.670175E+00,NULL,NULL,1,mc_qqps,53
-21041,2654,20228,45132,94C2, 9.125000E+01,26,15,41,26,15, 6.395396E+00,-1.322582E+01, 5.901153E+00, 6.313793E+01, 6.277715E+01, 2.414506E+00, 7.553561E+00,-1.878334E+01, 8.002045E+00, 9.068939E+01, 6.268804E+01, 2.031599E+01, 4.091275E+00,23, 1.666592E+01,0, 0.000000E+00,0, 0.000000E+00,13, 1.953037E+01, 5.019866E-01, 4.497674E+00,NULL,NULL,1,mc_qqps,53
-21041,2655,20228,45144,94C2, 9.125000E+01,17,18,35,17,18,-7.556839E+00, 1.071550E+01, 5.244079E+00, 7.057447E+01, 7.039775E+01, 4.141044E+00,-4.913771E+00, 4.091087E+00, 4.476392E+00, 1.145446E+02, 6.918649E+01, 1.935923E+01, 2.204598E+01,19, 8.288903E+00,2, 0.000000E+00,0, 0.000000E+00,13, 2.155783E+01, 4.558727E-01, 5.347044E+00,NULL,NULL,1,mc_qqps,53
-21041,2656,20228,45200,94C2, 9.125000E+01,26,12,38,26,12, 3.643018E+00, 3.061559E+01,-1.199116E-01, 6.160559E+01, 6.094182E+01, 2.343916E+00, 2.271768E+00, 1.014228E+01, 3.989365E-01, 8.931152E+01, 5.745818E+01, 2.770594E+01, 0.000000E+00,11, 2.391947E+00,0, 0.000000E+00,0, 0.000000E+00,8, 2.509220E+01, 4.688964E-01, 6.566830E+00,NULL,NULL,1,mc_qqps,53
-21041,2657,20228,45214,94C2, 9.125000E+01,13,12,25,13,12,-6.580629E+00,-3.084143E+00,-8.293626E+00, 3.273031E+01, 3.259313E+01, 2.507164E+00,-1.160816E+01,-8.389661E+00,-1.980475E+01, 5.877355E+01, 2.970524E+01, 2.588638E+01, 1.568603E-01,2, 2.308620E-01,11, 9.658008E-01,0, 0.000000E+00,1, 2.091659E+00, 2.091659E+00, 2.091659E+00,NULL,NULL,1,mc_qqps,53
-21041,2658,20228,45231,94C2, 9.125000E+01,14,14,28,14,14, 1.337865E+01,-8.108181E+00, 1.434126E+01, 3.100391E+01, 3.049688E+01, 2.178349E+00,-7.654393E+00, 3.799043E+00,-3.908343E+00, 8.975099E+01, 1.312775E+01, 5.627492E+01, 2.472170E+00,9, 0.000000E+00,0, 0.000000E+00,0, 0.000000E+00,9, 5.455395E+01, 4.604271E-01, 1.695791E+01,NULL,NULL,0,mc_qqps,53
-21041,2659,20228,45243,94C2, 9.125000E+01,34,9,43,34,9, 1.217973E+00, 7.841141E-01, 2.106393E+00, 5.481931E+01, 5.405036E+01, 1.589717E+00,-1.063032E+01, 6.473950E-01, 1.547335E+00, 7.367134E+01, 4.465078E+01, 9.050302E+00, 8.887293E+00,13, 2.447124E+00,1, 0.000000E+00,0, 0.000000E+00,7, 8.951969E+00, 9.283299E-01, 2.121626E+00,NULL,NULL,1,mc_qqps,53
-21041,2660,20228,45300,94C2, 9.125000E+01,26,20,46,26,20, 9.397482E-01, 1.089624E+00, 1.225082E-01, 4.445506E+01, 4.394765E+01, 1.690294E+00,-7.929223E-01, 2.318192E+00, 3.067190E+00, 7.501699E+01, 3.956102E+01, 2.671857E+01, 3.843355E+00,1, 0.000000E+00,17, 2.419514E+00,0, 0.000000E+00,1, 1.193560E+00, 1.193560E+00, 1.193560E+00,NULL,NULL,1,mc_qqps,53
-21041,2661,20228,45316,94C2, 9.125000E+01,42,25,67,42,25, 6.148911E-01,-9.880945E+00,-3.814592E+00, 5.909834E+01, 5.842400E+01, 1.391047E+00, 3.311178E+00,-3.287966E+00, 1.896420E+00, 1.039342E+02, 5.455339E+01, 3.259762E+01, 9.862501E+00,25, 1.949925E+00,0, 0.000000E+00,0, 0.000000E+00,20, 3.219625E+01, 4.017231E-01, 5.711412E+00,1, 0.000000E+00,1,mc_qqps,53
-21041,2662,20228,45334,94C2, 9.125000E+01,26,13,39,26,13,-1.635161E+01,-9.289486E+00, 4.237684E+01, 1.224642E+02, 1.222103E+02, 4.700394E+00,-2.097040E+01,-1.291671E+01, 5.038664E+01, 1.355952E+02, 7.343723E+01, 1.005883E+01, 1.553418E+00,1, 0.000000E+00,14, 1.799962E+00,0, 0.000000E+00,1, 1.518844E+00, 1.518844E+00, 1.518844E+00,1, 0.000000E+00,1,mc_qqps,53
-21041,2663,20228,45351,94C2, 9.125000E+01,46,7,53,46,7, 4.430236E+00,-1.190077E+01,-1.249771E+00, 7.638645E+01, 7.472241E+01, 1.624400E+00, 7.135237E-01,-5.837235E+00,-1.049841E+00, 8.519530E+01, 6.675746E+01, 8.808849E+00, 0.000000E+00,11, 1.395034E+00,0, 0.000000E+00,0, 0.000000E+00,7, 8.808849E+00, 5.094007E-01, 3.063847E+00,NULL,NULL,1,mc_qqps,53
-21041,2664,20228,45411,94C2, 9.125000E+01,11,14,25,11,14, 1.866897E+01,-1.144971E+01, 1.056384E+01, 4.765702E+01, 4.743885E+01, 4.312623E+00, 3.713352E+00,-2.494138E+00, 2.049575E+00, 8.623305E+01, 3.924360E+01, 3.163104E+01, 3.331753E+00,14, 5.025866E+00,0, 0.000000E+00,0, 0.000000E+00,11, 3.403844E+01, 3.755631E-01, 1.684589E+01,NULL,NULL,1,mc_qqps,53
-21041,2665,20228,45424,94C2, 9.125000E+01,33,17,50,33,17,-7.101376E+00, 6.680986E+00,-4.906341E-01, 6.726842E+01, 6.647758E+01, 2.014472E+00, 4.114051E-01, 1.080398E+00, 3.843380E+00, 1.050174E+02, 5.852726E+01, 1.340839E+01, 8.949376E+00,15, 4.390069E+00,1, 0.000000E+00,0, 0.000000E+00,10, 2.604046E+01, 7.142614E-01, 8.949018E+00,2, 0.000000E+00,1,mc_qqps,53
-21041,2666,20228,45439,94C2, 9.125000E+01,24,12,36,24,12, 1.273187E+01,-5.073347E-01,-2.787183E+00, 6.438223E+01, 6.384351E+01, 2.660146E+00, 1.031985E+01, 5.175276E-01,-3.243047E+00, 1.038599E+02, 6.235566E+01, 2.159723E+01, 1.546746E+01,16, 1.180613E+01,0, 0.000000E+00,0, 0.000000E+00,9, 2.213101E+01, 8.392506E-01, 1.059114E+01,NULL,NULL,1,mc_qqps,53
-21041,2667,20228,45452,94C2, 9.125000E+01,48,12,60,48,12, 5.158658E+00,-5.287941E+00,-1.104150E+00, 7.384357E+01, 7.313035E+01, 1.523549E+00, 6.963052E+00,-8.758640E+00,-5.964124E+00, 8.443235E+01, 6.279178E+01, 6.580832E+00, 6.634688E-01,16, 3.461375E+00,4, 0.000000E+00,0, 0.000000E+00,8, 7.646180E+00, 4.353204E-01, 2.246137E+00,NULL,NULL,1,mc_qqps,53
-21041,2668,20228,45506,94C2, 9.125000E+01,29,6,35,29,6, 2.039295E+00, 1.971476E+00, 3.292140E+00, 8.323579E+01, 8.273622E+01, 2.852973E+00, 4.949800E+00, 1.717415E+00, 7.336137E+00, 9.895476E+01, 7.984083E+01, 6.347908E+00, 9.437097E+00,8, 3.970962E-01,1, 0.000000E+00,0, 0.000000E+00,3, 5.331106E+00, 3.450958E-01, 3.770009E+00,NULL,NULL,1,mc_qqps,53
-21041,2669,20228,45520,94C2, 9.125000E+01,19,9,28,19,9,-1.043393E+00, 4.321208E+00,-4.182974E+00, 3.266661E+01, 3.245848E+01, 1.708341E+00, 5.513082E-01,-4.890765E+00, 1.070214E+01, 6.028957E+01, 3.290919E+01, 2.649267E+01, 1.130296E+00,2, 0.000000E+00,9, 1.857786E+00,0, 0.000000E+00,1, 5.179590E-01, 5.179590E-01, 5.179590E-01,1, 0.000000E+00,1,mc_qqps,53
-21041,2670,20228,45536,94C2, 9.125000E+01,35,24,59,35,24,-2.118728E+00, 2.300073E+00, 1.133943E+01, 7.073237E+01, 7.003065E+01, 2.000876E+00,-5.744066E+00,-4.618199E-01, 2.229743E+01, 9.552731E+01, 4.090977E+01, 2.362136E+01, 1.173582E+00,5, 0.000000E+00,17, 2.434975E+00,0, 0.000000E+00,4, 3.409575E+00, 5.497825E-01, 1.209653E+00,2, 0.000000E+00,1,mc_qqps,53
-21041,2671,20228,45555,94C2, 9.125000E+01,23,5,28,23,5,-1.061718E+01,-1.631736E+02,-4.700705E+00, 2.224642E+02, 2.221484E+02, 9.658628E+00,-1.090927E+01,-1.569364E+02,-5.164099E+00, 2.317743E+02, 7.890161E+01, 1.749827E+00, 7.149295E+00,13, 1.873462E+00,0, 0.000000E+00,0, 0.000000E+00,3, 2.178656E+00, 4.288287E-01, 1.170993E+00,NULL,NULL,1,mc_qqps,53
-21041,2672,20228,45611,94C2, 9.125000E+01,28,18,46,28,18, 8.137333E+00,-1.065386E+01,-7.188808E+00, 5.224870E+01, 5.177699E+01, 1.849178E+00,-4.155978E+00,-2.079260E+01,-8.484291E+00, 1.071638E+02, 4.407649E+01, 4.335865E+01, 1.070977E+01,18, 2.120250E+00,1, 0.000000E+00,0, 0.000000E+00,14, 3.946364E+01, 4.747285E-01, 1.312242E+01,NULL,NULL,1,mc_qqps,53
-21041,2673,20228,45626,94C2, 9.125000E+01,22,19,41,22,19, 3.177434E+00, 1.660434E+01, 1.340998E+01, 5.357581E+01, 5.341472E+01, 2.427942E+00, 1.241471E+00, 6.722467E+00, 6.277735E+00, 1.044247E+02, 4.760086E+01, 2.741689E+01, 1.535590E+01,17, 1.194396E+01,0, 0.000000E+00,0, 0.000000E+00,13, 2.906882E+01, 6.444900E-01, 6.873980E+00,NULL,NULL,1,mc_qqps,53
-21041,2674,20228,45641,94C2, 9.125000E+01,28,10,38,28,10,-9.767608E+00, 1.872637E+00,-3.809050E+00, 8.226604E+01, 8.174803E+01, 2.919573E+00,-1.360260E+00, 7.875202E-01, 1.046599E+00, 9.370932E+01, 7.298219E+01, 9.091009E+00, 1.884449E+00,11, 2.830196E-02,1, 0.000000E+00,0, 0.000000E+00,7, 9.152481E+00, 4.622103E-01, 2.663159E+00,NULL,NULL,1,mc_qqps,53
-21041,2675,20228,45652,94C2, 9.125000E+01,15,13,28,15,13, 1.519063E+00,-4.789674E-01, 1.549908E+00, 6.975018E+01, 6.957314E+01, 4.638209E+00, 6.807610E+00,-2.056578E-01, 6.100156E+00, 8.909055E+01, 6.669846E+01, 1.361445E+01, 4.386823E+00,9, 8.964594E+00,7, 0.000000E+00,0, 0.000000E+00,5, 5.117038E+00, 4.256739E-01, 1.687218E+00,NULL,NULL,1,mc_qqps,53
-21041,2676,20228,45704,94C2, 9.125000E+01,15,11,26,15,11,-2.603609E+00, 1.178366E+00,-1.631138E+00, 5.311077E+01, 5.286002E+01, 3.524001E+00, 6.273996E+00, 8.035132E-01,-2.206674E+00, 6.392078E+01, 5.228918E+01, 9.179583E+00, 0.000000E+00,13, 1.879842E+01,0, 0.000000E+00,0, 0.000000E+00,7, 6.269323E+00, 6.735683E-01, 1.237892E+00,NULL,NULL,1,mc_qqps,53
-21041,2677,20228,45714,94C2, 9.125000E+01,32,11,43,32,11, 3.347471E+00,-4.161352E+00, 1.502995E+00, 5.519143E+01, 5.459220E+01, 1.706006E+00,-3.626487E+00, 7.049758E+00,-2.500845E+00, 9.071240E+01, 5.275579E+01, 2.061054E+01, 1.389652E+01,21, 6.285593E+00,0, 0.000000E+00,0, 0.000000E+00,8, 2.196414E+01, 4.196241E-01, 7.024256E+00,NULL,NULL,1,mc_qqps,53
-21041,2678,20228,45730,94C2, 9.125000E+01,21,15,36,21,15, 3.202340E-01,-1.257165E+00,-5.145930E-01, 4.698397E+01, 4.672408E+01, 2.224956E+00, 5.624135E+00,-1.484561E+01, 1.502328E+01, 8.939310E+01, 4.489390E+01, 4.054942E+01, 1.859705E+00,7, 1.208350E+00,5, 0.000000E+00,0, 0.000000E+00,6, 1.962147E+01, 9.557378E-01, 9.071444E+00,1, 0.000000E+00,1,mc_qqps,53
-21041,2679,20228,45755,94C2, 9.125000E+01,40,24,64,40,24,-2.487315E+00,-1.626368E+00,-1.951078E+00, 4.308445E+01, 4.185185E+01, 1.046296E+00, 8.812962E-01,-2.820590E-01,-1.820913E+00, 7.750982E+01, 3.480012E+01, 3.225696E+01, 2.506090E+00,10, 1.324558E+00,10, 0.000000E+00,0, 0.000000E+00,9, 1.416283E+01, 6.169710E-01, 3.080893E+00,NULL,NULL,1,mc_qqps,53
-21041,2680,20228,45813,94C2, 9.125000E+01,18,13,31,18,13,-1.727178E+00, 2.933361E+00,-3.909717E+00, 2.442272E+01, 2.409865E+01, 1.338814E+00,-1.628638E+01, 2.431122E+00, 1.895051E+01, 6.385722E+01, 2.159122E+01, 3.557115E+01, 4.116502E+00,4, 2.890286E-01,9, 3.490920E-01,0, 0.000000E+00,1, 2.612451E+00, 2.612451E+00, 2.612451E+00,NULL,NULL,1,mc_qqps,53
-21041,2681,20228,45825,94C2, 9.125000E+01,43,6,49,43,6,-3.347346E+00, 6.423333E+01,-1.494348E+03, 1.575803E+03, 1.575122E+03, 3.663075E+01,-2.268124E+00, 6.620275E+01,-1.499252E+03, 1.582610E+03, 7.305408E+01, 3.518723E+00, 3.288365E+00,0, 0.000000E+00,13, 6.329484E+00,0, 0.000000E+00,NULL,NULL,NULL,NULL,NULL,NULL,1,mc_qqps,53
-21041,2682,20228,45842,94C2, 9.125000E+01,23,13,36,23,13, 3.901326E+00,-1.844714E+00,-6.180389E+00, 4.643089E+01, 4.601205E+01, 2.000524E+00, 3.547025E+00,-2.494459E+00,-4.522820E+00, 8.092820E+01, 4.009369E+01, 3.391602E+01, 5.812976E-01,0, 0.000000E+00,19, 1.493936E+01,0, 0.000000E+00,NULL,NULL,NULL,NULL,NULL,NULL,1,mc_qqps,53
-21041,2683,20228,45856,94C2, 9.125000E+01,25,6,31,25,6,-4.779028E+00, 6.991361E-01, 2.634278E+00, 8.067423E+01, 8.016616E+01, 3.206646E+00,-8.941149E-01,-1.335978E-01, 1.079089E+00, 8.702360E+01, 7.780312E+01, 5.524015E+00, 0.000000E+00,13, 1.454326E+01,0, 0.000000E+00,0, 0.000000E+00,4, 4.110414E+00, 7.508447E-01, 1.556978E+00,NULL,NULL,1,mc_qqps,53
-21041,2684,20228,45908,94C2, 9.125000E+01,29,19,48,29,19,-5.962307E-01, 3.396709E+00, 4.394252E+00, 3.459490E+01, 3.379938E+01, 1.165496E+00,-9.967048E-01, 4.236524E+00, 6.189177E+00, 5.889307E+01, 2.888371E+01, 9.804362E+00, 1.097005E+01,14, 4.216768E+00,5, 0.000000E+00,0, 0.000000E+00,10, 9.277097E+00, 3.627465E-01, 2.102816E+00,NULL,NULL,1,mc_qqps,53
-21041,2685,20228,45927,94C2, 9.125000E+01,21,13,34,21,13, 2.323962E+00, 2.619337E+02, 1.252851E+02, 3.151662E+02, 3.147946E+02, 1.499022E+01, 4.023384E+00, 2.520426E+02, 1.206153E+02, 3.701859E+02, 3.132998E+01, 2.735699E+01, 1.708013E+01,10, 2.152135E-02,0, 0.000000E+00,0, 0.000000E+00,9, 3.623789E+01, 6.423711E-01, 9.184664E+00,NULL,NULL,1,mc_qqps,53
-21041,2686,20228,45940,94C2, 9.125000E+01,29,12,41,29,12,-1.175756E+01,-6.404496E+00, 1.121088E+01, 6.448512E+01, 6.403284E+01, 2.208029E+00,-2.358852E+00,-1.057411E+00, 2.752097E+00, 8.847916E+01, 6.234094E+01, 1.993223E+01, 1.345941E+00,17, 1.088698E+01,0, 0.000000E+00,0, 0.000000E+00,9, 2.156837E+01, 6.368747E-01, 7.899169E+00,NULL,NULL,1,mc_qqps,53
-21041,2687,20228,45957,94C2, 9.125000E+01,22,19,41,22,19,-3.310490E+00,-6.946768E+00,-1.025449E+01, 2.968301E+01, 2.934965E+01, 1.334075E+00,-2.912848E+00,-7.711998E+00,-1.828085E+01, 7.274297E+01, 1.489323E+01, 1.835212E+01, 2.472234E+01,0, 0.000000E+00,16, 2.551526E+00,0, 0.000000E+00,NULL,NULL,NULL,NULL,2, 0.000000E+00,1,mc_qqps,53
-21041,2688,20228,50014,94C2, 9.125000E+01,24,3,27,24,3, 8.797518E+00,-2.710728E-01,-1.231159E+00, 5.381823E+01, 5.318121E+01, 2.215884E+00, 2.659779E+00, 3.619996E-01,-4.463365E-01, 6.007236E+01, 4.852019E+01, 8.456444E-01, 5.517954E+00,6, 8.080054E+00,0, 0.000000E+00,0, 0.000000E+00,1, 8.456444E-01, 8.456444E-01, 8.456444E-01,NULL,NULL,1,mc_qqps,53
-21041,2689,20228,50025,94C2, 9.125000E+01,26,8,34,26,8,-2.908199E-01,-8.353502E-01,-7.343711E-01, 7.852308E+01, 7.751530E+01, 2.981358E+00, 3.765713E+00,-9.717789E-01,-6.092801E+00, 9.734833E+01, 7.403836E+01, 1.776392E+01, 1.061337E+00,2, 0.000000E+00,9, 1.025104E+00,0, 0.000000E+00,NULL,NULL,NULL,NULL,NULL,NULL,1,mc_qqps,53
-21041,2690,20228,50042,94C2, 9.125000E+01,18,16,34,18,16,-4.288718E-01,-5.716769E-01, 9.082437E-01, 5.703360E+01, 5.669471E+01, 3.149706E+00,-2.940386E+00, 7.427348E+00, 3.047615E+00, 8.437914E+01, 5.607034E+01, 2.392897E+01, 1.070877E+00,19, 1.952284E+01,0, 0.000000E+00,0, 0.000000E+00,15, 2.627468E+01, 3.828167E-01, 5.573327E+00,NULL,NULL,1,mc_qqps,53
-21041,2691,20228,50052,94C2, 9.125000E+01,37,17,54,37,17,-3.464695E+00, 1.455648E+00,-4.411543E+00, 4.548444E+01, 4.481640E+01, 1.211254E+00,-5.755777E+00, 1.957341E+00,-1.014276E+01, 7.641924E+01, 3.227943E+01, 1.324522E+01, 1.669192E+01,7, 1.119982E+01,7, 5.283379E-01,0, 0.000000E+00,5, 5.193664E+00, 6.781617E-01, 1.412397E+00,1, 0.000000E+00,1,mc_qqps,53
-21041,2692,20228,50112,94C2, 9.125000E+01,42,6,48,42,6, 2.775298E+01, 4.116101E+00, 1.736312E+00, 6.906068E+01, 6.805180E+01, 1.620281E+00, 3.114291E+01, 5.777355E+00, 9.627626E-01, 8.111221E+01, 4.607010E+01, 8.166117E+00, 3.885414E+00,11, 2.840420E+01,0, 0.000000E+00,0, 0.000000E+00,4, 8.166117E+00, 1.029992E+00, 4.837119E+00,NULL,NULL,1,mc_qqps,53
-21041,2693,20228,50129,94C2, 9.125000E+01,29,15,44,29,15, 1.487468E+00, 2.916435E+00, 4.452004E+00, 7.475858E+01, 7.427634E+01, 2.561253E+00,-4.604424E-01,-2.546390E+00, 2.224666E+00, 1.032716E+02, 7.344563E+01, 1.530756E+01, 8.813572E+00,13, 1.067162E+01,0, 0.000000E+00,0, 0.000000E+00,10, 1.533207E+01, 4.715406E-01, 4.837622E+00,NULL,NULL,1,mc_qqps,53
-21041,2694,20228,50143,94C2, 9.125000E+01,65,12,77,65,12, 1.280454E+00, 8.578943E+00, 3.701647E+00, 8.612315E+01, 8.389610E+01, 1.290709E+00, 1.913270E+00, 1.608456E-01, 1.559932E-01, 1.005118E+02, 6.474775E+01, 1.438863E+01, 0.000000E+00,11, 9.210848E-02,0, 0.000000E+00,0, 0.000000E+00,9, 1.182080E+01, 3.841695E-01, 3.086987E+00,NULL,NULL,1,mc_qqps,53
-21041,2695,20228,50201,94C2, 9.125000E+01,25,13,38,25,13,-4.242994E+00,-3.497894E-01, 7.365470E+00, 8.329956E+01, 8.295054E+01, 3.318022E+00,-6.202778E+00,-2.071394E+00, 1.253463E+01, 1.108040E+02, 6.586755E+01, 2.377118E+01, 2.983662E+00,1, 0.000000E+00,14, 4.259435E+00,0, 0.000000E+00,1, 7.495907E-01, 7.495907E-01, 7.495907E-01,NULL,NULL,1,mc_qqps,53
-21041,2696,20228,50213,94C2, 9.125000E+01,24,15,39,24,15, 5.292728E+00, 5.470268E+00, 9.529390E+00, 7.048972E+01, 7.012035E+01, 2.921681E+00, 9.517059E+00, 1.312272E+01, 2.138951E+01, 1.052482E+02, 6.886059E+01, 3.143364E+01, 1.351972E+00,8, 1.221022E+00,5, 0.000000E+00,0, 0.000000E+00,6, 1.434249E+01, 6.377593E-01, 4.183758E+00,NULL,NULL,1,mc_qqps,53
-21041,2697,20228,50235,94C2, 9.125000E+01,25,15,40,25,15, 1.665829E+01, 1.096493E+01, 1.122430E+02, 1.606963E+02, 1.604252E+02, 6.417010E+00, 1.744884E+01, 1.321181E+01, 1.129776E+02, 1.743144E+02, 3.462569E+01, 1.236562E+01, 1.252496E+00,0, 0.000000E+00,19, 1.856578E+01,0, 0.000000E+00,NULL,NULL,NULL,NULL,1, 0.000000E+00,1,mc_qqps,53
-21041,2698,20228,50251,94C2, 9.125000E+01,31,14,45,31,14,-2.669835E+00, 9.119659E+00, 4.192930E+00, 5.646072E+01, 5.594896E+01, 1.804805E+00,-1.131827E+00, 8.832320E+00, 1.693066E+00, 1.011149E+02, 5.438958E+01, 2.734403E+01, 1.500631E+01,18, 2.333807E+00,0, 0.000000E+00,0, 0.000000E+00,9, 2.937671E+01, 4.192283E-01, 6.895426E+00,NULL,NULL,1,mc_qqps,53
-21041,2699,20228,50305,94C2, 9.125000E+01,35,15,50,35,15, 4.578878E+00,-4.756293E+00, 4.592366E+00, 7.106497E+01, 7.054721E+01, 2.015635E+00,-9.227191E-01,-2.285415E+00, 1.682364E+00, 9.563910E+01, 5.859992E+01, 2.040799E+01, 4.166134E+00,15, 5.145947E+00,3, 0.000000E+00,0, 0.000000E+00,10, 1.815830E+01, 4.510278E-01, 4.107648E+00,1, 0.000000E+00,1,mc_qqps,53
-21041,2700,20228,50320,94C2, 9.125000E+01,32,14,46,32,14, 2.548539E+00,-8.805919E+00, 1.002224E+01, 4.553907E+01, 4.499295E+01, 1.406030E+00, 7.695031E-01,-9.195755E+00, 9.347712E+00, 7.326148E+01, 3.544793E+01, 2.638536E+01, 1.337062E+00,16, 1.188933E+01,0, 0.000000E+00,0, 0.000000E+00,9, 2.141274E+01, 4.559122E-01, 5.423885E+00,NULL,NULL,1,mc_qqps,53
-21041,2701,20228,50336,94C2, 9.125000E+01,42,10,52,42,10,-1.139584E+01,-2.844650E+01,-1.205189E+00, 8.427639E+01, 8.355286E+01, 1.989354E+00,-1.067036E+01,-2.852067E+01,-2.039083E+00, 9.654070E+01, 6.305265E+01, 1.090332E+01, 6.813494E-01,18, 1.025226E+01,0, 0.000000E+00,0, 0.000000E+00,6, 8.174655E+00, 6.447912E-01, 2.659401E+00,NULL,NULL,1,mc_qqps,53
-21041,2702,20228,50354,94C2, 9.125000E+01,33,14,47,33,14,-1.381600E+00, 2.446489E+01,-6.714980E+00, 4.326917E+01, 4.260760E+01, 1.291140E+00,-1.393512E+00, 2.118950E+01,-6.647460E+00, 6.882718E+01, 3.664158E+01, 1.987616E+01, 3.387679E-01,13, 2.574988E-01,0, 0.000000E+00,0, 0.000000E+00,11, 2.392625E+01, 6.169829E-01, 9.401350E+00,NULL,NULL,1,mc_qqps,53
-21041,2703,20228,50406,94C2, 9.125000E+01,39,12,51,39,12,-1.271317E+00, 4.052774E-01,-2.511693E+01, 5.638689E+01, 5.553820E+01, 1.424056E+00, 4.385296E-01,-1.231313E+00,-1.172375E+01, 7.944922E+01, 1.007157E+01, 2.218177E+01, 8.805689E-01,1, 0.000000E+00,16, 2.771893E+00,0, 0.000000E+00,NULL,NULL,NULL,NULL,4, 0.000000E+00,0,mc_qqps,53
-21041,2704,20228,50443,94C2, 9.125000E+01,9,4,13,9,4, 9.209313E+00, 2.177318E+01,-9.664216E+00, 4.873231E+01, 4.863866E+01, 5.404296E+00, 6.809259E+00, 1.622618E+01,-6.936440E+00, 5.693271E+01, 4.853534E+01, 7.269161E+00, 9.312360E-01,4, 6.391189E-01,0, 0.000000E+00,0, 0.000000E+00,1, 6.129414E+00, 6.129414E+00, 6.129414E+00,NULL,NULL,1,mc_qqps,53
-21041,2705,20228,50452,94C2, 9.125000E+01,28,13,41,28,13,-4.242409E+00, 4.095638E+00, 6.475948E+00, 5.388333E+01, 5.310593E+01, 1.896641E+00, 2.464667E+00,-1.242955E+00,-1.372865E+00, 9.315355E+01, 4.615836E+01, 3.018180E+01, 7.712694E+00,13, 9.064822E-01,0, 0.000000E+00,0, 0.000000E+00,10, 3.135505E+01, 6.000986E-01, 1.564041E+01,NULL,NULL,1,mc_qqps,53
-21041,2706,20228,50507,94C2, 9.125000E+01,44,9,53,44,9, 1.927345E+02, 2.349260E+00,-3.057796E+02, 9.346561E+02, 9.337775E+02, 2.122222E+01, 1.921375E+02, 2.180827E+00,-3.029561E+02, 9.429572E+02, 4.861224E+00, 7.885897E+00, 4.379810E-01,0, 0.000000E+00,15, 1.606676E+01,0, 0.000000E+00,NULL,NULL,NULL,NULL,NULL,NULL,0,mc_qqps,53
-21041,2707,20228,50523,94C2, 9.125000E+01,25,21,46,25,21,-5.289331E+00, 2.794671E+00,-6.950387E-01, 3.947726E+01, 3.915891E+01, 1.566357E+00,-1.693404E+00,-1.581748E+00, 1.791556E+00, 9.071120E+01, 3.929933E+01, 4.709487E+01, 1.873683E+00,22, 3.012657E+00,0, 0.000000E+00,0, 0.000000E+00,16, 4.091921E+01, 5.010743E-01, 9.656098E+00,NULL,NULL,1,mc_qqps,53
-21041,2708,20228,50536,94C2, 9.125000E+01,52,16,68,52,16,-1.086681E+00, 4.490294E+00, 1.397781E+00, 5.736124E+01, 5.616104E+01, 1.080020E+00,-1.754969E+00,-1.816824E+00, 5.075777E+00, 9.949281E+01, 4.349840E+01, 3.329913E+01, 8.947986E+00,9, 1.928701E-01,2, 0.000000E+00,0, 0.000000E+00,7, 2.564809E+01, 5.161740E-01, 1.260806E+01,NULL,NULL,1,mc_qqps,53
-21041,2709,20228,50554,94C2, 9.125000E+01,46,21,67,46,21, 8.528199E-01,-2.422857E+00,-1.614057E+01, 8.063241E+01, 7.977325E+01, 1.734201E+00,-3.798338E-01,-8.843851E+00,-1.712357E+01, 1.034924E+02, 5.035989E+01, 1.512768E+01, 2.099724E+00,18, 3.845867E+00,7, 0.000000E+00,0, 0.000000E+00,11, 1.146294E+01, 3.667856E-01, 3.686643E+00,NULL,NULL,1,mc_qqps,53
-21041,2710,20228,50614,94C2, 9.125000E+01,29,16,45,29,16, 1.388054E+03, 8.647336E+02,-3.487569E+03, 3.906573E+03, 3.906024E+03, 1.346905E+02, 1.387915E+03, 8.614975E+02,-3.490762E+03, 3.929026E+03, 2.944839E+01, 1.045094E+01, 1.112407E+01,2, 0.000000E+00,12, 0.000000E+00,0, 0.000000E+00,1, 8.776471E-01, 8.776471E-01, 8.776471E-01,2, 0.000000E+00,1,mc_qqps,53
-21041,2711,20228,50633,94C2, 9.125000E+01,20,12,32,20,12, 9.681266E+00, 3.922070E+00, 6.285430E+01, 7.288124E+01, 7.270336E+01, 3.635168E+00, 7.022251E+00, 2.962595E+00, 4.637150E+01, 1.027964E+02, 4.865339E+00, 2.707612E+01, 2.838994E+00,0, 0.000000E+00,9, 1.139001E+01,0, 0.000000E+00,NULL,NULL,NULL,NULL,3, 0.000000E+00,0,mc_qqps,53
-21041,2712,20228,50645,94C2, 9.125000E+01,36,18,54,36,18,-2.769176E+00,-4.153724E+00,-3.146706E+00, 6.859829E+01, 6.802997E+01, 1.889721E+00, 4.947865E+00, 7.133868E+00, 1.446144E+01, 1.048579E+02, 5.783284E+01, 2.794724E+01, 6.498412E+00,10, 2.032784E+00,8, 0.000000E+00,0, 0.000000E+00,7, 7.378447E+00, 7.274118E-01, 1.813995E+00,1, 0.000000E+00,1,mc_qqps,53
-21041,2713,20228,50708,94C2, 9.125000E+01,35,22,57,35,22,-6.972506E-01, 1.683691E-01, 7.434820E+00, 5.180404E+01, 5.111075E+01, 1.460307E+00,-1.691974E+00,-9.394382E+00,-8.922134E+00, 8.196015E+01, 4.588914E+01, 2.629480E+01, 1.855927E+00,5, 0.000000E+00,12, 0.000000E+00,0, 0.000000E+00,5, 6.324057E+00, 7.598370E-01, 2.011386E+00,NULL,NULL,1,mc_qqps,53
-21041,2714,20228,50730,94C2, 9.125000E+01,29,10,39,29,10, 4.899783E-01,-9.040709E-01,-2.668699E+00, 6.000836E+01, 5.942204E+01, 2.049036E+00, 7.234192E-01,-1.340162E+00,-5.096326E+00, 1.011099E+02, 5.692093E+01, 8.254967E+00, 2.570881E+01,10, 1.025788E+00,0, 0.000000E+00,0, 0.000000E+00,7, 1.543751E+01, 4.547701E-01, 7.182543E+00,NULL,NULL,1,mc_qqps,53
-21041,2715,20228,50746,94C2, 9.125000E+01,31,9,40,31,9,-1.226140E+00, 5.704095E+00,-1.424230E+00, 9.054949E+01, 8.991361E+01, 2.900439E+00,-1.396776E+00, 6.411582E+00,-2.922961E+00, 1.013779E+02, 8.575152E+01, 7.500973E+00, 1.877685E+00,10, 1.225859E-01,2, 0.000000E+00,0, 0.000000E+00,5, 3.262484E+00, 3.744564E-01, 9.430835E-01,NULL,NULL,1,mc_qqps,53
-21041,2716,20228,50759,94C2, 9.125000E+01,29,11,40,29,11, 1.577754E+00,-1.178404E+00, 3.215637E+00, 5.970711E+01, 5.906279E+01, 2.036648E+00,-1.641175E-01,-7.546576E-01, 3.990662E+00, 8.806680E+01, 5.104160E+01, 2.800521E+01, 3.544745E-01,1, 0.000000E+00,14, 3.719589E+00,0, 0.000000E+00,1, 6.329097E-01, 6.329097E-01, 6.329097E-01,NULL,NULL,1,mc_qqps,53
-21041,2717,20228,50813,94C2, 9.125000E+01,32,11,43,32,11, 6.283452E+00, 1.486857E+00, 9.120707E+00, 7.729182E+01, 7.656403E+01, 2.392626E+00, 6.990960E+00,-1.269992E+00, 9.260661E+00, 9.002560E+01, 5.958419E+01, 8.088404E+00, 4.702116E+00,5, 3.916237E-01,8, 0.000000E+00,0, 0.000000E+00,3, 3.080720E+00, 5.327771E-01, 1.371337E+00,NULL,NULL,1,mc_qqps,53
-21041,2718,20228,50824,94C2, 9.125000E+01,29,15,44,29,15,-1.348883E+01, 4.517947E+00, 1.255855E+01, 4.835065E+01, 4.771442E+01, 1.645325E+00,-2.562346E+00, 2.952463E+00, 2.501563E+00, 8.348591E+01, 4.254247E+01, 1.793240E+01, 1.178245E+01,15, 1.960329E+00,1, 0.000000E+00,0, 0.000000E+00,12, 2.237811E+01, 4.803667E-01, 4.857589E+00,NULL,NULL,1,mc_qqps,53
-21041,2719,20228,50839,94C2, 9.125000E+01,24,17,41,24,17, 8.600138E-01,-2.037009E+00, 9.332943E-01, 4.233251E+01, 4.198563E+01, 1.749401E+00,-2.341357E+01, 1.302848E+01, 4.459563E+00, 1.029074E+02, 3.903780E+01, 5.351537E+01, 7.345873E+00,13, 8.176611E+00,0, 0.000000E+00,0, 0.000000E+00,10, 4.090384E+01, 4.009201E-01, 1.282191E+01,NULL,NULL,1,mc_qqps,53
-21041,2720,20228,50851,94C2, 9.125000E+01,35,17,52,35,17,-1.368253E+00,-5.688266E+00,-1.930251E-01, 4.164072E+01, 4.075810E+01, 1.164517E+00,-2.925946E+00,-1.384199E+01,-1.814854E+00, 7.138297E+01, 3.808966E+01, 2.316342E+01, 4.614730E+00,16, 7.606461E-01,0, 0.000000E+00,0, 0.000000E+00,13, 1.926837E+01, 4.979306E-01, 3.750821E+00,1, 0.000000E+00,1,mc_qqps,53
-21041,2721,20228,50907,94C2, 9.125000E+01,34,10,44,34,10, 2.024812E+00,-1.500759E+00,-5.514282E-01, 7.124126E+01, 7.074025E+01, 2.080595E+00, 8.795826E+00, 2.210537E+00,-4.494060E+00, 9.006413E+01, 6.478399E+01, 8.164172E+00, 0.000000E+00,18, 4.733749E-01,0, 0.000000E+00,0, 0.000000E+00,10, 1.882286E+01, 7.108849E-01, 4.613965E+00,NULL,NULL,1,mc_qqps,53
-21041,2722,20228,50923,94C2, 9.125000E+01,27,16,43,27,16, 1.031240E+00, 1.038679E-01, 4.617797E-01, 5.360654E+01, 5.310362E+01, 1.966801E+00, 6.112575E+00,-8.052422E-01,-4.427253E-01, 8.529130E+01, 5.069930E+01, 2.023425E+01, 8.954653E+00,18, 3.701677E+00,0, 0.000000E+00,0, 0.000000E+00,12, 2.285091E+01, 4.295779E-01, 8.363267E+00,NULL,NULL,1,mc_qqps,53
-21041,2723,20228,50938,94C2, 9.125000E+01,29,22,51,29,22,-1.348614E+00, 5.843412E+00, 4.190378E+00, 3.190193E+01, 3.146881E+01, 1.085131E+00,-9.473864E-01, 8.590935E+00, 8.970307E+00, 6.808984E+01, 2.394360E+01, 2.605844E+01, 8.115379E+00,7, 5.352468E-01,13, 2.925951E+00,0, 0.000000E+00,5, 6.561313E+00, 7.110538E-01, 2.014086E+00,2, 0.000000E+00,1,mc_qqps,53
-21041,2724,20228,51000,94C2, 9.125000E+01,25,22,47,25,22,-5.047462E+00, 1.049470E+00, 3.490809E+00, 6.676463E+01, 6.631201E+01, 2.652480E+00, 3.019314E-01, 7.489825E-01,-3.399364E+00, 9.667333E+01, 5.265178E+01, 2.092800E+01, 8.980700E+00,2, 0.000000E+00,25, 7.060917E+00,0, 0.000000E+00,2, 2.189495E+00, 8.063755E-01, 1.383119E+00,NULL,NULL,1,mc_qqps,53
-21041,2725,20228,51018,94C2, 9.125000E+01,38,24,62,38,24,-5.201028E+00, 6.617737E-01,-2.922883E+00, 4.359261E+01, 4.264195E+01, 1.122157E+00,-1.519654E+01, 3.796374E-01,-5.296644E+00, 8.623898E+01, 3.350554E+01, 2.791784E+01, 9.466494E+00,17, 0.000000E+00,0, 0.000000E+00,0, 0.000000E+00,16, 2.936210E+01, 3.414988E-01, 6.879925E+00,NULL,NULL,1,mc_qqps,53
-21041,2726,20228,51035,94C2, 9.125000E+01,22,14,36,22,14,-1.047503E+01, 1.509117E+01,-2.589578E+00, 6.095403E+01, 6.072849E+01, 2.760386E+00,-1.014665E+00, 1.826024E+00,-1.090181E-01, 8.692831E+01, 6.051130E+01, 2.485279E+01, 1.121497E+00,18, 8.173019E+00,0, 0.000000E+00,0, 0.000000E+00,11, 2.371744E+01, 5.904239E-01, 9.362619E+00,1, 0.000000E+00,1,mc_qqps,53
-21041,2727,20228,51047,94C2, 9.125000E+01,26,14,40,26,14,-1.208272E-01, 1.421850E+00, 3.274705E+00, 6.473167E+01, 6.429874E+01, 2.473029E+00, 3.147112E-01,-1.296359E+00, 6.951105E+00, 9.214943E+01, 5.890590E+01, 2.170030E+01, 2.168090E-01,9, 1.694207E-01,2, 0.000000E+00,0, 0.000000E+00,8, 2.218714E+01, 5.138097E-01, 9.990855E+00,NULL,NULL,1,mc_qqps,53
-21041,2728,20228,51100,94C2, 9.125000E+01,32,17,49,32,17,-1.384547E+01,-8.405635E+00, 6.807292E+00, 6.387535E+01, 6.323214E+01, 1.976004E+00,-2.804645E-01, 6.700277E+00,-1.801325E+00, 1.035387E+02, 4.620984E+01, 2.654658E+01, 1.235892E+01,16, 1.915183E+01,1, 0.000000E+00,0, 0.000000E+00,12, 2.534573E+01, 4.406596E-01, 5.779425E+00,NULL,NULL,1,mc_qqps,53
-21041,2729,20228,51112,94C2, 9.125000E+01,27,5,32,27,5,-4.754259E+00, 4.599741E+00, 6.436327E+00, 6.820963E+01, 6.785213E+01, 2.513042E+00,-5.075392E+00, 5.756540E+00, 8.055524E+00, 7.581858E+01, 6.482607E+01, 6.610217E+00, 9.987416E-01,5, 8.417185E+00,1, 0.000000E+00,0, 0.000000E+00,3, 5.823099E+00, 1.100623E+00, 3.604082E+00,NULL,NULL,1,mc_qqps,53
-21041,2730,20228,51126,94C2, 9.125000E+01,32,23,55,32,23,-1.011952E+00, 7.583755E-01, 3.175717E+00, 4.168115E+01, 4.076630E+01, 1.273947E+00,-2.169556E+00, 6.963229E-01, 2.525924E+00, 8.331330E+01, 1.649062E+01, 3.600115E+01, 5.630990E+00,3, 0.000000E+00,18, 1.760379E+00,0, 0.000000E+00,2, 1.252281E+00, 5.773718E-01, 6.749095E-01,3, 0.000000E+00,1,mc_qqps,53
-21041,2731,20228,51145,94C2, 9.125000E+01,25,14,39,25,14, 4.955268E+01, 6.910158E+00,-1.665415E+01, 9.563022E+01, 9.509946E+01, 3.803979E+00, 4.265155E+01, 7.519374E+00,-1.539706E+01, 1.215075E+02, 4.143839E+01, 2.311528E+01, 2.080992E+00,16, 1.472615E+01,0, 0.000000E+00,0, 0.000000E+00,11, 2.321332E+01, 6.810118E-01, 4.596468E+00,NULL,NULL,1,mc_qqps,53
-21041,2732,20228,51200,94C2, 9.125000E+01,24,8,32,24,8, 8.365757E-01,-4.998199E+00,-9.305463E+00, 1.009741E+02, 1.004795E+02, 4.186647E+00, 1.797563E-01,-2.616578E+00,-1.957043E+01, 1.121566E+02, 1.280771E+01, 1.092111E+01, 2.614191E-01,0, 0.000000E+00,12, 2.797475E+00,0, 0.000000E+00,NULL,NULL,NULL,NULL,1, 0.000000E+00,1,mc_qqps,53
-21041,2733,20228,51212,94C2, 9.125000E+01,30,11,41,30,11,-6.480623E+00,-1.321015E+00,-4.125389E+00, 8.993322E+01, 8.938432E+01, 2.979477E+00,-2.197828E+01,-6.517490E+00,-1.505685E+01, 1.143301E+02, 6.675301E+01, 1.925933E+01, 1.031434E-01,12, 5.577495E-02,1, 0.000000E+00,0, 0.000000E+00,8, 1.195481E+01, 3.251730E-01, 5.034436E+00,NULL,NULL,1,mc_qqps,53
-21041,2734,20228,51225,94C2, 9.125000E+01,38,11,49,38,11, 1.794751E+00, 2.488355E+00,-1.258143E+00, 5.921930E+01, 5.872822E+01, 1.545479E+00,-4.516192E+00,-4.920137E+00,-4.887720E+00, 8.028813E+01, 5.424069E+01, 2.082244E+01, 2.463916E-01,8, 2.311958E+00,7, 0.000000E+00,0, 0.000000E+00,4, 1.150431E+01, 6.134996E-01, 6.054814E+00,NULL,NULL,1,mc_qqps,53
-21041,2735,20228,51242,94C2, 9.125000E+01,21,8,29,21,8, 1.175830E+01, 8.307465E+00,-9.434785E+00, 4.308191E+01, 4.282851E+01, 2.039453E+00,-3.743391E+00,-1.138787E+00, 5.310205E+00, 8.066389E+01, 2.764540E+01, 3.520665E+01, 2.428317E+00,9, 6.820736E-01,0, 0.000000E+00,0, 0.000000E+00,7, 3.520665E+01, 4.254933E-01, 1.967641E+01,NULL,NULL,1,mc_qqps,53
-21041,2736,20228,51252,94C2, 9.125000E+01,28,14,42,28,14, 2.038769E+01, 1.154967E+01, 6.072563E+00, 4.065259E+01, 3.991335E+01, 1.425477E+00, 3.763601E+01, 2.068304E+01, 6.109282E+00, 1.014371E+02, 2.377116E+01, 2.160420E+01, 3.796918E+01,12, 1.612935E+00,0, 0.000000E+00,0, 0.000000E+00,8, 2.034860E+01, 3.472458E-01, 9.454937E+00,NULL,NULL,1,mc_qqps,53
-21041,2737,20228,51309,94C2, 9.125000E+01,27,11,38,27,11,-1.111636E+01, 7.201816E+00, 1.058689E+01, 5.935177E+01, 5.890419E+01, 2.181637E+00,-8.407698E+00, 6.856921E+00, 7.921541E+00, 7.498762E+01, 5.636080E+01, 7.997712E+00, 6.659031E+00,5, 0.000000E+00,3, 0.000000E+00,0, 0.000000E+00,4, 5.167859E+00, 8.360211E-01, 2.365799E+00,NULL,NULL,1,mc_qqps,53
-21041,2738,20228,51326,94C2, 9.125000E+01,25,20,45,25,20,-3.441456E+00,-7.493598E+00, 1.749580E+01, 5.754810E+01, 5.732541E+01, 2.293016E+00,-8.790802E+00,-1.189506E+01, 2.864039E+01, 7.827966E+01, 5.033075E+01, 1.430244E+01, 6.429090E+00,3, 6.976947E-02,21, 5.764183E+00,0, 0.000000E+00,NULL,NULL,NULL,NULL,1, 0.000000E+00,1,mc_qqps,53
-21041,2739,20228,51341,94C2, 9.125000E+01,18,10,28,18,10, 3.180573E+00, 7.394611E+00,-3.007017E+00, 5.996613E+01, 5.976960E+01, 3.320533E+00, 1.755543E-01, 4.763290E-01,-5.363408E-01, 8.289138E+01, 5.711887E+01, 1.299612E+01, 9.283068E+00,10, 4.269506E+00,0, 0.000000E+00,0, 0.000000E+00,7, 1.090464E+01, 6.478754E-01, 5.075612E+00,NULL,NULL,1,mc_qqps,53
-21041,2740,20228,51354,94C2, 9.125000E+01,17,18,35,17,18, 9.880829E+00,-6.077663E+00, 5.357316E+00, 4.721853E+01, 4.697763E+01, 2.763390E+00,-4.999658E-01, 4.789470E-01,-1.166477E+00, 9.336005E+01, 4.560225E+01, 2.501116E+01, 1.832219E+01,20, 6.653152E+00,0, 0.000000E+00,0, 0.000000E+00,14, 2.375443E+01, 3.776576E-01, 5.112492E+00,NULL,NULL,1,mc_qqps,53
-21041,2741,20228,51407,94C2, 9.125000E+01,37,17,54,37,17, 2.386803E+00,-7.631307E-01, 1.041890E+01, 4.993684E+01, 4.917123E+01, 1.328952E+00,-2.947876E+00, 1.417060E+00,-1.532583E+00, 6.724379E+01, 1.979746E+01, 8.441129E+00, 8.869406E+00,2, 0.000000E+00,20, 2.910858E+00,0, 0.000000E+00,1, 5.705351E-01, 5.705351E-01, 5.705351E-01,NULL,NULL,1,mc_qqps,53
-21041,2742,20228,51427,94C2, 9.125000E+01,48,14,62,48,14,-9.319090E+00, 3.618617E+00,-5.631664E+01, 1.215158E+02, 1.203489E+02, 2.507268E+00,-3.378362E+00, 1.041513E+01,-4.384566E+01, 1.552884E+02, 4.276438E+01, 1.298617E+01, 2.050359E+01,6, 5.265269E-02,12, 0.000000E+00,0, 0.000000E+00,4, 3.026253E+00, 3.879447E-01, 1.120147E+00,NULL,NULL,1,mc_qqps,53
-21041,2743,20228,51445,94C2, 9.125000E+01,37,10,47,37,10, 3.357759E+00,-5.875282E-01,-9.425321E+00, 7.974103E+01, 7.899872E+01, 2.135101E+00, 3.851601E+00,-6.623715E-01,-1.246805E+01, 9.243367E+01, 4.820167E+01, 9.913593E+00, 0.000000E+00,4, 0.000000E+00,15, 1.751193E+00,0, 0.000000E+00,3, 3.131681E+00, 3.526380E-01, 2.039616E+00,NULL,NULL,1,mc_qqps,53
-21041,2744,20228,51502,94C2, 9.125000E+01,29,9,38,29,9, 4.141908E-01, 1.898847E+00, 2.139853E+00, 5.678574E+01, 5.621449E+01, 1.938431E+00,-1.737340E+01, 8.607998E+00, 6.805862E-01, 7.953549E+01, 4.427570E+01, 1.326726E+01, 0.000000E+00,13, 3.085789E+00,0, 0.000000E+00,0, 0.000000E+00,7, 2.000411E+01, 7.108836E-01, 8.771605E+00,NULL,NULL,1,mc_qqps,53
-21041,2745,20228,51519,94C2, 9.125000E+01,36,25,61,36,25,-9.884441E-02, 1.487121E+00,-4.236081E+00, 3.060818E+01, 2.944779E+01, 8.179941E-01, 6.861887E-01, 3.976098E-01,-5.342546E+00, 6.556770E+01, 1.761697E+01, 2.149919E+01, 8.891035E+00,5, 0.000000E+00,13, 4.893239E-01,0, 0.000000E+00,5, 6.083143E+00, 5.171624E-01, 2.852768E+00,4, 0.000000E+00,1,mc_qqps,53
-21041,2746,20228,51549,94C2, 9.125000E+01,45,17,62,45,17,-4.450006E+00, 8.089135E+00,-9.194904E+00, 7.854402E+01, 7.781357E+01, 1.729190E+00,-2.596930E+00, 6.294927E+00,-3.361507E+00, 1.206300E+02, 6.899326E+01, 1.447834E+01, 2.413881E+01,16, 0.000000E+00,1, 0.000000E+00,0, 0.000000E+00,9, 1.554530E+01, 6.412433E-01, 3.844703E+00,NULL,NULL,1,mc_qqps,53
-21041,2747,20228,51609,94C2, 9.125000E+01,25,11,36,25,11,-9.708088E-01,-1.634225E+01, 1.049047E+01, 6.037860E+01, 5.995543E+01, 2.398217E+00, 1.736382E+00, 4.376803E+00,-3.010346E+00, 9.598222E+01, 4.796694E+01, 3.057371E+01, 5.234256E+00,9, 1.586154E-01,0, 0.000000E+00,0, 0.000000E+00,6, 2.615145E+01, 1.526790E+00, 1.267980E+01,NULL,NULL,1,mc_qqps,53
-21041,2748,20228,51620,94C2, 9.125000E+01,45,16,61,45,16,-1.947983E+00, 1.326272E+01, 1.737491E+01, 6.653546E+01, 6.581011E+01, 1.462447E+00,-2.167174E+00,-6.561219E-01, 3.684148E+00, 9.254166E+01, 5.998040E+01, 2.389248E+01, 3.926086E-01,16, 5.170243E-01,2, 0.000000E+00,0, 0.000000E+00,10, 2.112972E+01, 5.031788E-01, 8.312206E+00,NULL,NULL,1,mc_qqps,53
-21041,2749,20228,51639,94C2, 9.125000E+01,35,16,51,35,16,-3.093564E+00,-2.304473E+00, 3.540769E+00, 6.193562E+01, 6.126933E+01, 1.750552E+00, 1.041423E+01, 9.102869E+00,-1.186018E+01, 1.066630E+02, 5.571723E+01, 4.451952E+01, 2.091492E-01,16, 3.780128E-01,1, 0.000000E+00,0, 0.000000E+00,11, 2.674428E+01, 7.774759E-01, 7.153873E+00,NULL,NULL,1,mc_qqps,53
-21041,2750,20228,51657,94C2, 9.125000E+01,42,12,54,42,12, 5.569192E-01,-2.032097E+00,-1.131738E+00, 5.830053E+01, 5.659921E+01, 1.347600E+00,-1.200702E+01, 8.199591E+00,-8.741845E-01, 8.507680E+01, 4.854431E+01, 7.444476E+00, 1.231342E+01,12, 1.420429E+01,0, 0.000000E+00,0, 0.000000E+00,6, 9.602947E+00, 3.627250E-01, 4.306018E+00,NULL,NULL,1,mc_qqps,53
-21041,2751,20228,51719,94C2, 9.125000E+01,30,15,45,30,15,-2.837756E-01, 2.661722E-01, 2.869761E+00, 7.949907E+01, 7.909889E+01, 2.636630E+00,-3.067492E-01,-4.152265E-01, 2.598975E-01, 1.104277E+02, 6.274577E+01, 2.711582E+01, 3.880336E+00,2, 0.000000E+00,10, 3.889219E+00,0, 0.000000E+00,2, 1.606078E+00, 6.371368E-01, 9.689417E-01,NULL,NULL,1,mc_qqps,53
-21041,2752,20228,51734,94C2, 9.125000E+01,30,19,49,30,19,-2.641007E+01,-5.519875E+00, 7.831017E+01, 1.651894E+02, 1.644486E+02, 5.481620E+00,-3.078330E+01,-5.993651E+00, 8.982660E+01, 1.842540E+02, 4.417364E+01, 1.668130E+01, 2.383332E+00,2, 0.000000E+00,21, 1.311689E+01,0, 0.000000E+00,2, 1.245486E+00, 6.109616E-01, 6.345243E-01,NULL,NULL,1,mc_qqps,53
-21041,2753,20228,51746,94C2, 9.125000E+01,29,16,45,29,16, 3.217861E+00,-8.560008E-01,-5.949470E+00, 6.401094E+01, 6.338977E+01, 2.185854E+00, 3.363519E+00,-2.274257E-01,-2.456032E+00, 8.005010E+01, 6.198009E+01, 1.570558E+01, 3.335642E-01,10, 1.131367E-01,7, 1.051782E+00,0, 0.000000E+00,8, 1.069145E+01, 3.923334E-01, 3.067249E+00,NULL,NULL,1,mc_qqps,53
-21041,2754,20228,51800,94C2, 9.125000E+01,17,8,25,17,8,-1.086224E+00, 8.781270E-01,-2.289096E+00, 4.803210E+01, 4.787314E+01, 2.816067E+00,-5.447532E+00, 3.459375E+00, 2.863559E-01, 5.931046E+01, 4.773457E+01, 1.076098E+01, 5.173802E-01,11, 5.573837E-01,0, 0.000000E+00,0, 0.000000E+00,6, 1.016059E+01, 3.816349E-01, 2.977772E+00,NULL,NULL,1,mc_qqps,53
-21041,2755,20228,51812,94C2, 9.125000E+01,24,25,49,24,25, 5.813823E-01, 1.240664E+00,-2.574761E+01, 4.563020E+01, 4.522647E+01, 1.884436E+00, 4.835804E+00, 4.188429E+00,-3.281244E+01, 8.526398E+01, 2.565400E+01, 2.986815E+01, 1.903523E+00,5, 0.000000E+00,14, 8.368928E-01,0, 0.000000E+00,4, 1.122361E+01, 8.345163E-01, 7.862108E+00,5, 0.000000E+00,1,mc_qqps,53
-21041,2756,20228,51834,94C2, 9.125000E+01,29,14,43,29,14,-4.785432E+00,-1.890328E+01, 5.409581E+00, 6.386359E+01, 6.355542E+01, 2.191566E+00, 1.554617E+00,-4.152647E+00, 3.262846E+00, 9.762122E+01, 6.342836E+01, 2.134894E+01, 9.950036E+00,20, 4.951774E+00,0, 0.000000E+00,0, 0.000000E+00,9, 2.364847E+01, 6.296824E-01, 8.984480E+00,NULL,NULL,1,mc_qqps,53
-21041,2757,20228,51848,94C2, 9.125000E+01,40,10,50,40,10, 2.400379E+00, 1.462963E+00,-5.934457E+00, 6.785474E+01, 6.700309E+01, 1.675077E+00, 3.240074E+00,-8.761014E+00,-4.687831E-01, 8.004458E+01, 5.946672E+01, 9.738676E+00, 4.631506E-01,14, 1.515577E+00,1, 0.000000E+00,0, 0.000000E+00,7, 1.116610E+01, 4.619707E-01, 4.104915E+00,NULL,NULL,1,mc_qqps,53
-21041,2758,20228,51907,94C2, 9.125000E+01,30,24,54,30,24, 3.549098E+00, 6.301905E+00,-1.627561E+01, 5.816051E+01, 5.766855E+01, 1.922285E+00,-8.899691E+00,-7.447944E+00,-2.096684E+01, 8.538199E+01, 2.960995E+01, 2.606427E+01, 2.077480E-01,23, 4.601812E+00,6, 5.942584E-01,0, 0.000000E+00,17, 1.899003E+01, 3.746632E-01, 3.138587E+00,NULL,NULL,1,mc_qqps,53
-21041,2759,20228,51922,94C2, 9.125000E+01,28,9,37,28,9,-2.110642E-01,-5.667412E+00,-2.988080E+00, 6.230392E+01, 6.188383E+01, 2.210137E+00,-9.649343E-01,-8.354882E+00,-4.569361E+00, 7.353657E+01, 6.130558E+01, 8.457496E+00, 0.000000E+00,16, 4.673090E+00,0, 0.000000E+00,0, 0.000000E+00,8, 9.121894E+00, 6.592642E-01, 2.469973E+00,NULL,NULL,1,mc_qqps,53
-21041,2760,20228,51938,94C2, 9.125000E+01,16,17,33,16,17, 1.827524E+00,-4.843297E+00, 5.992992E+00, 5.759450E+01, 5.745608E+01, 3.591005E+00,-1.682431E+00,-3.586951E+00, 3.776951E+00, 8.183819E+01, 4.143822E+01, 1.531832E+01, 8.941578E+00,4, 0.000000E+00,9, 2.125123E+01,0, 0.000000E+00,4, 5.031572E+00, 5.802459E-01, 1.681307E+00,2, 0.000000E+00,1,mc_qqps,53
-21041,2761,20228,51955,94C2, 9.125000E+01,39,12,51,39,12,-9.993333E+00, 7.882679E+00, 4.063757E-01, 8.620256E+01, 8.555327E+01, 2.193674E+00,-1.226663E+01, 1.048677E+01,-7.729707E-01, 1.078264E+02, 7.785512E+01, 1.828033E+01, 0.000000E+00,14, 2.442930E+00,1, 0.000000E+00,0, 0.000000E+00,9, 2.043895E+01, 7.639331E-01, 6.433078E+00,NULL,NULL,1,mc_qqps,53
-21041,2762,20228,52012,94C2, 9.125000E+01,29,16,45,29,16,-3.967533E+00, 6.727005E+00, 7.956161E+00, 6.276245E+01, 6.214522E+01, 2.142939E+00,-2.134092E+00, 4.473510E+00, 5.965669E+00, 8.520428E+01, 5.855374E+01, 1.217234E+01, 6.408073E+00,17, 6.036059E+00,1, 0.000000E+00,0, 0.000000E+00,12, 1.506887E+01, 4.827520E-01, 2.625895E+00,NULL,NULL,1,mc_qqps,53
-21041,2763,20228,52027,94C2, 9.125000E+01,37,14,51,37,14,-1.937106E+01, 5.556374E+01,-3.375452E+01, 1.426178E+02, 1.418806E+02, 3.834612E+00,-1.735228E+01, 4.737288E+01,-2.893267E+01, 1.603064E+02, 8.152484E+01, 1.526576E+01, 2.087681E+00,16, 5.665082E-01,0, 0.000000E+00,0, 0.000000E+00,10, 1.098011E+01, 3.352402E-01, 3.420261E+00,NULL,NULL,1,mc_qqps,53
-21041,2764,20228,52046,94C2, 9.125000E+01,21,12,33,21,12, 1.333590E-01,-8.412319E-01,-8.938214E-01, 7.113759E+01, 7.100012E+01, 3.380958E+00, 2.907518E-02,-7.706476E-01,-7.171098E-01, 9.030595E+01, 5.640513E+01, 1.398596E+01, 0.000000E+00,14, 4.066202E+00,0, 0.000000E+00,0, 0.000000E+00,11, 1.736231E+01, 5.024623E-01, 3.247212E+00,NULL,NULL,1,mc_qqps,53
-21041,2765,20228,52058,94C2, 9.125000E+01,34,16,50,34,16, 9.646214E+00, 9.905263E+00,-1.837025E+00, 5.799283E+01, 5.715362E+01, 1.680989E+00, 1.944821E+01, 1.713573E+01,-2.123450E+00, 9.162157E+01, 4.518658E+01, 3.131468E+01, 1.702186E+00,20, 6.564795E+00,0, 0.000000E+00,0, 0.000000E+00,14, 2.560482E+01, 4.729355E-01, 4.497894E+00,NULL,NULL,1,mc_qqps,53
-21041,2766,20228,52109,94C2, 9.125000E+01,38,13,51,38,13, 4.136848E+00,-9.112176E-01, 7.379327E+00, 6.764370E+01, 6.697134E+01, 1.762404E+00, 5.876892E+00,-1.182945E+00, 8.731236E+00, 8.438361E+01, 5.141687E+01, 9.384215E+00, 7.484945E+00,9, 1.409197E+00,6, 0.000000E+00,0, 0.000000E+00,6, 5.018002E+00, 4.075544E-01, 1.658560E+00,NULL,NULL,1,mc_qqps,53
-21041,2767,20228,52126,94C2, 9.125000E+01,27,15,42,27,15,-6.473049E+00, 1.427264E+00,-5.545979E+00, 4.305116E+01, 4.261829E+01, 1.578455E+00,-9.258133E+00,-2.296649E+00,-8.893471E+00, 8.059827E+01, 2.836221E+01, 3.635385E+01, 1.194326E+00,14, 8.416278E-01,0, 0.000000E+00,0, 0.000000E+00,12, 3.555299E+01, 4.953404E-01, 1.020919E+01,NULL,NULL,1,mc_qqps,53
-21041,2768,20228,52141,94C2, 9.125000E+01,24,9,33,24,9, 5.480961E+00,-1.036137E+00,-5.355308E+00, 8.159377E+01, 8.134474E+01, 3.389364E+00, 2.066005E+00,-5.697623E-01,-5.497110E-01, 9.478130E+01, 7.981319E+01, 1.112930E+01, 6.931029E-01,13, 1.656663E+00,1, 0.000000E+00,0, 0.000000E+00,6, 1.135944E+01, 8.823605E-01, 3.439934E+00,NULL,NULL,1,mc_qqps,53
-21041,2769,20228,52154,94C2, 9.125000E+01,34,20,54,34,20, 5.348622E+00,-9.726330E+00, 1.595878E+01, 6.479131E+01, 6.420660E+01, 1.888429E+00,-8.013500E-01, 1.435020E+00,-5.497065E+00, 9.613436E+01, 5.296996E+01, 2.262475E+01, 7.090898E+00,5, 0.000000E+00,20, 5.536630E+00,0, 0.000000E+00,4, 3.471183E+00, 5.227994E-01, 1.644952E+00,NULL,NULL,1,mc_qqps,53
-21041,2770,20228,52209,94C2, 9.125000E+01,24,15,39,24,15,-1.803510E-01,-2.543327E+00, 2.796750E+00, 5.204308E+01, 5.178556E+01, 2.157732E+00,-2.113336E+00,-3.457349E+00, 1.302640E+00, 7.959274E+01, 5.137988E+01, 1.753814E+01, 0.000000E+00,22, 1.006624E+01,0, 0.000000E+00,0, 0.000000E+00,14, 2.547709E+01, 4.239942E-01, 4.177528E+00,NULL,NULL,1,mc_qqps,53
-21041,2771,20228,52224,94C2, 9.125000E+01,22,8,30,22,8, 1.078981E+00,-2.552564E+00, 1.763468E+00, 7.769162E+01, 7.740940E+01, 3.518609E+00, 4.145974E+00, 6.149488E+00, 2.168823E+00, 8.879034E+01, 7.014714E+01, 4.427829E+00, 6.796658E+00,13, 1.238261E+01,0, 0.000000E+00,0, 0.000000E+00,4, 4.427829E+00, 7.735314E-01, 1.590594E+00,NULL,NULL,1,mc_qqps,53
-21041,2772,20228,52238,94C2, 9.125000E+01,30,13,43,30,13, 1.755815E+00, 1.461881E+00,-6.360582E-01, 5.149337E+01, 5.096033E+01, 1.698678E+00, 5.604611E+00, 1.761368E+01,-8.656827E+00, 8.923502E+01, 4.608669E+01, 1.360114E+01, 1.770456E+01,19, 7.652730E+00,1, 0.000000E+00,0, 0.000000E+00,9, 1.947439E+01, 4.743359E-01, 6.498060E+00,NULL,NULL,1,mc_qqps,53
-21041,2773,20228,52251,94C2, 9.125000E+01,46,17,63,46,17,-1.796610E+00,-1.085825E+00,-5.308399E+00, 6.727645E+01, 6.635290E+01, 1.442454E+00, 5.676880E-01, 3.090965E+00, 5.771523E+00, 1.025267E+02, 5.345865E+01, 2.999804E+01, 3.330669E+00,19, 1.160514E+00,3, 0.000000E+00,0, 0.000000E+00,12, 2.969345E+01, 4.810179E-01, 9.186049E+00,NULL,NULL,1,mc_qqps,53
-21041,2774,20228,52308,94C2, 9.125000E+01,34,16,50,34,16,-4.607493E+00, 3.839775E+00,-7.926231E+00, 4.422886E+01, 4.324843E+01, 1.272013E+00,-1.199160E+01, 5.221599E+00,-1.388803E+01, 7.802684E+01, 4.036123E+01, 2.272012E+01, 7.812376E-01,19, 2.298712E+00,0, 0.000000E+00,0, 0.000000E+00,12, 3.206945E+01, 5.822982E-01, 7.208036E+00,NULL,NULL,1,mc_qqps,53
-21041,2775,20228,52322,94C2, 9.125000E+01,38,16,54,38,16,-1.192532E+00, 5.400897E+00,-1.655795E+00, 6.043872E+01, 5.977918E+01, 1.573136E+00,-1.040209E+00, 4.452348E+00,-1.916826E+00, 7.952689E+01, 5.105791E+01, 1.171833E+01, 5.234015E+00,14, 5.991292E+00,1, 0.000000E+00,0, 0.000000E+00,9, 1.044208E+01, 5.507439E-01, 2.578188E+00,NULL,NULL,1,mc_qqps,53
-21041,2776,20228,52338,94C2, 9.125000E+01,15,7,22,15,7,-9.074912E+00, 8.373740E+00,-3.810881E+00, 6.559518E+01, 6.526669E+01, 4.351112E+00,-5.068835E+00, 5.861301E+00,-2.664691E+00, 7.409628E+01, 6.487144E+01, 5.770434E+00, 1.313021E-01,11, 3.132605E+00,0, 0.000000E+00,0, 0.000000E+00,6, 8.369786E+00, 4.278035E-01, 2.556907E+00,NULL,NULL,1,mc_qqps,53
-21041,2777,20228,52354,94C2, 9.125000E+01,14,11,25,14,11,-2.911379E+00,-1.867887E+00, 1.795925E+00, 7.788814E+01, 7.777335E+01, 5.555239E+00,-1.182936E+00, 2.605126E+00, 3.704802E+00, 9.528377E+01, 7.752311E+01, 1.096241E+01, 3.582564E+00,6, 0.000000E+00,3, 0.000000E+00,0, 0.000000E+00,5, 7.284576E+00, 5.990766E-01, 3.503320E+00,NULL,NULL,1,mc_qqps,53
-21041,2778,20228,52407,94C2, 9.125000E+01,30,16,46,30,16, 5.098124E+00,-1.817877E+00, 1.108532E+00, 4.200724E+01, 4.150084E+01, 1.383361E+00,-5.262425E-01,-1.282514E+00,-2.593283E+00, 9.033070E+01, 3.906827E+01, 4.303844E+01, 5.521710E+00,13, 2.914618E-01,0, 0.000000E+00,0, 0.000000E+00,10, 4.282722E+01, 3.734955E-01, 1.713381E+01,NULL,NULL,1,mc_qqps,53
-21041,2779,20228,52423,94C2, 9.125000E+01,12,13,25,12,13, 6.040055E-01,-7.687595E-01,-3.565507E-01, 5.329014E+01, 5.321484E+01, 4.434570E+00, 7.861919E-01,-9.823365E+00,-3.602420E+00, 8.603265E+01, 5.202782E+01, 1.309190E+01, 1.965060E+01,15, 7.568999E+00,0, 0.000000E+00,0, 0.000000E+00,9, 1.278918E+01, 3.629746E-01, 5.616775E+00,NULL,NULL,1,mc_qqps,53
-21041,2780,20228,52436,94C2, 9.125000E+01,35,19,54,35,19,-1.300365E+00,-1.459385E+00,-9.510986E-01, 4.988564E+01, 4.900058E+01, 1.400017E+00, 1.794962E+00, 1.659918E+00,-7.399427E+00, 8.094662E+01, 4.092888E+01, 2.138742E+01, 5.257287E+00,15, 5.159378E+00,4, 0.000000E+00,0, 0.000000E+00,11, 2.297259E+01, 6.204551E-01, 6.213775E+00,NULL,NULL,1,mc_qqps,53
-21041,2781,20228,52451,94C2, 9.125000E+01,53,23,76,53,23, 1.020679E+01, 1.131790E+01,-1.838000E+02, 2.260318E+02, 2.248286E+02, 4.242050E+00, 5.716799E+00, 5.540292E+00,-1.750553E+02, 2.559461E+02, 4.225184E+01, 2.237540E+01, 7.811360E+00,9, 3.540000E-01,15, 4.416099E+00,0, 0.000000E+00,5, 3.414566E+00, 5.852753E-01, 7.912312E-01,NULL,NULL,1,mc_qqps,53
-21041,2782,20228,52511,94C2, 9.125000E+01,23,11,34,23,11,-3.984999E-02,-1.575726E+01, 3.219293E+00, 6.625290E+01, 6.588381E+01, 2.864514E+00,-1.090263E-01,-8.211163E+00, 7.301094E+00, 8.141223E+01, 5.600372E+01, 1.301190E+01, 1.501787E+00,14, 7.056630E+00,0, 0.000000E+00,0, 0.000000E+00,7, 1.242395E+01, 7.400755E-01, 5.661696E+00,NULL,NULL,1,mc_qqps,53
-21041,2783,20228,52529,94C2, 9.125000E+01,10,11,21,10,11, 1.228798E-01,-1.042160E+00, 8.375512E-01, 5.148803E+01, 5.143468E+01, 5.143468E+00,-2.462026E+00, 8.089234E+00,-3.649829E+00, 7.762497E+01, 5.116242E+01, 1.722902E+01, 2.088467E-01,15, 1.465424E+01,0, 0.000000E+00,0, 0.000000E+00,10, 2.592809E+01, 3.754601E-01, 8.325325E+00,NULL,NULL,1,mc_qqps,53
-21041,2784,20228,52540,94C2, 9.125000E+01,60,18,78,60,18,-8.639730E-01,-9.197733E-01, 2.490698E+00, 8.082781E+01, 7.913181E+01, 1.318863E+00,-1.474338E+00,-1.440819E+00, 1.105575E+00, 9.685658E+01, 6.866004E+01, 1.366611E+01, 9.699618E-01,18, 4.365609E+00,5, 0.000000E+00,0, 0.000000E+00,12, 1.354604E+01, 5.769576E-01, 1.854413E+00,NULL,NULL,1,mc_qqps,53
-21041,2785,20228,52557,94C2, 9.125000E+01,29,16,45,29,16, 2.035015E+00,-3.428294E+00, 3.152636E+00, 4.217725E+01, 4.167431E+01, 1.437045E+00, 1.686351E+00, 7.066083E-01,-1.719385E+00, 7.627400E+01, 3.670546E+01, 2.161212E+01, 4.347364E+00,17, 3.622677E+00,0, 0.000000E+00,0, 0.000000E+00,11, 2.785785E+01, 3.595237E-01, 5.911363E+00,NULL,NULL,1,mc_qqps,53
-21041,2786,20228,52615,94C2, 9.125000E+01,20,5,25,20,5,-1.097462E+00,-5.332352E+00, 2.642207E+00, 6.644982E+01, 6.616206E+01, 3.308103E+00,-8.209881E-01,-4.776085E+00, 2.486118E+00, 8.037046E+01, 6.475626E+01, 1.345804E+01, 4.625911E-01,10, 5.879089E+00,0, 0.000000E+00,0, 0.000000E+00,4, 1.345804E+01, 7.737401E-01, 6.509369E+00,NULL,NULL,1,mc_qqps,53
-21041,2787,20228,52628,94C2, 9.125000E+01,58,22,80,58,22, 7.153786E+00,-3.550782E-01, 3.958069E-01, 7.461686E+01, 7.303581E+01, 1.259238E+00, 1.612491E+01,-3.477385E+00, 7.806817E-02, 1.068881E+02, 6.155684E+01, 2.646414E+01, 5.196376E+00,24, 1.825120E+01,0, 0.000000E+00,0, 0.000000E+00,14, 2.346445E+01, 6.707250E-01, 3.989561E+00,NULL,NULL,1,mc_qqps,53
-21041,2788,20228,52645,94C2, 9.125000E+01,48,11,59,48,11,-6.628322E-01, 2.098895E+00,-4.803110E+00, 7.125253E+01, 6.942995E+01, 1.446457E+00,-1.113831E+00,-3.822349E+00, 6.834469E-01, 8.672987E+01, 6.458656E+01, 1.172062E+01, 3.005341E+00,13, 7.624826E+00,0, 0.000000E+00,0, 0.000000E+00,7, 1.176289E+01, 4.233504E-01, 3.386987E+00,NULL,NULL,1,mc_qqps,53
-21041,2789,20228,52707,94C2, 9.125000E+01,17,7,24,17,7,-8.522603E+00, 1.654560E+00, 1.533513E+00, 5.531623E+01, 5.502283E+01, 3.236637E+00,-3.101020E+00, 1.768702E-01, 8.698779E-01, 6.731689E+01, 5.334621E+01, 6.397772E+00, 3.985299E+00,10, 3.670126E+00,0, 0.000000E+00,0, 0.000000E+00,6, 8.015360E+00, 8.674543E-01, 2.121633E+00,NULL,NULL,1,mc_qqps,53
-21041,2790,20228,52719,94C2, 9.125000E+01,19,6,25,19,6,-1.409300E+01,-5.407741E+00,-5.886531E+00, 5.778842E+01, 5.749360E+01, 3.025979E+00,-6.897538E+00,-3.066259E+00,-2.174775E+00, 7.842210E+01, 5.699421E+01, 2.043376E+01, 1.999231E-01,11, 1.512698E+00,0, 0.000000E+00,0, 0.000000E+00,4, 2.011876E+01, 7.626697E-01, 1.166563E+01,NULL,NULL,1,mc_qqps,53
-21041,2791,20228,52733,94C2, 9.125000E+01,20,11,31,20,11,-3.986448E+00, 6.861100E+00, 7.286178E+00, 4.330612E+01, 4.288930E+01, 2.144465E+00, 3.403182E+00,-8.413077E+00,-9.732182E+00, 7.137966E+01, 4.298183E+01, 2.335378E+01, 3.120270E+00,8, 0.000000E+00,2, 0.000000E+00,0, 0.000000E+00,7, 2.428132E+01, 3.541654E-01, 1.145035E+01,NULL,NULL,1,mc_qqps,53
-21041,2792,20228,52749,94C2, 9.125000E+01,15,4,19,15,4, 2.913914E+01,-4.346917E+00, 4.597854E+00, 4.293432E+01, 4.255182E+01, 2.836788E+00,-4.090540E+00, 2.147261E-01, 4.695286E-01, 7.727204E+01, 4.121210E+01, 9.058015E+00, 2.527970E+01,6, 7.929744E+00,1, 2.638559E-01,0, 0.000000E+00,2, 8.642120E+00, 2.513480E+00, 6.128641E+00,NULL,NULL,1,mc_qqps,53
-21041,2793,20228,52759,94C2, 9.125000E+01,31,8,39,31,8,-1.816539E+01, 3.005078E+00,-9.200684E+00, 5.268793E+01, 5.202862E+01, 1.678342E+00,-3.792362E+00, 2.543288E+00,-1.646598E+00, 7.877572E+01, 4.853883E+01, 6.213072E+00, 1.232001E+01,14, 1.439171E+01,0, 0.000000E+00,0, 0.000000E+00,6, 1.307641E+01, 5.133403E-01, 7.554709E+00,NULL,NULL,1,mc_qqps,53
-21041,2794,20228,52812,94C2, 9.125000E+01,14,7,21,14,7, 3.994257E+00, 2.686241E+00,-1.404963E+00, 3.793712E+01, 3.770470E+01, 2.693193E+00, 1.782576E+01, 1.115295E+01,-3.052847E+00, 6.366905E+01, 3.187157E+01, 2.340614E+01, 0.000000E+00,9, 7.154239E+00,0, 0.000000E+00,0, 0.000000E+00,7, 2.573192E+01, 5.217471E-01, 1.830291E+01,NULL,NULL,1,mc_qqps,53
-21041,2795,20228,52824,94C2, 9.125000E+01,27,9,36,27,9, 1.302307E+01, 4.138369E+00, 4.674791E-01, 4.864742E+01, 4.808989E+01, 1.781107E+00,-1.038538E+01, 5.365491E-01,-4.740894E+00, 7.849775E+01, 3.777549E+01, 2.883365E+01, 5.652416E-01,9, 1.357226E-01,0, 0.000000E+00,0, 0.000000E+00,6, 2.098006E+01, 4.514326E-01, 1.004689E+01,NULL,NULL,1,mc_qqps,53
-21041,2796,20228,52839,94C2, 9.125000E+01,16,13,29,16,13, 1.510114E+00,-6.674514E+00, 6.212005E+00, 6.974246E+01, 6.956586E+01, 4.347866E+00, 3.516007E-01, 3.064874E+00,-4.359286E+00, 9.164571E+01, 6.099232E+01, 1.974304E+01, 1.919628E+00,12, 1.909786E+00,3, 0.000000E+00,0, 0.000000E+00,9, 1.962619E+01, 3.925889E-01, 1.001767E+01,NULL,NULL,1,mc_qqps,53
-21041,2797,20228,52854,94C2, 9.125000E+01,20,10,30,20,10,-1.175628E+01,-1.343549E+00, 1.196362E+01, 4.329104E+01, 4.296658E+01, 2.148329E+00,-9.481106E+00,-4.738232E-01, 8.841795E+00, 7.005574E+01, 3.194863E+01, 6.281120E+00, 1.858492E+01,4, 0.000000E+00,4, 0.000000E+00,0, 0.000000E+00,4, 4.845134E+00, 3.797421E-01, 2.545308E+00,NULL,NULL,1,mc_qqps,53
-21041,2798,20228,52912,94C2, 9.125000E+01,30,19,49,30,19,-1.170720E+00, 5.841594E+00, 3.508816E+00, 5.146565E+01, 5.081123E+01, 1.693708E+00,-5.940657E-01,-4.307323E+00, 7.863718E-01, 9.640842E+01, 4.329015E+01, 4.013347E+01, 3.486274E+00,16, 3.214165E-01,1, 5.190666E-01,0, 0.000000E+00,14, 3.817541E+01, 5.221905E-01, 1.145712E+01,NULL,NULL,1,mc_qqps,53
-21041,2799,20228,52931,94C2, 9.125000E+01,28,6,34,28,6, 3.194494E+00,-2.896895E+00, 5.183367E+00, 6.698795E+01, 6.645251E+01, 2.373304E+00, 1.652593E+00,-1.347114E+00, 2.983472E+00, 7.633829E+01, 6.358925E+01, 5.227465E+00, 1.868831E+00,7, 2.778025E-01,1, 0.000000E+00,0, 0.000000E+00,4, 7.481508E+00, 9.491081E-01, 3.131376E+00,NULL,NULL,1,mc_qqps,53
-21041,2800,20228,52947,94C2, 9.125000E+01,28,18,46,28,18,-1.841663E+00,-1.158430E-01, 3.119451E-02, 6.198630E+01, 6.143800E+01, 2.194214E+00,-3.709716E+00,-1.506111E+00, 1.279396E+00, 8.209156E+01, 5.428254E+01, 1.649424E+01, 1.720118E+00,18, 6.759770E+00,0, 0.000000E+00,0, 0.000000E+00,12, 1.184583E+01, 4.151469E-01, 2.339216E+00,NULL,NULL,1,mc_qqps,53
-21041,2801,20228,53000,94C2, 9.125000E+01,21,8,29,21,8,-9.178371E+00, 1.431904E+01, 8.351145E+00, 6.607808E+01, 6.561463E+01, 3.124506E+00,-5.961708E+00, 8.900075E+00, 5.623841E+00, 8.107278E+01, 6.165628E+01, 5.324125E+00, 9.670569E+00,9, 1.605895E+01,0, 0.000000E+00,0, 0.000000E+00,4, 3.625557E+00, 3.535367E-01, 1.666181E+00,NULL,NULL,1,mc_qqps,53
-21041,2802,20228,53013,94C2, 9.125000E+01,23,17,40,23,17, 3.371787E+00,-2.714272E-01,-1.784779E+01, 2.267832E+01, 2.214798E+01, 9.629558E-01, 3.974095E+00,-3.287465E-01,-2.588419E+01, 3.596780E+01, 1.545882E+01, 1.289394E+01, 3.955431E-01,0, 0.000000E+00,10, 7.113897E-01,0, 0.000000E+00,NULL,NULL,NULL,NULL,3, 0.000000E+00,1,mc_qqps,53
-21041,2803,20228,53024,94C2, 9.125000E+01,22,10,32,22,10, 1.442313E+01,-1.129150E+01,-8.380850E+00, 7.282822E+01, 7.231920E+01, 3.287236E+00, 8.823693E+00,-7.418739E+00,-6.312107E+00, 9.446176E+01, 5.853638E+01, 1.306933E+01, 3.511971E+00,10, 1.737992E+01,1, 0.000000E+00,0, 0.000000E+00,7, 1.752749E+01, 6.339175E-01, 5.923947E+00,NULL,NULL,1,mc_qqps,53
-21041,2804,20228,53037,94C2, 9.125000E+01,29,10,39,29,10, 4.663157E-02,-1.731258E+00,-3.433758E+00, 8.026283E+01, 7.980888E+01, 2.752030E+00,-6.217018E+00,-7.305086E-01,-5.179589E+00, 9.952115E+01, 6.287319E+01, 1.344518E+01, 3.805114E+00,13, 1.187086E+00,0, 0.000000E+00,0, 0.000000E+00,8, 1.478594E+01, 7.265137E-01, 6.138916E+00,NULL,NULL,1,mc_qqps,53
-21041,2805,20228,53052,94C2, 9.125000E+01,15,8,23,15,8,-4.662583E+00, 5.599990E+00,-1.427708E+00, 6.804878E+01, 6.777516E+01, 4.518344E+00,-6.260155E+00, 5.373454E+00,-1.728633E+00, 7.975041E+01, 6.782047E+01, 1.054588E+01, 0.000000E+00,12, 2.959093E+01,0, 0.000000E+00,0, 0.000000E+00,7, 1.048916E+01, 5.684841E-01, 4.726619E+00,NULL,NULL,1,mc_qqps,53
-21041,2806,20228,53104,94C2, 9.125000E+01,30,13,43,30,13,-7.591939E+01, 2.243478E+01, 7.282499E+01, 1.796678E+02, 1.791449E+02, 5.971496E+00,-7.336244E+01, 2.054208E+01, 7.129586E+01, 1.937969E+02, 7.567143E+01, 7.425386E+00, 5.795426E-01,12, 2.613381E+00,0, 0.000000E+00,0, 0.000000E+00,8, 1.291513E+01, 4.339398E-01, 2.594015E+00,1, 0.000000E+00,1,mc_qqps,53
-21041,2807,20228,53120,94C2, 9.125000E+01,17,17,34,17,17,-4.033505E+00, 6.051787E+00,-5.478596E+00, 4.938216E+01, 4.917190E+01, 2.892465E+00, 3.885645E+00,-4.626167E+00, 2.260528E+00, 8.895317E+01, 4.785408E+01, 3.432219E+01, 4.637141E+00,16, 1.383132E+01,0, 0.000000E+00,0, 0.000000E+00,12, 3.404477E+01, 6.093178E-01, 9.716672E+00,NULL,NULL,1,mc_qqps,53
-21041,2808,20228,53133,94C2, 9.125000E+01,34,8,42,34,8,-9.501780E+00, 3.850916E+00,-8.147052E-01, 7.278988E+01, 7.203667E+01, 2.118726E+00,-4.878616E+00, 3.318816E+00,-1.689542E+00, 1.154895E+02, 6.545620E+01, 2.353661E+00, 3.980676E+01,10, 1.642154E+00,0, 0.000000E+00,0, 0.000000E+00,3, 2.116814E+00, 5.660827E-01, 9.751408E-01,NULL,NULL,1,mc_qqps,53
-21041,2809,20228,53147,94C2, 9.125000E+01,24,10,34,24,10,-1.104019E+01,-1.359343E+01,-1.201011E+01, 4.888001E+01, 4.848483E+01, 2.020201E+00, 3.706594E+00, 3.298378E+00, 4.529624E+00, 9.029453E+01, 4.030659E+01, 8.174282E+00, 2.954178E+01,8, 9.817979E-01,2, 0.000000E+00,0, 0.000000E+00,4, 9.918667E+00, 6.458062E-01, 5.309984E+00,NULL,NULL,1,mc_qqps,53
-21041,2810,20228,53200,94C2, 9.125000E+01,30,17,47,30,17,-7.530116E+00, 6.515584E-01,-1.195543E+01, 7.054349E+01, 7.006839E+01, 2.335613E+00,-3.793371E+00,-4.104680E+00,-3.519557E+00, 8.730907E+01, 6.248220E+01, 1.324852E+01, 1.509396E+00,3, 0.000000E+00,15, 4.396682E+00,0, 0.000000E+00,2, 3.675077E+00, 1.667415E+00, 2.007662E+00,1, 0.000000E+00,1,mc_qqps,53
-21041,2811,20228,53219,94C2, 9.125000E+01,29,13,42,29,13, 2.739371E+01, 1.290534E+01, 4.326941E+00, 5.563884E+01, 5.490115E+01, 1.893143E+00, 1.370501E+01, 5.592358E+00, 5.821909E+00, 1.064097E+02, 4.943250E+01, 3.889767E+01, 0.000000E+00,16, 3.992962E+00,0, 0.000000E+00,0, 0.000000E+00,12, 4.959413E+01, 5.829864E-01, 1.801014E+01,NULL,NULL,1,mc_qqps,53
-21041,2812,20228,53236,94C2, 9.125000E+01,38,17,55,38,17, 8.367845E+00,-8.179869E+00, 2.187450E+00, 5.607980E+01, 5.509234E+01, 1.449798E+00, 1.959065E+00,-2.919466E+00, 2.807150E+00, 8.979061E+01, 4.241724E+01, 3.128296E+01, 2.427849E+00,15, 1.643960E+00,0, 0.000000E+00,0, 0.000000E+00,13, 3.021978E+01, 4.401923E-01, 9.636827E+00,NULL,NULL,1,mc_qqps,53
-21041,2813,20228,53253,94C2, 9.125000E+01,25,18,43,25,18, 4.615809E-01,-6.153525E+00,-3.357589E+00, 7.614712E+01, 7.560701E+01, 3.024280E+00,-1.075774E+00,-9.147590E+00, 2.089568E-01, 1.144243E+02, 5.996627E+01, 3.527826E+01, 2.998947E+00,21, 1.192423E+01,0, 0.000000E+00,0, 0.000000E+00,15, 3.477623E+01, 5.121635E-01, 9.008869E+00,NULL,NULL,1,mc_qqps,53
-21041,2814,20228,53305,94C2, 9.125000E+01,16,13,29,16,13, 9.270147E-01, 5.697005E-01, 1.987240E+00, 1.194468E+01, 1.150498E+01, 7.190610E-01, 9.106268E-02, 8.750018E-02, 4.554694E+00, 3.663598E+01, 4.688975E+00, 2.469131E+01, 0.000000E+00,0, 0.000000E+00,6, 4.318468E-01,0, 0.000000E+00,NULL,NULL,NULL,NULL,7, 0.000000E+00,0,mc_qqps,53
-21041,2815,20228,53323,94C2, 9.125000E+01,44,18,62,44,18, 7.314323E+00, 1.704373E+00, 1.812331E+00, 6.621485E+01, 6.514106E+01, 1.480479E+00, 5.977847E+00, 1.094938E+00, 1.538505E+00, 8.786634E+01, 5.002464E+01, 1.637622E+01, 1.484381E+00,21, 2.269024E+00,0, 0.000000E+00,0, 0.000000E+00,13, 1.989472E+01, 3.722674E-01, 3.429320E+00,NULL,NULL,1,mc_qqps,53
-21041,2816,20228,53342,94C2, 9.125000E+01,48,18,66,48,18, 2.261510E+00, 4.484186E+00, 3.680407E+00, 6.617823E+01, 6.493184E+01, 1.352747E+00, 7.679316E-01, 2.086987E+00, 2.763598E+00, 8.298772E+01, 5.816683E+01, 9.657697E+00, 5.071862E+00,21, 1.766558E+00,0, 0.000000E+00,0, 0.000000E+00,11, 1.151705E+01, 3.676830E-01, 2.383734E+00,NULL,NULL,1,mc_qqps,53
-21041,2817,20228,53400,94C2, 9.125000E+01,12,5,17,12,5, 1.033619E+01,-1.171319E+00,-4.632858E+01, 5.649528E+01, 5.635474E+01, 4.696229E+00, 9.800273E+00,-9.403405E-01,-4.457801E+01, 6.809457E+01, 5.255818E+00, 5.352959E+00, 6.246329E+00,0, 0.000000E+00,7, 5.407880E+00,0, 0.000000E+00,NULL,NULL,NULL,NULL,1, 0.000000E+00,0,mc_qqps,53
-21041,2818,20228,53413,94C2, 9.125000E+01,40,20,60,40,20,-1.127926E+02,-3.289100E+01, 3.447058E+01, 1.769448E+02, 1.762442E+02, 4.406105E+00,-9.387163E+01,-3.156423E+01, 2.797570E+01, 2.077380E+02, 4.768526E+01, 2.868531E+01, 1.731532E+00,24, 4.011087E+00,0, 0.000000E+00,0, 0.000000E+00,13, 2.283617E+01, 3.772894E-01, 9.911043E+00,NULL,NULL,1,mc_qqps,53
-21041,2819,20228,53428,94C2, 9.125000E+01,32,17,49,32,17, 4.916145E+00, 6.432966E+00, 5.176691E+00, 5.281806E+01, 5.225585E+01, 1.632995E+00, 2.622217E+00, 5.676466E+00, 1.837278E+00, 7.036444E+01, 5.045960E+01, 1.037699E+01, 7.228383E+00,1, 0.000000E+00,16, 1.734739E+00,0, 0.000000E+00,1, 7.570759E-01, 7.570759E-01, 7.570759E-01,NULL,NULL,1,mc_qqps,53
-21041,2820,20228,53446,94C2, 9.125000E+01,27,9,36,27,9, 2.726417E+01,-4.332792E+00,-7.564154E+00, 8.858620E+01, 8.822936E+01, 3.267754E+00, 3.216755E+01,-3.810467E+00,-6.354099E+00, 1.048945E+02, 5.266859E+01, 8.096275E+00, 8.215114E+00,13, 9.677048E+00,0, 0.000000E+00,0, 0.000000E+00,5, 7.971176E+00, 7.253286E-01, 2.621262E+00,NULL,NULL,1,mc_qqps,53
-21041,2821,20228,53459,94C2, 9.125000E+01,26,16,42,26,16, 5.303936E+00, 1.606972E+00,-8.400357E+00, 4.174533E+01, 4.130096E+01, 1.588498E+00, 1.231861E+00,-8.056876E-01,-6.850905E-01, 7.110548E+01, 3.508773E+01, 2.158130E+01, 6.669530E+00,1, 0.000000E+00,14, 2.863885E+00,0, 0.000000E+00,1, 1.109316E+00, 1.109316E+00, 1.109316E+00,NULL,NULL,1,mc_qqps,53
-21041,2822,20228,53515,94C2, 9.125000E+01,14,11,25,14,11,-4.929020E+00, 3.365165E-01,-1.023578E+01, 1.984798E+01, 1.957496E+01, 1.398212E+00,-4.812323E+00, 1.379782E-01,-1.861452E+01, 3.520485E+01, 7.537454E+00, 1.194889E+01, 3.407975E+00,1, 0.000000E+00,7, 7.405398E-01,0, 0.000000E+00,1, 2.964555E-01, 2.964555E-01, 2.964555E-01,5, 0.000000E+00,0,mc_qqps,53
-21041,2823,20228,53535,94C2, 9.125000E+01,13,10,23,13,10,-8.716351E-01,-1.116192E+00,-1.609119E+00, 5.032666E+01, 5.002184E+01, 3.847834E+00,-5.447796E+00, 1.117350E+01, 1.852721E+00, 7.066911E+01, 4.876892E+01, 1.225147E+01, 5.987463E+00,10, 9.821911E+00,0, 0.000000E+00,0, 0.000000E+00,7, 1.370097E+01, 6.397768E-01, 4.885214E+00,NULL,NULL,1,mc_qqps,53
-21041,2824,20228,53547,94C2, 9.125000E+01,20,10,30,20,10, 1.656278E+00,-1.329965E+00, 2.723793E-01, 5.856994E+01, 5.832281E+01, 2.916141E+00,-5.628306E+00, 4.940674E+00,-3.643972E+00, 8.967716E+01, 5.667957E+01, 2.569460E+01, 2.082275E+00,14, 3.750036E+00,0, 0.000000E+00,0, 0.000000E+00,8, 1.866785E+01, 5.240493E-01, 7.460018E+00,NULL,NULL,1,mc_qqps,53
-21041,2825,20228,53600,94C2, 9.125000E+01,34,11,45,34,11, 2.171272E+00, 7.885441E+00, 1.686227E+01, 7.281545E+01, 7.204826E+01, 2.119066E+00,-2.791848E-01, 3.799089E+00, 7.977211E+00, 9.066089E+01, 5.153434E+01, 1.491008E+01, 2.506788E+00,3, 0.000000E+00,13, 3.898398E+00,0, 0.000000E+00,1, 4.285608E-01, 4.285608E-01, 4.285608E-01,NULL,NULL,1,mc_qqps,53
-21041,2826,20228,53618,94C2, 9.125000E+01,15,11,26,15,11,-6.340742E+00,-9.121562E+00, 1.142037E+01, 4.995179E+01, 4.983742E+01, 3.322495E+00, 1.160474E+00, 7.620922E-02,-2.445765E+00, 6.941724E+01, 4.994877E+01, 1.763320E+01, 9.306006E-01,8, 1.614347E+00,4, 0.000000E+00,0, 0.000000E+00,5, 1.553106E+01, 4.403581E-01, 1.158875E+01,NULL,NULL,1,mc_qqps,53
-21041,2827,20228,53635,94C2, 9.125000E+01,11,25,36,11,25,-2.264489E+00, 2.174218E+00,-5.298008E+00, 2.322870E+01, 2.303606E+01, 2.094188E+00, 3.444278E-01, 1.545661E+00,-1.368919E+00, 8.967108E+01, 9.931847E-01, 6.644238E+01, 0.000000E+00,1, 0.000000E+00,14, 1.323971E+00,0, 0.000000E+00,1, 3.716455E-01, 3.716455E-01, 3.716455E-01,7, 0.000000E+00,0,mc_qqps,53
-21041,2828,20228,53710,94C2, 9.125000E+01,33,20,53,33,20,-2.152313E+00, 6.877233E+00, 9.080449E+00, 6.467291E+01, 6.396031E+01, 1.938191E+00,-6.203999E+00, 2.890846E+00, 1.726490E+01, 8.621676E+01, 4.354725E+01, 2.064855E+01, 8.953074E-01,2, 0.000000E+00,20, 5.683825E+00,0, 0.000000E+00,2, 4.083625E+00, 1.354305E+00, 2.729321E+00,2, 0.000000E+00,1,mc_qqps,53
-21041,2829,20228,53727,94C2, 9.125000E+01,21,14,35,21,14,-4.680966E+00, 9.519482E+00, 6.589758E+00, 6.934867E+01, 6.899436E+01, 3.285446E+00,-1.357486E+00, 1.970473E+00, 9.828289E-01, 9.878320E+01, 6.866097E+01, 1.722903E+01, 8.155418E+00,15, 1.403679E+01,0, 0.000000E+00,0, 0.000000E+00,10, 2.142316E+01, 3.500786E-01, 9.053365E+00,NULL,NULL,1,mc_qqps,53
-21041,2830,20228,53740,94C2, 9.125000E+01,15,10,25,15,10,-1.566080E+00,-1.004449E+00, 5.326903E+00, 2.383913E+01, 2.341510E+01, 1.561007E+00,-7.192604E-01,-1.758924E+00, 5.237792E+00, 3.980169E+01, 1.116198E+01, 1.523596E+01, 7.265972E-01,1, 0.000000E+00,7, 1.419880E+01,0, 0.000000E+00,NULL,NULL,NULL,NULL,4, 0.000000E+00,0,mc_qqps,53
-21041,2831,20228,53807,94C2, 9.125000E+01,42,17,59,42,17, 9.877433E+00,-4.709659E+00, 2.142132E+00, 6.944083E+01, 6.819283E+01, 1.623639E+00, 1.557271E+01,-5.588149E+00, 3.989234E+00, 9.784573E+01, 6.003051E+01, 1.603984E+01, 7.615625E+00,20, 4.508578E+00,0, 0.000000E+00,0, 0.000000E+00,13, 1.990464E+01, 5.375070E-01, 4.768025E+00,NULL,NULL,1,mc_qqps,53
-21041,2832,20228,53828,94C2, 9.125000E+01,31,21,52,31,21,-8.334570E-01, 6.220654E+00,-3.885521E+00, 6.553365E+01, 6.510564E+01, 2.100182E+00, 5.758857E+00,-5.452058E+00, 2.763213E+00, 1.031675E+02, 6.184501E+01, 1.760490E+01, 1.421004E+01,18, 1.231599E+00,0, 0.000000E+00,0, 0.000000E+00,14, 2.257806E+01, 4.759936E-01, 3.834664E+00,NULL,NULL,1,mc_qqps,53
-21041,2833,20228,53844,94C2, 9.125000E+01,30,15,45,30,15, 2.208788E+00,-4.491678E+00,-7.125393E-01, 6.019235E+01, 5.973510E+01, 1.991170E+00,-6.326458E+00, 7.386628E-01, 4.446742E+00, 8.566177E+01, 5.785672E+01, 1.188857E+01, 1.358086E+01,18, 1.075597E+01,1, 0.000000E+00,0, 0.000000E+00,11, 1.132962E+01, 5.574679E-01, 2.173180E+00,NULL,NULL,1,mc_qqps,53
-21041,2834,20228,53859,94C2, 9.125000E+01,25,12,37,25,12, 1.851156E+00, 6.435033E-01,-2.030246E+01, 7.631445E+01, 7.607788E+01, 3.043115E+00, 1.659635E+00, 1.284738E-02,-2.065012E+01, 9.273386E+01, 3.104606E+01, 1.520544E+01, 1.213970E+00,0, 0.000000E+00,17, 1.028188E+01,0, 0.000000E+00,NULL,NULL,NULL,NULL,3, 0.000000E+00,1,mc_qqps,53
-21041,2835,20228,53919,94C2, 9.125000E+01,41,21,62,41,21,-2.113218E+01,-4.294489E+00,-1.241991E+01, 8.293553E+01, 8.175925E+01, 1.994128E+00,-2.346590E+01,-4.271311E+00,-1.725457E+01, 1.045754E+02, 2.729868E+01, 1.749663E+01, 2.068945E+00,3, 0.000000E+00,16, 4.106144E+00,0, 0.000000E+00,3, 2.074317E+00, 5.676240E-01, 9.278340E-01,1, 0.000000E+00,1,mc_qqps,53
-21041,2836,20228,53935,94C2, 9.125000E+01,21,16,37,21,16,-2.291474E+00,-1.136782E+00,-6.093697E-01, 5.697290E+01, 5.667321E+01, 2.698724E+00,-2.777620E+01, 4.669631E+00,-1.189313E+01, 1.098703E+02, 5.514587E+01, 5.153472E+01, 1.362709E+00,13, 3.643124E+00,0, 0.000000E+00,0, 0.000000E+00,9, 1.831384E+01, 4.838955E-01, 4.573952E+00,NULL,NULL,1,mc_qqps,53
-21041,2837,20228,53948,94C2, 9.125000E+01,29,18,46,28,18, 7.599322E+00,-1.914801E+00,-7.456056E+00, 5.037320E+01, 4.991492E+01, 1.782676E+00, 3.024644E+00,-1.824488E+00,-4.655667E+00, 7.344317E+01, 3.969673E+01, 2.037582E+01, 2.752725E+00,7, 6.892713E-01,13, 1.245104E+00,0, 0.000000E+00,6, 1.026782E+01, 7.786232E-01, 3.558352E+00,1, 0.000000E+00,1,mc_qqps,53
-21041,2838,20228,54004,94C2, 9.125000E+01,13,4,17,13,4,-1.738097E+00,-1.417365E+00, 1.320056E+00, 2.617068E+01, 2.581933E+01, 1.986102E+00, 4.347649E+00, 4.038657E+00,-3.694854E+00, 3.591320E+01, 2.495125E+01, 8.788084E+00, 9.557607E-01,6, 3.179985E+01,0, 0.000000E+00,0, 0.000000E+00,2, 7.963546E+00, 1.117091E+00, 6.846455E+00,NULL,NULL,1,mc_qqps,53
-21041,2839,20228,54016,94C2, 9.125000E+01,15,11,26,15,11, 1.126362E+00,-1.146769E+01,-8.052501E+00, 6.292101E+01, 6.270409E+01, 4.180273E+00,-5.697691E-01,-5.992435E+00,-7.003441E+00, 8.584005E+01, 6.196330E+01, 1.099195E+01, 9.445489E+00,14, 1.097772E+01,0, 0.000000E+00,0, 0.000000E+00,9, 1.325804E+01, 5.934964E-01, 4.644364E+00,NULL,NULL,1,mc_qqps,53
-21041,2840,20228,54029,94C2, 9.125000E+01,50,15,65,50,15,-1.168175E+01,-4.817116E+00, 3.353269E+02, 4.516915E+02, 4.505508E+02, 9.011015E+00,-1.387584E+01,-4.530095E+00, 3.371066E+02, 4.631311E+02, 3.352412E+01, 9.226051E+00, 2.213526E+00,3, 0.000000E+00,16, 6.062932E+00,0, 0.000000E+00,2, 1.253821E+00, 6.172985E-01, 6.365222E-01,2, 0.000000E+00,1,mc_qqps,53
-21041,2841,20228,54049,94C2, 9.125000E+01,13,10,23,13,10,-1.600160E-01, 2.293271E+01, 2.188231E+01, 3.483849E+01, 3.461245E+01, 2.662496E+00,-3.980288E-01, 3.400504E+00, 6.530457E+00, 9.610946E+01, 3.215624E+01, 5.880421E+01, 2.944491E-01,10, 3.925835E-01,0, 0.000000E+00,0, 0.000000E+00,8, 6.057884E+01, 6.778527E-01, 2.849361E+01,NULL,NULL,1,mc_qqps,53
-21041,2842,20228,54059,94C2, 9.125000E+01,38,19,57,38,19, 9.108168E-01,-2.024924E-02,-2.065601E+00, 6.155474E+01, 6.024265E+01, 1.585333E+00,-5.802576E+00, 2.327792E+00, 3.784677E+00, 1.117263E+02, 4.334230E+01, 3.825269E+01, 4.766834E+00,18, 3.248643E-01,0, 0.000000E+00,0, 0.000000E+00,15, 4.113143E+01, 6.938164E-01, 1.399297E+01,NULL,NULL,1,mc_qqps,53
-21041,2843,20228,54114,94C2, 9.125000E+01,21,11,32,21,11, 3.317682E+00, 1.282645E+00,-3.884562E+00, 4.691768E+01, 4.662692E+01, 2.220330E+00,-3.311127E-01, 5.319799E-01, 6.635933E+00, 5.814755E+01, 2.546931E+01, 1.122988E+01, 0.000000E+00,0, 0.000000E+00,16, 8.588735E+00,0, 0.000000E+00,NULL,NULL,NULL,NULL,1, 0.000000E+00,1,mc_qqps,53
-21041,2844,20228,54127,94C2, 9.125000E+01,18,7,25,18,7,-1.134072E+01, 8.695279E+00, 2.561141E-01, 7.128954E+01, 7.105721E+01, 3.947623E+00,-7.283796E+00, 5.331144E+00, 6.712168E-01, 8.097907E+01, 7.122478E+01, 4.916222E+00, 2.928137E+00,11, 9.758533E+00,0, 0.000000E+00,0, 0.000000E+00,5, 6.761397E+00, 5.823818E-01, 3.075253E+00,NULL,NULL,1,mc_qqps,53
-21041,2845,20228,54140,94C2, 9.125000E+01,20,18,38,20,18,-4.787685E+00,-1.964763E+01, 1.041457E+01, 4.721027E+01, 4.699593E+01, 2.349797E+00,-7.942509E+00,-2.160194E+01, 6.626761E+00, 1.155609E+02, 4.091569E+01, 2.804922E+01, 3.415919E+01,15, 1.239193E+01,0, 0.000000E+00,0, 0.000000E+00,11, 3.249575E+01, 4.479767E-01, 9.108357E+00,NULL,NULL,1,mc_qqps,53
-21041,2846,20228,54153,94C2, 9.125000E+01,34,23,57,34,23, 2.861162E+00, 1.674966E+00,-3.814101E+01, 6.959792E+01, 6.879657E+01, 2.023428E+00, 5.834284E+00, 8.456111E-02,-4.087781E+01, 9.533539E+01, 4.876001E+00, 2.517811E+01, 5.593492E-01,5, 0.000000E+00,16, 1.079005E+01,0, 0.000000E+00,3, 3.264223E+00, 6.668109E-01, 1.626392E+00,6, 0.000000E+00,0,mc_qqps,53
-21041,2847,20228,54213,94C2, 9.125000E+01,22,9,31,22,9, 9.620360E+00,-1.723332E+00,-1.101519E+01, 7.424437E+01, 7.383436E+01, 3.356107E+00, 1.168603E+01,-1.291628E+00,-1.280556E+01, 8.913649E+01, 7.156644E+01, 8.372902E+00, 1.102997E+00,10, 8.811266E-01,0, 0.000000E+00,0, 0.000000E+00,8, 1.378912E+01, 4.307794E-01, 4.042760E+00,NULL,NULL,1,mc_qqps,53
-21041,2848,20228,54227,94C2, 9.125000E+01,13,18,31,13,18,-1.365244E+01, 1.400620E+00,-9.390552E+01, 9.837872E+01, 9.817822E+01, 7.552170E+00,-1.330703E+01, 1.433192E+00,-9.501768E+01, 1.314922E+02, 5.743413E-01, 2.919660E+01, 3.450448E+00,1, 0.000000E+00,9, 2.549228E-01,0, 0.000000E+00,1, 4.663968E-01, 4.663968E-01, 4.663968E-01,7, 0.000000E+00,0,mc_qqps,53
-21041,2849,20228,54255,94C2, 9.125000E+01,24,19,43,24,19,-1.863200E+01, 1.970419E+00, 3.852078E+00, 5.045925E+01, 5.020868E+01, 2.092028E+00,-1.349607E+01, 1.009398E+00, 1.455623E+00, 9.043442E+01, 4.656051E+01, 2.557810E+01, 1.305721E+01,21, 3.543569E+00,0, 0.000000E+00,0, 0.000000E+00,14, 2.496281E+01, 3.414771E-01, 1.087811E+01,NULL,NULL,1,mc_qqps,53
-21041,2850,20228,54311,94C2, 9.125000E+01,26,15,41,26,15, 6.222257E+01,-3.500570E+01,-3.039651E+01, 1.449630E+02, 1.447046E+02, 5.565560E+00, 6.326215E+01,-3.480002E+01,-3.202023E+01, 1.550814E+02, 1.420497E+02, 9.311303E+00, 8.071341E-01,4, 3.756430E-01,13, 2.749547E+00,0, 0.000000E+00,2, 1.253448E+00, 5.873207E-01, 6.661269E-01,NULL,NULL,1,mc_qqps,53
-21041,2851,20228,54329,94C2, 9.125000E+01,28,13,41,28,13, 4.720248E+00,-2.946062E+00,-8.501535E+00, 5.672728E+01, 5.621178E+01, 2.007564E+00,-3.488497E+00, 4.560471E-02, 3.264665E+00, 9.325136E+01, 5.263256E+01, 1.879172E+01, 1.774015E+01,4, 0.000000E+00,13, 0.000000E+00,0, 0.000000E+00,2, 4.661071E+00, 1.484462E+00, 3.176609E+00,NULL,NULL,1,mc_qqps,53
-21041,2852,20228,54346,94C2, 9.125000E+01,31,13,44,31,13,-1.351368E-02,-7.252678E-02,-2.017696E-01, 6.732730E+01, 6.667366E+01, 2.150763E+00, 7.185481E+00, 3.641010E-01, 9.225639E+00, 8.351134E+01, 6.403383E+01, 1.182424E+01, 4.394878E+00,2, 0.000000E+00,10, 9.465766E-01,0, 0.000000E+00,2, 1.889196E+00, 4.376681E-01, 1.451528E+00,NULL,NULL,1,mc_qqps,53
-21041,2853,20228,54409,94C2, 9.125000E+01,37,9,46,37,9, 2.041871E+00,-1.654130E+00,-3.909710E+00, 3.863520E+01, 3.736860E+01, 1.009962E+00, 1.461765E+00,-2.153777E+00,-3.955441E+00, 4.797790E+01, 3.094243E+01, 8.984486E+00, 3.582236E-01,12, 5.413713E+00,0, 0.000000E+00,0, 0.000000E+00,8, 8.984486E+00, 4.491362E-01, 2.512895E+00,NULL,NULL,1,mc_qqps,53
-21041,2854,20228,54420,94C2, 9.125000E+01,12,11,23,12,11, 3.204506E-01, 3.228444E+00, 1.163300E+01, 2.726369E+01, 2.710313E+01, 2.258594E+00,-2.152081E+00,-2.429698E+00,-7.028282E+00, 8.391242E+01, 4.118934E+00, 3.656096E+01, 2.008778E+01,0, 0.000000E+00,10, 1.213422E+00,0, 0.000000E+00,NULL,NULL,NULL,NULL,NULL,NULL,0,mc_qqps,53
-21041,2855,20228,54430,94C2, 9.125000E+01,19,10,29,19,10,-1.440015E+00,-1.362762E+00,-1.549421E+00, 3.838372E+01, 3.798564E+01, 1.999244E+00, 1.402366E+01, 8.463901E+00, 1.631585E-02, 7.748808E+01, 2.951290E+01, 3.824106E+01, 1.012664E+00,10, 6.267207E+00,0, 0.000000E+00,0, 0.000000E+00,7, 3.195793E+01, 1.096985E+00, 2.252739E+01,NULL,NULL,1,mc_qqps,53
-21041,2856,20228,54442,94C2, 9.125000E+01,44,20,64,44,20,-1.242447E+00, 1.913683E-01, 5.001973E-01, 7.115482E+01, 7.030059E+01, 1.597741E+00,-1.581441E+00,-1.516235E-01, 2.244759E+00, 9.588515E+01, 5.484641E+01, 1.861373E+01, 6.116624E+00,4, 0.000000E+00,16, 1.356035E+01,0, 0.000000E+00,3, 3.045900E+00, 6.838709E-01, 1.384484E+00,1, 0.000000E+00,1,mc_qqps,53
-21041,2857,20228,54500,94C2, 9.125000E+01,32,14,46,32,14,-1.584262E+01, 1.608253E+00,-6.209599E+00, 5.153282E+01, 5.078086E+01, 1.586902E+00,-7.352896E+00,-9.824176E-01,-2.536461E+00, 7.466505E+01, 4.739096E+01, 1.600134E+01, 6.654192E+00,16, 1.055827E+00,0, 0.000000E+00,0, 0.000000E+00,9, 1.379337E+01, 4.160621E-01, 4.418475E+00,NULL,NULL,1,mc_qqps,53
-21041,2858,20228,54517,94C2, 9.125000E+01,32,17,49,32,17, 3.476317E+00, 3.602776E+00, 1.625417E+01, 4.901060E+01, 4.837225E+01, 1.511633E+00, 3.766578E+00, 2.176523E+00, 1.347998E+01, 6.722438E+01, 3.302659E+01, 1.733110E+01, 2.749422E-01,1, 0.000000E+00,23, 1.151931E+01,0, 0.000000E+00,1, 6.077437E-01, 6.077437E-01, 6.077437E-01,NULL,NULL,1,mc_qqps,53
-21041,2859,20228,54534,94C2, 9.125000E+01,22,9,31,22,9, 3.336649E+01,-4.478924E+01,-1.384266E+02, 2.464071E+02, 2.460168E+02, 1.118258E+01, 3.493729E+01,-5.052440E+01,-1.476683E+02, 2.648324E+02, 5.237863E+01, 1.829021E+01, 1.351351E-01,1, 0.000000E+00,12, 1.797119E+00,0, 0.000000E+00,NULL,NULL,NULL,NULL,NULL,NULL,1,mc_qqps,53
-21041,2860,20228,54545,94C2, 9.125000E+01,31,13,44,31,13,-3.853764E+00, 7.389447E+00,-2.462421E+01, 4.733583E+01, 4.669115E+01, 1.506166E+00,-3.507320E-01, 6.822989E+00,-2.902624E+01, 6.865203E+01, 4.246622E+01, 1.609059E+01, 5.253093E+00,7, 1.403092E+00,3, 0.000000E+00,0, 0.000000E+00,3, 6.351882E+00, 6.557636E-01, 4.681370E+00,2, 0.000000E+00,1,mc_qqps,53
-21041,2861,20228,54559,94C2, 9.125000E+01,53,19,72,53,19, 3.833177E+00,-7.520033E+00,-2.397314E+01, 9.261117E+01, 9.155116E+01, 1.727380E+00, 4.239807E+00,-9.747109E+00,-2.772165E+01, 1.160163E+02, 6.958639E+01, 1.337201E+01, 1.097517E+01,4, 0.000000E+00,15, 9.051319E+00,0, 0.000000E+00,4, 2.327985E+00, 4.958155E-01, 7.511014E-01,NULL,NULL,1,mc_qqps,53
-21041,2862,20228,54620,94C2, 9.125000E+01,20,17,37,20,17,-1.360737E+01,-1.372332E+01, 3.282446E-02, 5.042147E+01, 5.002724E+01, 2.501362E+00,-6.944936E+00,-5.487707E+00,-9.814470E-01, 9.495403E+01, 4.348380E+01, 3.947209E+01, 3.281800E+00,16, 2.969224E+00,0, 0.000000E+00,0, 0.000000E+00,15, 3.865097E+01, 6.411475E-01, 1.259398E+01,NULL,NULL,1,mc_qqps,53
-21041,2863,20228,54652,94C2, 9.125000E+01,11,11,22,11,11,-2.651533E+00, 9.005343E-01,-1.430758E+01, 2.046478E+01, 2.017010E+01, 1.833645E+00,-4.610804E+00,-1.458023E+00,-3.177598E+01, 5.066913E+01, 3.411170E+00, 1.331860E+01, 1.610835E+01,1, 0.000000E+00,4, 0.000000E+00,0, 0.000000E+00,1, 7.773950E-01, 7.773950E-01, 7.773950E-01,4, 0.000000E+00,0,mc_qqps,53
-21041,2864,20228,54717,94C2, 9.125000E+01,27,12,39,27,12, 6.259905E+00, 6.110719E+00,-1.542569E+01, 5.331205E+01, 5.282650E+01, 1.956537E+00, 6.067916E+00, 4.891947E+00,-1.242942E+01, 7.202354E+01, 5.298027E+01, 1.083954E+01, 7.871937E+00,2, 0.000000E+00,9, 0.000000E+00,0, 0.000000E+00,NULL,NULL,NULL,NULL,NULL,NULL,1,mc_qqps,53
-21041,2865,20228,54736,94C2, 9.125000E+01,35,17,52,35,17,-1.374514E+00,-6.173490E+00, 4.206102E+00, 5.905841E+01, 5.824774E+01, 1.664221E+00,-6.107476E-01, 5.141506E+00,-5.891236E+00, 8.963240E+01, 5.157917E+01, 2.358927E+01, 5.400060E+00,22, 4.598690E+00,0, 0.000000E+00,0, 0.000000E+00,13, 2.181355E+01, 7.495081E-01, 2.385126E+00,NULL,NULL,1,mc_qqps,53
-21041,2866,20228,54750,94C2, 9.125000E+01,31,12,43,31,12,-1.798146E+00,-1.455198E-01,-1.086659E+00, 7.262482E+01, 7.205972E+01, 2.324507E+00,-6.681042E+00, 2.809332E+00,-7.247201E+00, 1.096306E+02, 6.942247E+01, 2.942053E+01, 5.452940E+00,15, 3.689398E+00,2, 5.133722E-01,0, 0.000000E+00,9, 2.628957E+01, 5.340823E-01, 5.793527E+00,NULL,NULL,1,mc_qqps,53
-21041,2867,20228,54803,94C2, 9.125000E+01,17,7,24,17,7,-4.142035E+00,-1.175910E+01,-9.980485E+00, 3.164921E+01, 3.136138E+01, 1.844787E+00,-2.069329E+00,-6.581561E+00,-5.628857E+00, 7.694257E+01, 3.011141E+01, 2.206773E+01, 1.273866E+01,7, 2.526752E+00,0, 0.000000E+00,0, 0.000000E+00,4, 3.255470E+01, 5.665206E-01, 1.748920E+01,NULL,NULL,1,mc_qqps,53
-21041,2868,20228,54815,94C2, 9.125000E+01,20,24,44,20,24,-1.942366E+00, 8.657418E-01, 1.507041E+01, 3.903146E+01, 3.876223E+01, 1.938112E+00, 1.849253E+00, 6.182377E+00, 3.448478E+01, 7.847908E+01, 1.961094E+01, 2.765094E+01, 1.188378E+01,2, 1.150044E-01,17, 7.754060E+00,0, 0.000000E+00,NULL,NULL,NULL,NULL,4, 0.000000E+00,1,mc_qqps,53
-21041,2869,20228,54829,94C2, 9.125000E+01,26,14,40,26,14, 1.518521E+01,-2.367154E+00, 3.861303E+00, 5.988685E+01, 5.926854E+01, 2.279559E+00,-4.943209E+00,-2.116526E+00,-9.648029E-01, 8.459019E+01, 5.774064E+01, 1.351235E+01, 5.830313E-01,16, 2.189328E+00,0, 0.000000E+00,0, 0.000000E+00,12, 2.398565E+01, 4.992228E-01, 8.245589E+00,NULL,NULL,1,mc_qqps,53
-21041,2870,20228,54847,94C2, 9.125000E+01,29,9,38,29,9,-9.235060E-01,-1.224899E+01, 2.562067E+01, 5.131989E+01, 5.053902E+01, 1.742725E+00,-7.221481E-01,-7.700418E+00, 1.463195E+01, 7.700422E+01, 4.447421E+01, 7.860960E+00, 1.741108E+01,1, 0.000000E+00,11, 5.302999E+00,0, 0.000000E+00,1, 4.122845E-01, 4.122845E-01, 4.122845E-01,NULL,NULL,1,mc_qqps,53
-21041,2871,20228,54859,94C2, 9.125000E+01,51,17,68,51,17,-7.163515E-01,-5.437709E+00, 4.849625E+00, 5.645819E+01, 5.515699E+01, 1.081510E+00, 1.804917E+00,-7.549430E+00, 3.093565E+00, 8.052867E+01, 4.461480E+01, 2.350961E+01, 0.000000E+00,24, 4.320088E+00,0, 0.000000E+00,0, 0.000000E+00,16, 2.385183E+01, 5.121014E-01, 4.230467E+00,NULL,NULL,1,mc_qqps,53
-21041,2872,20228,54925,94C2, 9.125000E+01,28,8,36,28,8,-7.324543E+00, 8.148958E+00,-1.560473E+01, 6.149070E+01, 6.095474E+01, 2.176955E+00,-7.258760E+00, 8.767542E+00,-1.691560E+01, 6.882618E+01, 5.816524E+01, 4.423882E+00, 3.144086E+00,1, 0.000000E+00,8, 6.161532E+00,0, 0.000000E+00,NULL,NULL,NULL,NULL,NULL,NULL,1,mc_qqps,53
-21041,2873,20228,54940,94C2, 9.125000E+01,16,9,25,16,9,-1.844666E+00, 2.607720E+00,-2.766249E-01, 7.250483E+01, 7.227728E+01, 4.517330E+00, 7.496833E-01,-3.727167E+00, 5.158611E+00, 9.832744E+01, 7.112834E+01, 6.907737E+00, 9.876576E+00,11, 7.349639E+00,1, 0.000000E+00,0, 0.000000E+00,6, 1.521669E+01, 4.831319E-01, 7.620744E+00,NULL,NULL,1,mc_qqps,53
-21041,2874,20228,54954,94C2, 9.125000E+01,27,8,35,27,8,-2.373906E+00,-1.335652E+00,-6.381486E+00, 5.782594E+01, 5.731981E+01, 2.122956E+00, 3.002739E+00,-2.122638E+00, 1.320812E+00, 7.385326E+01, 5.128717E+01, 1.489227E+01, 2.642698E-01,4, 0.000000E+00,9, 8.985181E-01,0, 0.000000E+00,2, 2.762363E+00, 8.707793E-01, 1.891584E+00,NULL,NULL,1,mc_qqps,53
-21041,2875,20228,55008,94C2, 9.125000E+01,20,9,29,20,9, 2.062319E+00,-1.107123E-01,-1.552662E+00, 4.230107E+01, 4.196473E+01, 2.098237E+00,-2.342374E+00, 3.080637E+00,-2.026551E+00, 5.406627E+01, 4.143041E+01, 8.359544E+00, 3.405655E+00,9, 2.128980E-01,3, 0.000000E+00,0, 0.000000E+00,5, 5.753875E+00, 5.032678E-01, 2.007166E+00,NULL,NULL,1,mc_qqps,53
-21041,2876,20228,55021,94C2, 9.125000E+01,27,12,39,27,12,-4.078167E+00, 5.060977E+00, 5.389146E+00, 4.701397E+01, 4.648189E+01, 1.721552E+00,-4.198247E+00, 6.019679E+00, 7.109155E+00, 6.332220E+01, 4.133105E+01, 1.380830E+01, 4.324737E-01,11, 2.388964E-01,4, 0.000000E+00,0, 0.000000E+00,7, 1.096600E+01, 4.520308E-01, 2.904453E+00,NULL,NULL,1,mc_qqps,53
-21041,2877,20228,55035,94C2, 9.125000E+01,20,11,31,20,11,-8.567643E-01, 3.609221E+00, 4.100111E+00, 5.143843E+01, 5.123965E+01, 2.561982E+00,-1.876068E+00, 3.326853E+00,-2.086613E+01, 8.316671E+01, 2.304660E+01, 3.120029E+01, 0.000000E+00,4, 9.173901E-02,9, 5.981060E-01,0, 0.000000E+00,2, 1.570807E+00, 5.279860E-01, 1.042821E+00,3, 0.000000E+00,1,mc_qqps,53
-21041,2878,20228,55056,94C2, 9.125000E+01,29,12,41,29,12, 5.618680E+00,-1.556790E+00,-9.462115E-01, 6.905018E+01, 6.829625E+01, 2.355043E+00, 1.566008E+01,-9.340978E+00,-2.730649E+00, 9.604578E+01, 6.178594E+01, 8.832785E+00, 1.674434E+01,12, 6.316239E+00,0, 0.000000E+00,0, 0.000000E+00,7, 8.133062E+00, 6.087562E-01, 2.073024E+00,NULL,NULL,1,mc_qqps,53
-21041,2879,20228,55111,94C2, 9.125000E+01,20,12,32,20,12, 4.977929E+00, 9.591226E+00, 1.113252E+00, 6.882909E+01, 6.854290E+01, 3.427145E+00, 2.946722E+00, 1.288612E+00, 5.729786E-01, 1.030842E+02, 6.766654E+01, 3.270232E+01, 1.552755E+00,14, 4.403647E+00,0, 0.000000E+00,0, 0.000000E+00,10, 3.183748E+01, 5.313914E-01, 8.657191E+00,NULL,NULL,1,mc_qqps,53
-21041,2880,20228,55123,94C2, 9.125000E+01,20,7,27,20,7,-1.246788E+01,-7.479244E+00,-8.070008E-01, 5.452015E+01, 5.413950E+01, 2.706975E+00,-5.367983E+00,-1.986862E+00, 2.702147E-01, 7.318120E+01, 5.198121E+01, 5.121944E+00, 1.171339E+01,10, 7.142394E-01,0, 0.000000E+00,0, 0.000000E+00,6, 6.947658E+00, 5.541789E-01, 1.825714E+00,NULL,NULL,1,mc_qqps,53
-21041,2881,20228,55137,94C2, 9.125000E+01,38,20,58,38,20, 8.275418E+00,-1.958699E+01,-2.027226E+00, 9.162244E+01, 9.070086E+01, 2.386865E+00, 8.012640E+00,-2.417102E+01,-1.208777E+00, 1.195336E+02, 8.316521E+01, 2.417703E+01, 1.962336E+00,20, 7.816501E+00,1, 0.000000E+00,0, 0.000000E+00,15, 2.267719E+01, 3.975486E-01, 4.125563E+00,1, 0.000000E+00,1,mc_qqps,53
-21041,2882,20228,55155,94C2, 9.125000E+01,35,18,53,35,18,-9.409950E+00, 2.869620E+00, 7.151892E+00, 6.848713E+01, 6.709724E+01, 1.917064E+00, 3.584752E+00, 6.687448E-01,-3.735292E+00, 1.003393E+02, 6.529026E+01, 2.326129E+01, 1.933503E+00,17, 3.168257E+00,1, 0.000000E+00,0, 0.000000E+00,9, 1.561976E+01, 6.419775E-01, 3.775294E+00,NULL,NULL,1,mc_qqps,53
-21041,2883,20228,55215,94C2, 9.125000E+01,24,16,40,24,16,-1.777759E+00, 2.990834E+00, 8.776929E-01, 7.174321E+01, 7.134339E+01, 2.972641E+00, 3.065169E+00, 1.389415E+00,-3.340749E+00, 9.949790E+01, 5.287092E+01, 2.742806E+01, 3.266341E-01,15, 2.266736E+01,0, 0.000000E+00,0, 0.000000E+00,9, 1.487156E+01, 7.734999E-01, 2.990767E+00,NULL,NULL,1,mc_qqps,53
-21041,2884,20228,55231,94C2, 9.125000E+01,55,16,71,55,16, 3.475602E+00,-2.837730E+00, 2.734693E+00, 6.300779E+01, 6.170014E+01, 1.121821E+00, 2.901423E+00,-6.703871E+00, 4.863884E+00, 7.933296E+01, 5.045583E+01, 1.191413E+01, 3.701517E+00,11, 1.017025E-01,5, 0.000000E+00,0, 0.000000E+00,8, 8.324664E+00, 5.697464E-01, 1.994239E+00,NULL,NULL,1,mc_qqps,53
-21041,2885,20228,55253,94C2, 9.125000E+01,33,9,42,33,9, 6.398896E+01,-8.323951E+00,-5.547795E+01, 1.429453E+02, 1.424553E+02, 4.316826E+00, 4.594647E+01,-4.408738E+00,-4.063526E+01, 1.689150E+02, 1.347939E+02, 2.349809E+01, 2.471610E+00,6, 0.000000E+00,1, 1.379087E+00,0, 0.000000E+00,4, 2.202134E+01, 1.152535E+00, 1.575186E+01,NULL,NULL,1,mc_qqps,53
-21041,2886,20228,55307,94C2, 9.125000E+01,11,9,20,11,9,-2.313581E+00, 1.425380E+00,-1.074429E+00, 5.704525E+01, 5.696678E+01, 5.178798E+00, 5.488928E+00, 8.735471E-02, 6.630903E+00, 7.675996E+01, 5.459128E+01, 1.520195E+01, 8.780051E-01,12, 1.100640E+01,0, 0.000000E+00,0, 0.000000E+00,8, 1.883670E+01, 5.031369E-01, 6.295094E+00,NULL,NULL,1,mc_qqps,53
-21041,2887,20228,55316,94C2, 9.125000E+01,50,18,68,50,18,-9.187800E+00,-2.348075E+01, 3.599287E+01, 9.707801E+01, 9.587154E+01, 1.917431E+00,-6.656897E+00,-1.821976E+01, 3.091282E+01, 1.162086E+02, 5.437328E+01, 1.517483E+01, 1.602630E+00,8, 1.650854E-01,10, 2.343292E+00,0, 0.000000E+00,6, 6.751450E+00, 6.980106E-01, 1.831658E+00,NULL,NULL,1,mc_qqps,53
-21041,2888,20228,55336,94C2, 9.125000E+01,32,8,40,32,8, 3.713398E+00, 4.809069E+00,-4.231229E+00, 7.911819E+01, 7.868011E+01, 2.458754E+00, 1.366093E+00, 5.580131E-01,-2.884907E+00, 8.680706E+01, 7.751774E+01, 5.172356E+00, 2.571405E+00,10, 2.948236E+00,1, 0.000000E+00,0, 0.000000E+00,4, 3.919621E+00, 6.269953E-01, 1.472415E+00,NULL,NULL,1,mc_qqps,53
-21041,2889,20228,55348,94C2, 9.125000E+01,29,23,52,29,23,-3.159211E+00, 3.629439E+00,-1.634787E+00, 3.964692E+01, 3.904678E+01, 1.346441E+00,-4.826837E+00, 5.376805E+00,-1.753444E+00, 6.847848E+01, 3.747092E+01, 2.619407E+01, 3.040577E-01,29, 6.270724E+00,0, 0.000000E+00,0, 0.000000E+00,20, 2.303656E+01, 5.298907E-01, 5.643186E+00,NULL,NULL,1,mc_qqps,53
-21041,2890,20228,55401,94C2, 9.125000E+01,29,11,40,29,11, 8.291677E-01,-1.361530E+00,-4.408503E+00, 6.718787E+01, 6.656075E+01, 2.295198E+00,-3.209784E+00,-5.109137E-01, 3.801767E+00, 8.625787E+01, 6.092274E+01, 1.907000E+01, 0.000000E+00,0, 0.000000E+00,14, 8.709343E+00,0, 0.000000E+00,NULL,NULL,NULL,NULL,NULL,NULL,1,mc_qqps,53
-21041,2891,20228,55416,94C2, 9.125000E+01,45,10,55,45,10, 4.726428E+00, 3.739550E+00, 1.274254E+00, 6.992937E+01, 6.882298E+01, 1.529400E+00, 3.903675E-01,-2.279155E+00,-2.565628E+00, 8.304372E+01, 6.011843E+01, 7.961903E+00, 2.185093E+00,12, 7.464574E-02,0, 0.000000E+00,0, 0.000000E+00,7, 9.611707E+00, 4.331239E-01, 2.546747E+00,NULL,NULL,1,mc_qqps,53
-21041,2892,20228,55431,94C2, 9.125000E+01,33,11,44,33,11,-2.465561E+00,-4.990922E+00,-4.758654E+00, 8.403153E+01, 8.328101E+01, 2.523667E+00, 2.608054E+00, 7.452713E+00, 3.696384E+00, 1.032289E+02, 8.164941E+01, 1.020228E+01, 0.000000E+00,14, 1.590370E+00,1, 0.000000E+00,0, 0.000000E+00,8, 1.528830E+01, 4.196504E-01, 6.505159E+00,NULL,NULL,1,mc_qqps,53
-21041,2893,20228,55450,94C2, 9.125000E+01,39,9,48,39,9,-5.600720E+00, 5.030751E+00,-4.964405E+00, 8.159030E+01, 8.085433E+01, 2.073188E+00,-1.741223E+01, 1.944393E+01,-1.151955E+01, 1.041557E+02, 4.184317E+01, 1.405330E+01, 0.000000E+00,13, 1.012212E+01,1, 0.000000E+00,0, 0.000000E+00,8, 2.204772E+01, 3.981362E-01, 7.276161E+00,NULL,NULL,1,mc_qqps,53
-21041,2894,20228,55506,94C2, 9.125000E+01,12,14,26,12,14, 4.022977E-01, 1.712822E+00,-7.849463E+00, 1.668335E+01, 1.646064E+01, 1.371720E+00, 1.515385E+00,-3.150793E-01,-8.431606E-01, 4.434585E+01, 1.237277E+00, 2.766249E+01, 0.000000E+00,2, 0.000000E+00,12, 9.392394E-01,0, 0.000000E+00,2, 3.192251E+00, 8.785818E-01, 2.313670E+00,2, 0.000000E+00,0,mc_qqps,53
-21041,2895,20228,55531,94C2, 9.125000E+01,32,15,47,32,15, 9.127440E+00, 2.592683E+00, 5.034106E+00, 6.955931E+01, 6.897943E+01, 2.155607E+00, 9.066287E+00, 7.760571E-01, 6.668369E+00, 9.187161E+01, 6.252393E+01, 1.104631E+01, 1.082864E+01,15, 4.716814E+00,0, 0.000000E+00,0, 0.000000E+00,9, 8.758924E+00, 4.154269E-01, 1.726211E+00,NULL,NULL,1,mc_qqps,53
-21041,2896,20228,55549,94C2, 9.125000E+01,25,13,38,25,13,-1.289131E+00, 6.792075E+00, 4.161634E+00, 6.299660E+01, 6.254623E+01, 2.501849E+00, 4.061074E+00, 4.022197E+00, 7.685605E+00, 1.057873E+02, 6.113856E+01, 3.126366E+01, 1.154092E+01,11, 1.833180E-01,0, 0.000000E+00,0, 0.000000E+00,8, 2.365793E+01, 5.777186E-01, 7.841446E+00,NULL,NULL,1,mc_qqps,53
-21041,2897,20228,55602,94C2, 9.125000E+01,40,12,52,40,12, 8.142372E-01, 2.645168E+01,-1.940588E+01, 5.642850E+01, 5.558823E+01, 1.389706E+00, 3.146856E-01, 6.815463E+00,-5.629396E+00, 9.262206E+01, 4.766507E+01, 2.850412E+01, 6.673858E+00,18, 1.072102E+01,0, 0.000000E+00,0, 0.000000E+00,9, 2.937300E+01, 8.985549E-01, 1.482386E+01,NULL,NULL,1,mc_qqps,53
-21041,2898,20228,55623,94C2, 9.125000E+01,22,20,42,22,20,-3.474457E+00,-2.104833E+00, 1.606067E+02, 2.111792E+02, 2.108803E+02, 9.585467E+00,-3.579247E+00,-2.232536E+00, 1.616553E+02, 2.289550E+02, 2.012695E+01, 1.163739E+01, 6.138448E+00,1, 0.000000E+00,18, 1.178603E+01,0, 0.000000E+00,1, 7.207565E-01, 7.207565E-01, 7.207565E-01,2, 0.000000E+00,1,mc_qqps,53
-21041,2899,20228,55638,94C2, 9.125000E+01,34,15,49,34,15,-3.992534E+00,-1.278028E+01,-5.530169E+00, 6.927200E+01, 6.838173E+01, 2.011227E+00, 2.447356E+00,-1.545912E-01,-3.022936E+00, 1.028298E+02, 6.197204E+01, 2.965387E+01, 7.102788E-01,18, 5.327269E+00,1, 0.000000E+00,0, 0.000000E+00,11, 2.977910E+01, 5.742216E-01, 1.268017E+01,NULL,NULL,1,mc_qqps,53
-21041,2900,20228,55655,94C2, 9.125000E+01,48,15,63,48,15, 1.022445E+01,-1.357176E+01, 1.071578E+01, 5.397386E+01, 5.297345E+01, 1.103614E+00, 7.285927E+00,-3.505259E+00, 4.892484E+00, 9.782671E+01, 3.324612E+01, 3.795763E+01, 5.895233E+00,15, 3.976781E-01,0, 0.000000E+00,0, 0.000000E+00,11, 3.453743E+01, 7.079702E-01, 8.299331E+00,1, 0.000000E+00,1,mc_qqps,53
-21041,2901,20228,55709,94C2, 9.125000E+01,35,17,52,35,17, 4.423006E-01, 2.058534E+00, 3.758098E+00, 6.828297E+01, 6.772444E+01, 1.934984E+00,-2.220568E+00, 2.331457E+00,-1.626123E-01, 8.261780E+01, 5.596011E+01, 9.409077E+00, 3.320273E+00,5, 0.000000E+00,13, 5.067235E-01,0, 0.000000E+00,4, 4.013968E+00, 5.160070E-01, 1.605485E+00,NULL,NULL,1,mc_qqps,53
-21041,2902,20228,55727,94C2, 9.125000E+01,29,15,44,29,15,-4.110870E-01,-9.392752E-01, 2.437226E+00, 6.596214E+01, 6.551788E+01, 2.259237E+00,-8.046730E+00, 4.127744E+00, 1.719775E+01, 8.985776E+01, 5.030966E+01, 1.784458E+01, 6.052905E+00,4, 3.393284E-01,14, 1.829967E+01,0, 0.000000E+00,3, 3.107690E+00, 4.975589E-01, 1.677015E+00,NULL,NULL,1,mc_qqps,53
-21041,2903,20228,55741,94C2, 9.125000E+01,44,13,57,44,13, 7.764575E+00, 3.097216E+00,-4.382884E+00, 8.138778E+01, 8.068167E+01, 1.833674E+00, 4.831764E+00, 8.766693E+00,-1.416100E+00, 1.048349E+02, 7.033905E+01, 6.865571E+00, 1.511786E+01,19, 5.136283E+00,0, 0.000000E+00,0, 0.000000E+00,9, 7.756200E+00, 4.454531E-01, 1.264945E+00,NULL,NULL,1,mc_qqps,53
-21041,2904,20228,55758,94C2, 9.125000E+01,36,14,50,36,14,-1.117781E+01,-2.580548E+00, 2.325434E+00, 5.469727E+01, 5.417903E+01, 1.504973E+00,-1.848601E+01,-1.496032E+00,-4.566885E-01, 7.667440E+01, 5.000813E+01, 1.569958E+01, 5.086995E+00,18, 3.987804E-01,0, 0.000000E+00,0, 0.000000E+00,11, 1.689015E+01, 4.975969E-01, 5.065187E+00,NULL,NULL,1,mc_qqps,53
-21041,2905,20228,55812,94C2, 9.125000E+01,32,17,49,32,17, 1.031576E+00, 5.581691E-01,-1.154914E-01, 5.855178E+01, 5.796529E+01, 1.811415E+00,-1.879866E+00,-3.279594E+00, 6.512331E-01, 8.675024E+01, 5.471541E+01, 1.915914E+01, 5.207762E+00,18, 1.178324E+01,0, 0.000000E+00,0, 0.000000E+00,13, 2.302140E+01, 5.421729E-01, 4.058335E+00,NULL,NULL,1,mc_qqps,53
-21041,2906,20228,55826,94C2, 9.125000E+01,31,5,36,31,5,-2.446357E+01, 1.450692E+01,-1.541389E+00, 9.102815E+01, 9.060113E+01, 2.922617E+00,-1.719985E+01, 6.574138E+00, 5.066393E+00, 1.044582E+02, 6.602789E+01, 1.343009E+01, 0.000000E+00,11, 3.397817E+00,0, 0.000000E+00,0, 0.000000E+00,5, 1.343009E+01, 4.694378E-01, 8.761789E+00,NULL,NULL,1,mc_qqps,53
-21041,2907,20228,55836,94C2, 9.125000E+01,41,22,63,41,22,-1.286563E+00, 1.701481E+00,-4.193518E+01, 8.163519E+01, 8.059388E+01, 1.965704E+00, 3.045946E+00,-3.305968E+00,-2.726953E+01, 1.134605E+02, 1.867369E+01, 1.565404E+01, 1.617124E+01,0, 0.000000E+00,17, 1.367166E+01,0, 0.000000E+00,NULL,NULL,NULL,NULL,NULL,NULL,1,mc_qqps,53
-21041,2908,20228,55856,94C2, 9.125000E+01,49,16,65,49,16, 8.808108E+00, 3.641896E+00, 6.248801E-01, 6.732288E+01, 6.629613E+01, 1.352982E+00, 5.827560E+00, 2.781488E+00, 1.981924E+00, 8.920576E+01, 5.907293E+01, 1.750854E+01, 4.526505E+00,22, 5.317525E+00,2, 0.000000E+00,0, 0.000000E+00,10, 1.579681E+01, 4.360654E-01, 5.355151E+00,NULL,NULL,1,mc_qqps,53
-21041,2909,20228,55915,94C2, 9.125000E+01,21,17,38,21,17,-1.289437E+00, 4.898401E+00, 2.771506E+00, 5.275914E+01, 5.254173E+01, 2.501987E+00,-2.429075E-01, 4.306314E+00, 3.086939E+00, 1.003548E+02, 4.432639E+01, 3.990929E+01, 7.687917E+00,17, 1.298942E+01,1, 0.000000E+00,0, 0.000000E+00,11, 2.884835E+01, 5.531303E-01, 1.044584E+01,NULL,NULL,1,mc_qqps,53
-21041,2910,20228,55928,94C2, 9.125000E+01,51,7,58,51,7,-1.096128E+00,-2.783504E+00, 8.133412E+00, 8.352576E+01, 8.196770E+01, 1.607210E+00,-4.667282E-01,-2.196605E+00, 6.659832E+00, 8.617523E+01, 7.461486E+01, 2.225109E+00, 0.000000E+00,12, 2.272049E+00,2, 0.000000E+00,0, 0.000000E+00,2, 9.584571E-01, 4.243591E-01, 5.340980E-01,NULL,NULL,1,mc_qqps,53
-21041,2911,20228,55946,94C2, 9.125000E+01,18,17,35,18,17, 7.630595E+00,-3.444267E+00,-4.211621E+00, 3.426561E+01, 3.412938E+01, 1.896076E+00,-1.157392E+01, 1.227371E+01, 1.156139E+01, 9.068931E+01, 3.459108E+01, 5.642371E+01, 0.000000E+00,18, 3.190709E+00,4, 1.030516E+00,0, 0.000000E+00,12, 3.476102E+01, 4.153130E-01, 1.667279E+01,NULL,NULL,1,mc_qqps,53
-21041,2912,20228,60001,94C2, 9.125000E+01,20,9,29,20,9, 2.602843E+00, 2.726213E+00,-1.898462E+00, 6.601216E+01, 6.577366E+01, 3.288683E+00, 2.780489E-01, 1.354665E+00, 7.496657E-01, 7.903223E+01, 6.512320E+01, 1.008634E+01, 4.892131E-01,15, 1.329057E+01,0, 0.000000E+00,0, 0.000000E+00,7, 1.078579E+01, 4.411947E-01, 3.146948E+00,NULL,NULL,1,mc_qqps,53
-21041,2913,20228,60012,94C2, 9.125000E+01,56,21,77,56,21, 2.242716E+01,-2.009050E+00,-3.502289E+00, 9.188269E+01, 9.063790E+01, 1.618534E+00, 2.548058E+01, 3.453095E+00,-5.790708E+00, 1.204050E+02, 5.842712E+01, 1.553629E+01, 1.096421E+01,13, 3.503960E+00,7, 0.000000E+00,0, 0.000000E+00,8, 6.947798E+00, 5.569416E-01, 1.345411E+00,NULL,NULL,1,mc_qqps,53
-21041,2914,20228,60032,94C2, 9.125000E+01,44,24,68,44,24, 6.022775E+00, 6.906015E-02,-9.942025E+00, 5.938702E+01, 5.863945E+01, 1.332715E+00, 1.443441E+00, 4.343992E-01,-3.199646E+00, 9.363801E+01, 5.511738E+01, 1.972134E+01, 9.219900E+00,9, 9.174646E-02,8, 0.000000E+00,0, 0.000000E+00,7, 1.657776E+01, 5.752251E-01, 6.101984E+00,NULL,NULL,1,mc_qqps,53
-21041,2915,20228,60050,94C2, 9.125000E+01,36,20,56,36,20, 2.408086E+00, 6.856564E+00, 7.272604E+00, 7.207624E+01, 7.111930E+01, 1.975536E+00, 3.894424E+00, 8.770867E+00, 9.905580E+00, 1.123848E+02, 5.782229E+01, 3.683877E+01, 3.046131E-01,13, 1.394663E-01,2, 0.000000E+00,0, 0.000000E+00,12, 2.143332E+01, 5.354393E-01, 8.678944E+00,NULL,NULL,1,mc_qqps,53
-21041,2916,20228,60107,94C2, 9.125000E+01,39,8,47,39,8, 1.692251E+00,-2.195230E+00,-2.628579E+00, 7.111559E+01, 7.010983E+01, 1.797688E+00,-4.306100E+00,-2.830554E+00,-2.189788E-01, 7.907587E+01, 6.386973E+01, 4.215372E+00, 3.096437E+00,12, 5.130659E+00,0, 0.000000E+00,0, 0.000000E+00,5, 4.868192E+00, 6.528207E-01, 1.694183E+00,NULL,NULL,1,mc_qqps,53
-21041,2917,20228,60122,94C2, 9.125000E+01,41,15,56,41,15,-7.884244E+00,-1.093971E+01, 8.776586E+00, 5.702451E+01, 5.635192E+01, 1.374437E+00,-1.348367E+00,-3.179936E-01, 5.801753E-01, 9.087682E+01, 5.381219E+01, 9.390653E+00, 2.382290E+01,13, 8.240099E+00,0, 0.000000E+00,0, 0.000000E+00,7, 9.862419E+00, 6.938771E-01, 2.238629E+00,NULL,NULL,1,mc_qqps,53
-21041,2918,20228,60138,94C2, 9.125000E+01,31,22,53,31,22, 3.024901E+00,-9.451228E-01,-7.670914E+00, 4.490075E+01, 4.436627E+01, 1.431170E+00,-5.661860E+00, 1.418496E+00,-3.927272E+00, 8.131618E+01, 3.805487E+01, 2.013998E+01, 1.523368E+01,17, 1.918585E+00,4, 0.000000E+00,0, 0.000000E+00,12, 1.572964E+01, 5.048104E-01, 3.326236E+00,NULL,NULL,1,mc_qqps,53
-21041,2919,20228,60156,94C2, 9.125000E+01,37,8,45,37,8,-4.810870E+00, 1.576241E+00,-3.574132E+00, 9.381118E+01, 9.310646E+01, 2.516391E+00,-4.824770E+00,-2.135448E-01,-3.389693E+00, 1.047047E+02, 7.615901E+01, 3.854994E+00, 3.593036E+00,12, 1.634919E+01,0, 0.000000E+00,0, 0.000000E+00,4, 6.112714E+00, 1.102983E+00, 2.342513E+00,NULL,NULL,1,mc_qqps,53
-21041,2920,20228,60213,94C2, 9.125000E+01,39,17,56,39,17,-3.078357E+00,-3.231403E+00, 1.367764E+00, 8.514950E+01, 8.459953E+01, 2.169219E+00, 1.333370E-01, 2.136436E+00,-1.670649E+00, 1.354174E+02, 6.038491E+01, 2.311153E+01, 2.719908E+01,3, 0.000000E+00,13, 4.104994E+00,0, 0.000000E+00,2, 1.545978E+00, 7.377329E-01, 8.082452E-01,NULL,NULL,1,mc_qqps,53
-21041,2921,20228,60232,94C2, 9.125000E+01,8,6,14,8,6,-8.776584E+00, 1.974187E+01,-3.030464E+00, 6.248095E+01, 6.243969E+01, 7.804962E+00,-8.772257E+00, 1.944417E+01,-3.558712E+00, 6.945285E+01, 6.248095E+01, 6.465893E+00, 5.059935E-01,8, 4.646229E+00,0, 0.000000E+00,0, 0.000000E+00,5, 6.465893E+00, 8.434947E-01, 2.113638E+00,NULL,NULL,1,mc_qqps,53
-21041,2922,20228,60240,94C2, 9.125000E+01,44,12,56,44,12, 1.293784E+00, 8.446171E-01,-1.826533E+02, 2.494392E+02, 2.484952E+02, 5.647618E+00, 2.879113E-02, 7.978741E+00,-1.859610E+02, 2.643415E+02, 6.727128E+01, 1.092480E+01, 4.171334E+00,8, 0.000000E+00,9, 5.412996E-01,0, 0.000000E+00,4, 5.369116E+00, 8.759183E-01, 1.721547E+00,NULL,NULL,1,mc_qqps,53
-21041,2923,20228,60308,94C2, 9.125000E+01,19,12,31,19,12,-1.173617E+01, 2.347163E+00,-1.197681E+00, 6.598971E+01, 6.578410E+01, 3.462321E+00,-1.236029E+01, 3.315261E+00,-8.555952E-01, 8.564973E+01, 5.713496E+01, 1.608323E+01, 4.213805E-01,12, 1.397274E-01,0, 0.000000E+00,0, 0.000000E+00,9, 1.431759E+01, 4.776401E-01, 3.048032E+00,NULL,NULL,1,mc_qqps,53
-21041,2924,20228,60318,94C2, 9.125000E+01,26,14,40,26,14, 2.322067E+00,-3.748164E+00,-4.459291E+00, 5.160392E+01, 5.134962E+01, 1.974985E+00, 3.349015E-01, 8.326312E-01, 1.650686E+00, 7.009457E+01, 5.095338E+01, 1.433154E+01, 3.516280E+00,6, 0.000000E+00,7, 0.000000E+00,0, 0.000000E+00,3, 2.289529E+00, 5.404956E-01, 1.065497E+00,NULL,NULL,1,mc_qqps,53
-21041,2925,20228,60335,94C2, 9.125000E+01,14,9,23,14,9,-8.955523E+00, 8.721280E-02, 5.655764E+00, 4.061214E+01, 4.042436E+01, 2.887454E+00,-1.353973E+01, 7.994943E-01, 8.412677E+00, 7.164210E+01, 3.909735E+01, 2.425193E+01, 2.067205E+00,12, 6.463555E+00,0, 0.000000E+00,0, 0.000000E+00,8, 2.896274E+01, 6.887864E-01, 8.096307E+00,NULL,NULL,1,mc_qqps,53
-21041,2926,20228,60344,94C2, 9.125000E+01,28,14,42,28,14, 1.857195E-01, 8.333206E-01,-2.186773E+01, 5.632310E+01, 5.577472E+01, 1.991954E+00,-1.560372E+00, 1.560710E+00,-1.709681E+01, 8.161031E+01, 1.301106E+01, 2.071438E+01, 4.572849E+00,1, 0.000000E+00,16, 3.149190E+01,0, 0.000000E+00,1, 6.963756E-01, 6.963756E-01, 6.963756E-01,NULL,NULL,1,mc_qqps,53
-21041,2927,20228,60355,94C2, 9.125000E+01,31,16,47,31,16,-4.743937E-01, 2.615951E+00, 9.629547E+00, 7.051262E+01, 6.993869E+01, 2.256087E+00, 4.824621E+00, 7.722992E-01, 3.794184E+00, 9.257039E+01, 6.655779E+01, 1.672646E+01, 5.433825E+00,12, 9.054505E-01,5, 3.714484E-01,0, 0.000000E+00,8, 1.276164E+01, 5.219308E-01, 5.253859E+00,2, 0.000000E+00,1,mc_qqps,53
-21041,2928,20228,60412,94C2, 9.125000E+01,39,16,55,39,16,-4.855348E+00, 7.116356E+00, 1.033309E+01, 7.716373E+01, 7.637667E+01, 1.958376E+00,-1.417601E+00,-9.505491E-01, 1.289664E+00, 9.731451E+01, 6.114054E+01, 1.652267E+01, 3.997465E+00,12, 0.000000E+00,4, 0.000000E+00,0, 0.000000E+00,10, 1.494470E+01, 6.713097E-01, 3.735954E+00,NULL,NULL,1,mc_qqps,53
-21041,2929,20228,60431,94C2, 9.125000E+01,33,11,44,33,11, 2.100195E+01, 8.320187E+00, 1.172578E+00, 6.386432E+01, 6.257925E+01, 1.896341E+00,-2.237554E+00,-1.728488E+00,-1.234653E+00, 9.214520E+01, 5.936423E+01, 2.828184E+01, 0.000000E+00,14, 2.113687E+00,1, 0.000000E+00,0, 0.000000E+00,10, 2.798529E+01, 6.848076E-01, 9.701900E+00,NULL,NULL,1,mc_qqps,53
-21041,2930,20228,60450,94C2, 9.125000E+01,20,18,38,20,18, 8.060622E+00, 6.513802E+00,-9.145565E+00, 2.700613E+01, 2.668920E+01, 1.334460E+00, 6.234899E+00, 7.789578E+00,-1.688018E+01, 6.996530E+01, 2.480867E+01, 2.701350E+01, 1.596516E+01,3, 1.382756E+00,7, 3.830502E-01,0, 0.000000E+00,2, 2.379277E+00, 9.111605E-01, 1.468116E+00,5, 0.000000E+00,1,mc_qqps,53
-21041,2931,20228,60512,94C2, 9.125000E+01,27,18,45,27,18, 6.785122E+00,-8.813309E+00, 5.332928E+00, 6.019036E+01, 5.983431E+01, 2.216086E+00, 5.535643E+00,-7.257698E+00, 3.063380E+00, 8.305025E+01, 4.069449E+01, 2.285990E+01, 0.000000E+00,0, 0.000000E+00,19, 1.839120E+01,0, 0.000000E+00,NULL,NULL,NULL,NULL,1, 0.000000E+00,1,mc_qqps,53
-21041,2932,20228,60529,94C2, 9.125000E+01,34,15,49,34,15,-1.221950E+01,-5.543262E+00,-1.078968E+01, 5.124212E+01, 5.077824E+01, 1.493478E+00,-1.822671E+01,-7.837740E+00,-1.375048E+01, 7.449284E+01, 4.893689E+01, 1.253407E+01, 6.946835E+00,14, 2.160971E+00,2, 0.000000E+00,0, 0.000000E+00,10, 1.548776E+01, 4.695516E-01, 4.146803E+00,NULL,NULL,1,mc_qqps,53
-21041,2933,20228,60543,94C2, 9.125000E+01,41,10,51,41,10,-1.683744E+00,-1.014360E-01, 1.610929E+00, 7.655241E+01, 7.563379E+01, 1.844727E+00,-1.285237E+01, 1.967971E+01, 3.855841E+00, 1.120663E+02, 6.732965E+01, 3.274290E+01, 0.000000E+00,18, 8.202949E+00,0, 0.000000E+00,0, 0.000000E+00,8, 1.250744E+01, 7.300030E-01, 3.513276E+00,NULL,NULL,1,mc_qqps,53
-21041,2934,20228,60612,94C2, 9.125000E+01,33,16,49,33,16, 3.388505E+00,-3.138471E+00, 5.837471E+00, 5.505291E+01, 5.445977E+01, 1.650296E+00,-6.431994E-01,-4.079418E+00,-6.995277E+00, 8.817025E+01, 4.482667E+01, 1.048956E+01, 2.098524E+01,7, 2.627682E+00,11, 0.000000E+00,0, 0.000000E+00,5, 3.485579E+00, 3.215900E-01, 1.428166E+00,NULL,NULL,1,mc_qqps,53
-21041,2935,20228,60626,94C2, 9.125000E+01,20,8,28,20,8, 1.031503E+01, 8.454312E-01, 3.560423E+00, 6.699941E+01, 6.683006E+01, 3.341503E+00, 1.706284E+00,-1.692588E+00, 1.813458E-01, 8.467046E+01, 6.661407E+01, 7.484738E+00, 1.019313E+01,13, 1.028973E+01,1, 0.000000E+00,0, 0.000000E+00,4, 6.951810E+00, 1.051202E+00, 2.297900E+00,NULL,NULL,1,mc_qqps,53
-21041,2936,20228,60640,94C2, 9.125000E+01,21,7,28,21,7, 1.789829E+01,-9.084517E+00, 1.403130E+00, 5.501463E+01, 5.472318E+01, 2.605865E+00, 8.291101E-02,-1.657565E+00, 3.711560E-01, 7.579948E+01, 4.096703E+01, 8.882758E+00, 1.190210E+01,10, 1.076812E+01,0, 0.000000E+00,0, 0.000000E+00,5, 8.882758E+00, 5.456740E-01, 4.231539E+00,NULL,NULL,1,mc_qqps,53
-21041,2937,20228,60653,94C2, 9.125000E+01,53,22,75,53,22, 1.623350E+01,-9.755364E-01, 1.789578E+00, 6.318874E+01, 6.187974E+01, 1.167542E+00, 2.012962E+01, 9.442616E-01,-6.896556E+00, 9.741659E+01, 3.278816E+01, 2.433485E+01, 7.716430E+00,9, 0.000000E+00,14, 1.802639E+00,0, 0.000000E+00,7, 7.069781E+00, 2.834198E-01, 2.176566E+00,1, 0.000000E+00,1,mc_qqps,53
-21041,2938,20228,60715,94C2, 9.125000E+01,17,12,29,17,12,-6.193829E+00,-9.262042E+00, 4.965757E+00, 2.608426E+01, 2.582148E+01, 1.518911E+00, 5.003192E+00, 4.390906E+00,-2.772066E+00, 7.196891E+01, 2.475720E+01, 3.701555E+01, 7.139485E+00,14, 6.662336E+00,0, 0.000000E+00,0, 0.000000E+00,10, 3.874517E+01, 3.721246E-01, 2.793159E+01,NULL,NULL,1,mc_qqps,53
-21041,2939,20228,60726,94C2, 9.125000E+01,26,17,43,26,17, 5.180215E+00,-6.382269E-01, 3.668543E+00, 5.211855E+01, 5.158047E+01, 1.983864E+00,-2.711153E-01,-7.628004E+00, 9.741418E+00, 7.905332E+01, 4.913832E+01, 1.384179E+01, 4.091168E+00,14, 3.004562E-01,3, 0.000000E+00,0, 0.000000E+00,10, 1.887285E+01, 4.601496E-01, 4.493186E+00,NULL,NULL,1,mc_qqps,53
-21041,2940,20228,60742,94C2, 9.125000E+01,17,16,33,17,16,-2.681107E+00,-2.001158E+01, 2.642562E+01, 4.727175E+01, 4.705295E+01, 2.767821E+00, 4.930291E-01,-1.023473E+01, 1.551547E+01, 8.355679E+01, 4.530053E+01, 1.512539E+01, 1.394398E+01,5, 0.000000E+00,6, 0.000000E+00,0, 0.000000E+00,5, 1.540441E+01, 6.833605E-01, 7.215661E+00,NULL,NULL,1,mc_qqps,53
-21041,2941,20228,60756,94C2, 9.125000E+01,30,15,45,30,15, 7.888608E+00, 8.846175E+00, 2.498570E+01, 7.103399E+01, 7.057810E+01, 2.352603E+00, 7.020377E-01, 1.861150E+00, 3.283127E-01, 1.054665E+02, 1.715491E+01, 3.269280E+01, 1.739733E+00,2, 0.000000E+00,14, 5.773272E+00,0, 0.000000E+00,2, 1.434120E+00, 5.891814E-01, 8.449389E-01,1, 0.000000E+00,1,mc_qqps,53
-21041,2942,20228,60812,94C2, 9.125000E+01,13,14,27,13,14,-2.689291E-01,-1.128336E+01, 1.768644E+01, 3.958490E+01, 3.944457E+01, 3.034198E+00,-2.018894E-02,-3.115623E+00, 4.821442E+00, 6.995651E+01, 3.912357E+01, 2.955112E+01, 2.569707E-01,4, 3.815279E-01,14, 7.172400E+00,0, 0.000000E+00,2, 2.329115E+00, 5.635262E-01, 1.765589E+00,NULL,NULL,1,mc_qqps,53
-21041,2943,20228,60823,94C2, 9.125000E+01,17,8,25,17,8,-5.194548E+00, 2.671206E+01, 1.088793E+01, 3.863644E+01, 3.841329E+01, 2.259605E+00, 1.755373E-01, 5.097836E+00, 1.378026E+00, 9.727705E+01, 3.517249E+01, 5.850763E+01, 1.329787E-01,10, 1.336194E+00,0, 0.000000E+00,0, 0.000000E+00,6, 5.564804E+01, 7.419663E-01, 3.468036E+01,1, 0.000000E+00,1,mc_qqps,53
-21041,2944,20228,60836,94C2, 9.125000E+01,24,13,37,24,13,-3.434421E+00, 1.158068E+01,-1.489838E-01, 7.384755E+01, 7.342809E+01, 3.059504E+00,-3.261332E+00, 1.245970E+01,-6.116839E-01, 8.423569E+01, 6.492710E+01, 9.231649E+00, 0.000000E+00,13, 4.581414E+00,4, 6.221189E-01,0, 0.000000E+00,9, 9.225703E+00, 4.994399E-01, 2.324078E+00,NULL,NULL,1,mc_qqps,53
-21041,2945,20228,60851,94C2, 9.125000E+01,23,10,33,23,10, 7.683167E-01,-4.207923E-01, 1.059974E+01, 3.809091E+01, 3.782447E+01, 1.644542E+00, 1.935013E+00, 6.262285E-01, 5.165444E+00, 4.972229E+01, 6.701268E+00, 8.485107E+00, 3.146272E+00,0, 0.000000E+00,11, 1.406822E+00,0, 0.000000E+00,NULL,NULL,NULL,NULL,NULL,NULL,0,mc_qqps,53
-21041,2946,20228,60903,94C2, 9.125000E+01,29,15,44,29,15, 9.286282E-01, 3.537673E+00,-2.309988E+00, 7.035160E+01, 6.983274E+01, 2.408026E+00,-3.348407E+00,-4.809921E+00, 9.240108E-01, 8.757630E+01, 6.482899E+01, 1.440517E+01, 6.669140E-01,17, 3.013034E+01,0, 0.000000E+00,0, 0.000000E+00,10, 1.455921E+01, 3.078235E-01, 3.498072E+00,NULL,NULL,1,mc_qqps,53
-21041,2947,20228,60915,94C2, 9.125000E+01,28,13,41,28,13, 1.002745E+01,-1.397420E+00,-2.154958E+02, 2.450737E+02, 2.445698E+02, 8.734635E+00, 7.091357E+00,-2.352832E+00,-2.066205E+02, 2.735701E+02, 1.790087E+01, 1.019003E+01, 1.830634E+01,3, 0.000000E+00,8, 0.000000E+00,0, 0.000000E+00,2, 3.244637E+00, 4.738286E-01, 2.770809E+00,3, 0.000000E+00,1,mc_qqps,53
-21041,2948,20228,60929,94C2, 9.125000E+01,29,15,44,29,15, 5.991869E+00,-9.855765E-01,-7.465398E-01, 6.140410E+01, 6.090590E+01, 2.100204E+00, 9.219415E+00, 5.343765E-01,-2.421480E+00, 8.021032E+01, 5.754171E+01, 1.405743E+01, 2.502846E+00,15, 5.062212E+00,2, 0.000000E+00,0, 0.000000E+00,12, 1.476508E+01, 4.332415E-01, 1.851484E+00,NULL,NULL,1,mc_qqps,53
-21041,2949,20228,60948,94C2, 9.125000E+01,28,7,35,28,7,-4.414205E+00,-1.405080E-01,-6.691433E+00, 7.016374E+01, 6.925468E+01, 2.473382E+00, 3.121003E+00,-3.373174E-02, 1.258688E-01, 8.549239E+01, 6.664370E+01, 1.532865E+01, 0.000000E+00,6, 0.000000E+00,0, 0.000000E+00,0, 0.000000E+00,4, 1.475831E+01, 5.466762E-01, 1.134202E+01,NULL,NULL,1,mc_qqps,53
-21041,2950,20228,61004,94C2, 9.125000E+01,27,13,40,27,13,-1.858759E+00,-6.396219E+00, 1.004742E+01, 4.318374E+01, 4.264362E+01, 1.579394E+00, 3.418010E+00, 7.745604E+00, 2.686220E+00, 7.001237E+01, 3.375586E+01, 1.137921E+01, 1.544942E+01,3, 3.825734E+00,11, 1.660176E+00,0, 0.000000E+00,1, 6.071251E-01, 6.071251E-01, 6.071251E-01,3, 0.000000E+00,1,mc_qqps,53
-21041,2951,20228,61021,94C2, 9.125000E+01,32,12,44,32,12, 1.478646E+01, 3.698552E-01,-8.686877E+00, 8.365793E+01, 8.290402E+01, 2.590751E+00, 1.080971E+01,-3.203083E-01,-5.241281E+00, 1.140674E+02, 6.582468E+01, 1.688896E+01, 8.846169E+00,12, 0.000000E+00,0, 0.000000E+00,0, 0.000000E+00,10, 2.163396E+01, 3.137902E-01, 5.233200E+00,NULL,NULL,1,mc_qqps,53
-21041,2952,20228,61037,94C2, 9.125000E+01,40,13,53,40,13, 1.734095E+01,-2.241054E+00,-2.591240E+01, 6.179778E+01, 6.073907E+01, 1.518477E+00, 1.327163E+01,-1.908237E+00,-2.043714E+01, 7.811153E+01, 4.859994E+01, 1.358633E+01, 3.052474E+00,6, 9.966001E-02,10, 0.000000E+00,0, 0.000000E+00,2, 2.732903E+00, 8.161574E-01, 1.916745E+00,NULL,NULL,1,mc_qqps,53
-21041,2953,20228,61052,94C2, 9.125000E+01,26,12,38,26,12,-2.988184E+00,-2.121564E+00, 1.676385E+00, 7.181018E+01, 7.130556E+01, 2.742522E+00,-3.253425E+00,-2.616410E+00, 2.102319E+00, 8.303748E+01, 6.621142E+01, 1.011599E+01, 1.111312E+00,2, 0.000000E+00,14, 1.279847E+01,0, 0.000000E+00,1, 5.400395E-01, 5.400395E-01, 5.400395E-01,NULL,NULL,1,mc_qqps,53
-21041,2954,20228,61103,94C2, 9.125000E+01,27,18,45,27,18,-3.286233E+00,-2.259483E+01, 1.340992E+01, 4.352836E+01, 4.291343E+01, 1.589386E+00, 7.697493E+00,-4.351090E+00, 4.976813E+00, 8.973968E+01, 4.146870E+01, 4.258511E+01, 0.000000E+00,21, 6.917906E+00,0, 0.000000E+00,0, 0.000000E+00,18, 4.621132E+01, 7.259765E-01, 8.448067E+00,NULL,NULL,1,mc_qqps,53
-21041,2955,20228,61117,94C2, 9.125000E+01,29,15,44,29,15, 1.763097E+01, 1.132533E+01, 1.446183E+01, 5.773004E+01, 5.719087E+01, 1.972099E+00, 2.073120E+01, 1.571004E+01, 1.725753E+01, 8.899380E+01, 4.772419E+01, 1.242544E+01, 1.883831E+01,10, 4.341226E-01,2, 0.000000E+00,0, 0.000000E+00,7, 9.872563E+00, 4.754516E-01, 4.467321E+00,NULL,NULL,1,mc_qqps,53
-21041,2956,20228,61130,94C2, 9.125000E+01,27,12,39,27,12,-4.184366E+00, 1.608708E-01,-4.266241E+00, 5.759897E+01, 5.712196E+01, 2.115628E+00, 1.408528E+01,-1.173067E+00, 3.811195E+00, 8.847910E+01, 5.453644E+01, 2.436153E+01, 2.062772E+00,20, 7.596810E+00,0, 0.000000E+00,0, 0.000000E+00,10, 2.610764E+01, 9.103361E-01, 6.312326E+00,NULL,NULL,1,mc_qqps,53
-21041,2957,20228,61143,94C2, 9.125000E+01,16,7,23,16,7,-6.130203E+00,-1.269516E+01, 8.454003E+02, 8.712217E+02, 8.710887E+02, 5.444305E+01,-6.663766E+00,-1.566143E+01, 8.351873E+02, 8.884099E+02, 3.965710E+00, 8.306767E+00, 8.881498E+00,0, 0.000000E+00,9, 1.432479E+01,0, 0.000000E+00,NULL,NULL,NULL,NULL,1, 0.000000E+00,0,mc_qqps,53
-21041,2958,20228,61152,94C2, 9.125000E+01,17,18,35,17,18, 1.292278E+01,-3.725185E+00, 1.932318E+01, 4.841814E+01, 4.821019E+01, 2.835894E+00, 5.792590E+00,-1.412464E+00, 5.919072E+00, 7.523589E+01, 4.868309E+01, 1.112615E+01, 1.464202E+01,4, 2.784399E+00,17, 2.954328E+00,0, 0.000000E+00,2, 1.692530E+00, 6.429619E-01, 1.049568E+00,NULL,NULL,1,mc_qqps,53
-21041,2959,20228,61206,94C2, 9.125000E+01,31,10,41,31,10,-3.517779E+00, 2.865779E+01,-5.514905E+00, 4.586638E+01, 4.520441E+01, 1.458207E+00,-5.719092E-01, 1.300931E+01,-3.408370E+00, 8.145148E+01, 3.853265E+01, 2.761335E+01, 3.373810E+00,10, 7.815814E+00,0, 0.000000E+00,0, 0.000000E+00,7, 3.140744E+01, 6.351411E-01, 1.189517E+01,NULL,NULL,1,mc_qqps,53
-21041,2960,20228,61218,94C2, 9.125000E+01,36,11,47,36,11, 8.411177E-01,-1.636803E+00, 6.555073E+00, 6.260673E+01, 6.191547E+01, 1.719874E+00,-1.128593E+00,-4.332357E+00, 9.105970E+00, 7.892129E+01, 5.581401E+01, 9.007951E+00, 4.633275E+00,6, 1.246542E-01,6, 0.000000E+00,0, 0.000000E+00,3, 3.859741E+00, 8.615061E-01, 1.868427E+00,NULL,NULL,1,mc_qqps,53
-21041,2961,20228,61233,94C2, 9.125000E+01,16,11,27,16,11, 6.208642E+00, 3.896179E+00,-3.038417E+01, 4.521115E+01, 4.500797E+01, 2.812998E+00,-2.519339E-03,-7.099476E-01,-8.249887E+00, 8.181670E+01, 1.012366E+01, 3.563274E+01, 9.728096E-01,2, 0.000000E+00,10, 8.023285E+00,0, 0.000000E+00,2, 1.588262E+00, 7.640458E-01, 8.242167E-01,2, 0.000000E+00,0,mc_qqps,53
-21041,2962,20228,61247,94C2, 9.125000E+01,59,23,82,59,23,-1.189782E+01,-4.118561E+00,-7.495744E+00, 7.758994E+01, 7.625561E+01, 1.292468E+00,-6.269675E+00,-4.379986E+00,-2.789448E+00, 1.046546E+02, 5.726610E+01, 2.088331E+01, 1.306101E+00,29, 2.104656E+00,0, 0.000000E+00,0, 0.000000E+00,17, 2.459668E+01, 4.402798E-01, 3.524385E+00,NULL,NULL,1,mc_qqps,53
-21041,2963,20228,61308,94C2, 9.125000E+01,18,13,31,18,13,-5.004952E+00,-1.301748E+01, 9.345557E+00, 4.258362E+01, 4.232362E+01, 2.351312E+00,-2.195225E+00,-5.170206E+00, 3.444080E+00, 1.075487E+02, 4.142251E+01, 6.496591E+01, 0.000000E+00,13, 6.253932E-01,0, 0.000000E+00,0, 0.000000E+00,10, 5.814587E+01, 6.046816E-01, 1.859678E+01,NULL,NULL,1,mc_qqps,53
-21041,2964,20228,61319,94C2, 9.125000E+01,18,14,32,18,14,-2.037708E+00, 1.694542E+01, 2.657975E+00, 5.217596E+01, 5.195724E+01, 2.886514E+00, 6.051415E-01, 9.009086E+00, 1.577824E+00, 1.110543E+02, 5.087273E+01, 4.918917E+01, 9.811348E+00,15, 3.889893E+00,0, 0.000000E+00,0, 0.000000E+00,10, 4.918917E+01, 1.316389E+00, 1.362638E+01,NULL,NULL,1,mc_qqps,53
-21041,2965,20228,61332,94C2, 9.125000E+01,25,19,44,25,19, 1.074608E+00,-2.016727E+00, 1.659530E+00, 2.597969E+01, 2.536027E+01, 1.014411E+00, 3.621081E-01,-3.916529E+00, 7.517875E+00, 6.322871E+01, 1.712956E+01, 3.250970E+01, 5.004564E+00,0, 0.000000E+00,10, 3.960463E-01,0, 0.000000E+00,NULL,NULL,NULL,NULL,3, 0.000000E+00,1,mc_qqps,53
-21041,2966,20228,61409,94C2, 9.125000E+01,27,11,38,27,11,-1.745175E+01, 2.000182E+00, 1.878736E+00, 6.732869E+01, 6.689309E+01, 2.477522E+00,-1.092016E+01, 1.794802E+00,-4.792715E+00, 9.432707E+01, 6.332745E+01, 1.061533E+01, 1.320996E+01,11, 1.219396E-01,0, 0.000000E+00,0, 0.000000E+00,6, 1.424088E+01, 5.767579E-01, 9.053229E+00,NULL,NULL,1,mc_qqps,53
-21041,2967,20228,61421,94C2, 9.125000E+01,36,16,52,36,16, 1.945795E+00,-1.446054E+00,-1.188650E+00, 7.560754E+01, 7.492558E+01, 2.081266E+00,-6.736150E+00, 1.057833E+01,-2.859679E+00, 1.253825E+02, 6.920282E+01, 8.090655E+00, 3.732817E+01,11, 2.984579E+00,0, 0.000000E+00,0, 0.000000E+00,8, 1.121128E+01, 5.463602E-01, 3.662118E+00,NULL,NULL,1,mc_qqps,53
-21041,2968,20228,61437,94C2, 9.125000E+01,33,22,55,33,22, 1.978466E+01,-1.011186E+01,-1.131609E+00, 6.729579E+01, 6.682917E+01, 2.025126E+00, 1.010363E+01,-5.849310E+00,-2.700884E-01, 9.779559E+01, 5.563599E+01, 2.039544E+01, 5.241097E+00,24, 5.601802E+00,0, 0.000000E+00,0, 0.000000E+00,19, 2.266582E+01, 4.151396E-01, 3.481742E+00,NULL,NULL,1,mc_qqps,53
-21041,2969,20228,61454,94C2, 9.125000E+01,43,14,57,43,14,-2.136990E+01,-5.168443E+00, 1.200173E+01, 7.665097E+01, 7.567836E+01, 1.759962E+00,-2.177061E+01,-5.651071E+00, 1.492650E+01, 9.252749E+01, 5.010821E+01, 1.001765E+01, 2.946392E+00,14, 3.286039E+00,1, 0.000000E+00,0, 0.000000E+00,10, 1.293013E+01, 4.683477E-01, 2.060429E+00,NULL,NULL,1,mc_qqps,53
-21041,2970,20228,61510,94C2, 9.125000E+01,30,12,42,30,12,-4.106656E-01,-2.151614E+01, 6.948760E+00, 6.166597E+01, 6.112674E+01, 2.037558E+00,-1.951220E+00,-2.539336E+01, 7.929343E+00, 8.520483E+01, 5.402349E+01, 1.538947E+01, 8.149381E+00,14, 4.419921E+00,0, 0.000000E+00,0, 0.000000E+00,9, 1.439456E+01, 3.256861E-01, 4.351987E+00,NULL,NULL,1,mc_qqps,53
-21041,2971,20228,61525,94C2, 9.125000E+01,32,18,50,32,18,-4.034949E-01, 2.770482E+00,-3.676388E+00, 6.609801E+01, 6.557528E+01, 2.049227E+00, 2.142310E+00, 2.935562E+00,-2.298866E+00, 1.068109E+02, 6.174133E+01, 3.079669E+01, 3.542725E+00,14, 5.751873E+00,4, 0.000000E+00,0, 0.000000E+00,10, 3.261329E+01, 3.941636E-01, 1.029810E+01,1, 0.000000E+00,1,mc_qqps,53
-21041,2972,20228,61542,94C2, 9.125000E+01,41,21,62,41,21, 1.067099E+00, 1.035045E+01,-4.108584E+00, 5.650623E+01, 5.564157E+01, 1.357111E+00,-4.169273E+00,-2.726521E+00, 3.423198E+00, 9.650762E+01, 5.103758E+01, 3.197768E+01, 1.673297E+00,22, 9.530047E-01,0, 0.000000E+00,0, 0.000000E+00,16, 3.820454E+01, 5.370528E-01, 1.049473E+01,NULL,NULL,1,mc_qqps,53
-21041,2973,20228,61559,94C2, 9.125000E+01,24,9,33,24,9,-4.845150E+00, 3.829962E+00, 2.756306E+00, 7.661159E+01, 7.636061E+01, 3.181692E+00, 3.769390E+00,-5.188217E-01,-2.888970E+00, 9.211300E+01, 7.336581E+01, 1.524992E+01, 2.515000E-01,14, 2.727367E+00,0, 0.000000E+00,0, 0.000000E+00,7, 1.510191E+01, 4.449823E-01, 9.228015E+00,NULL,NULL,1,mc_qqps,53
-21041,2974,20228,61612,94C2, 9.125000E+01,36,11,47,36,11, 3.044677E-01, 4.773652E+00, 3.104779E+00, 5.711327E+01, 5.634644E+01, 1.565179E+00,-1.316089E+00,-1.331644E+00, 8.108517E+00, 8.105206E+01, 4.455734E+01, 1.137514E+01, 1.256366E+01,2, 0.000000E+00,9, 8.224094E+00,0, 0.000000E+00,NULL,NULL,NULL,NULL,1, 0.000000E+00,1,mc_qqps,53
-21041,2975,20228,61628,94C2, 9.125000E+01,36,15,51,36,15, 4.059520E-01,-1.851657E+00, 2.905333E+00, 6.937451E+01, 6.879224E+01, 1.910896E+00, 8.505880E-01, 6.584136E+00,-7.333236E+00, 9.602402E+01, 6.465545E+01, 9.029761E+00, 1.764448E+01,3, 0.000000E+00,4, 0.000000E+00,0, 0.000000E+00,1, 1.291344E+00, 1.291344E+00, 1.291344E+00,NULL,NULL,1,mc_qqps,53
-21041,2976,20228,61647,94C2, 9.125000E+01,44,13,57,44,13,-3.815992E-01, 1.537905E+00,-7.407990E+00, 6.022502E+01, 5.849765E+01, 1.329492E+00, 3.060233E+00,-7.129161E+00, 7.579157E+00, 8.393041E+01, 4.811664E+01, 2.256310E+01, 1.142286E+00,0, 0.000000E+00,14, 6.472331E+00,0, 0.000000E+00,NULL,NULL,NULL,NULL,NULL,NULL,1,mc_qqps,53
-21041,2977,20228,61704,94C2, 9.125000E+01,38,15,53,38,15,-1.684169E+01,-1.356569E+01,-2.232496E+00, 6.889613E+01, 6.797237E+01, 1.788747E+00,-1.727017E+01,-1.299491E+01,-3.421173E+00, 1.068080E+02, 6.044882E+01, 3.627915E+01, 1.172075E+00,19, 2.378635E+01,0, 0.000000E+00,0, 0.000000E+00,9, 1.899708E+01, 4.606246E-01, 4.516963E+00,NULL,NULL,1,mc_qqps,53
-21041,2978,20228,61717,94C2, 9.125000E+01,18,16,34,18,16, 8.454077E-03, 1.252313E-01,-4.180264E-01, 4.986442E+01, 4.946665E+01, 2.748147E+00,-5.079273E+00, 5.325154E+00,-4.534910E+00, 9.775487E+01, 4.067267E+01, 3.989962E+01, 7.990817E+00,15, 7.419824E+00,0, 0.000000E+00,0, 0.000000E+00,11, 3.989962E+01, 9.568535E-01, 1.378383E+01,NULL,NULL,1,mc_qqps,53
-21041,2979,20228,61731,94C2, 9.125000E+01,25,11,36,25,11, 6.840324E-01,-1.053387E+00,-1.895939E+00, 7.008289E+01, 6.964434E+01, 2.785774E+00,-1.197723E+00,-1.844349E+00,-1.239798E+00, 8.647897E+01, 6.836190E+01, 1.437372E+01, 1.361042E+00,8, 1.034942E+01,4, 0.000000E+00,0, 0.000000E+00,5, 6.723910E+00, 6.028813E-01, 2.421640E+00,NULL,NULL,1,mc_qqps,53
-21041,2980,20228,61746,94C2, 9.125000E+01,43,16,59,43,16,-5.069648E+00, 8.720635E-01, 8.332909E+00, 5.295950E+01, 5.175253E+01, 1.203547E+00,-5.598430E+00, 2.705388E-01, 7.072741E+00, 8.545197E+01, 4.011325E+01, 2.793658E+01, 3.032036E+00,15, 2.900715E+00,1, 0.000000E+00,0, 0.000000E+00,11, 2.841838E+01, 6.871551E-01, 6.408346E+00,NULL,NULL,1,mc_qqps,53
-21041,2981,20228,61801,94C2, 9.125000E+01,40,10,50,40,10,-8.667747E+00, 2.240584E+00, 2.071939E+00, 7.767226E+01, 7.692769E+01, 1.923192E+00,-6.821104E+00, 2.854779E+00,-2.899321E+00, 9.276836E+01, 6.961948E+01, 7.017439E+00, 7.259546E+00,12, 1.003104E+01,3, 0.000000E+00,0, 0.000000E+00,5, 4.351314E+00, 5.590086E-01, 1.002264E+00,NULL,NULL,1,mc_qqps,53
-21041,2982,20228,61819,94C2, 9.125000E+01,24,20,44,24,20, 6.283845E+00, 5.891322E-01, 6.601796E+00, 4.167830E+01, 4.131688E+01, 1.721537E+00, 8.848963E+00,-1.172516E+00, 2.369585E+00, 6.595664E+01, 3.926132E+01, 2.201835E+01, 2.103366E-01,17, 6.741182E+00,7, 0.000000E+00,0, 0.000000E+00,11, 1.868001E+01, 7.461019E-01, 5.337807E+00,NULL,NULL,1,mc_qqps,53
-21041,2983,20228,61833,94C2, 9.125000E+01,19,22,41,19,22,-3.632952E+00,-7.040449E+00, 3.273401E+00, 2.966920E+01, 2.945789E+01, 1.550415E+00,-7.310461E-01,-8.301328E-01,-9.064845E-01, 8.497637E+01, 2.874136E+01, 3.870632E+01, 1.414216E+01,21, 1.219455E+01,1, 0.000000E+00,0, 0.000000E+00,16, 3.523819E+01, 5.058460E-01, 8.785079E+00,NULL,NULL,1,mc_qqps,53
-21041,2984,20228,61846,94C2, 9.125000E+01,27,5,32,27,5,-1.231402E+00,-9.893497E+00,-1.085368E+01, 5.537282E+01, 5.468785E+01, 2.025476E+00,-1.575650E+00,-8.074789E+00,-1.005086E+01, 6.191892E+01, 5.262965E+01, 2.876924E+00, 3.918589E-01,4, 3.407697E+00,1, 0.000000E+00,0, 0.000000E+00,2, 5.416066E+00, 2.138743E+00, 3.277323E+00,NULL,NULL,1,mc_qqps,53
-21041,2985,20228,61905,94C2, 9.125000E+01,40,14,54,40,14,-1.461965E-01,-3.243778E+00,-5.638995E-01, 7.676960E+01, 7.606887E+01, 1.901722E+00,-8.678487E-01,-8.262434E-01, 8.580935E-01, 9.436272E+01, 7.105267E+01, 1.114518E+01, 4.197043E+00,21, 7.553693E+00,0, 0.000000E+00,0, 0.000000E+00,11, 1.346477E+01, 4.737076E-01, 2.319593E+00,NULL,NULL,1,mc_qqps,53
-21041,2986,20228,61921,94C2, 9.125000E+01,16,14,30,16,14, 8.735462E-02, 8.322971E-01,-2.409422E-01, 3.274236E+01, 3.250847E+01, 2.031780E+00, 6.878140E-01, 6.377498E-01,-3.945875E-01, 8.093086E+01, 3.207247E+01, 4.258078E+01, 3.716555E+00,16, 6.863953E+00,0, 0.000000E+00,0, 0.000000E+00,11, 4.175149E+01, 5.667750E-01, 1.511369E+01,NULL,NULL,1,mc_qqps,53
-21041,2987,20228,61938,94C2, 9.125000E+01,39,18,57,39,18,-3.337648E+00, 1.093703E+00, 5.486598E+00, 6.288903E+01, 6.225272E+01, 1.596224E+00,-3.050097E+00,-3.306696E+00, 1.268076E+01, 8.382619E+01, 4.379227E+01, 1.708712E+01, 3.176986E+00,10, 7.180583E-01,17, 6.039850E-01,0, 0.000000E+00,3, 2.784720E+00, 6.728368E-01, 1.438844E+00,NULL,NULL,1,mc_qqps,53
-21041,2988,20228,61957,94C2, 9.125000E+01,27,13,40,27,13,-2.502372E+00, 6.828250E+00,-5.570570E+00, 6.090665E+01, 6.051506E+01, 2.241299E+00,-4.678062E-01,-2.592090E+00, 3.373199E+00, 8.270664E+01, 5.736211E+01, 1.415213E+01, 7.309536E+00,9, 1.606635E-01,3, 0.000000E+00,0, 0.000000E+00,6, 1.017169E+01, 4.375303E-01, 5.388363E+00,NULL,NULL,1,mc_qqps,53
-21041,2989,20228,62009,94C2, 9.125000E+01,26,14,40,26,14, 4.363454E+00,-5.352117E+00,-2.476943E-01, 6.834303E+01, 6.783504E+01, 2.609040E+00, 9.710773E-01,-7.961742E-01,-5.426252E-01, 8.506841E+01, 6.395380E+01, 1.450209E+01, 2.223296E+00,11, 2.166811E+00,0, 0.000000E+00,0, 0.000000E+00,7, 1.135174E+01, 6.177748E-01, 4.787587E+00,NULL,NULL,1,mc_qqps,53
-21041,2990,20228,62024,94C2, 9.125000E+01,24,14,38,24,14, 4.100813E+00, 5.468081E+00,-1.806480E+01, 4.638060E+01, 4.596980E+01, 1.915408E+00, 3.893291E+00, 5.686140E+00,-1.871053E+01, 6.105789E+01, 2.414983E+01, 1.425226E+01, 4.250262E-01,0, 0.000000E+00,19, 9.116798E+00,0, 0.000000E+00,NULL,NULL,NULL,NULL,NULL,NULL,1,mc_qqps,53
-21041,2991,20228,62038,94C2, 9.125000E+01,24,9,33,24,9, 1.377437E+00, 6.120581E+00, 6.936007E+00, 1.065840E+02, 1.063205E+02, 4.430020E+00,-8.471186E-01, 2.391018E+00, 3.168375E+00, 1.280524E+02, 1.000143E+02, 1.446775E+01, 5.281993E+00,7, 2.688324E+00,2, 0.000000E+00,0, 0.000000E+00,5, 1.584512E+01, 8.661799E-01, 8.045718E+00,NULL,NULL,1,mc_qqps,53
-21041,2992,20228,62052,94C2, 9.125000E+01,32,18,50,32,18, 4.206755E-01, 9.842336E-01,-4.651155E+00, 4.477768E+01, 4.412812E+01, 1.379004E+00,-1.237508E+00, 5.058739E+00,-1.159484E+01, 7.163353E+01, 3.337152E+01, 1.856559E+01, 6.714405E+00,4, 0.000000E+00,15, 3.899200E+00,0, 0.000000E+00,4, 2.590700E+00, 4.222160E-01, 9.374062E-01,NULL,NULL,1,mc_qqps,53
-21041,2993,20228,62110,94C2, 9.125000E+01,37,14,51,37,14,-1.845202E+00, 2.087802E+00,-4.955592E-01, 5.441363E+01, 5.355489E+01, 1.447429E+00,-2.534398E+00, 4.568036E+00, 2.938119E+00, 7.442538E+01, 4.918573E+01, 1.763165E+01, 2.491353E+00,14, 4.327940E+00,1, 0.000000E+00,0, 0.000000E+00,8, 1.446922E+01, 7.031806E-01, 3.996561E+00,NULL,NULL,1,mc_qqps,53
-21041,2994,20228,62127,94C2, 9.125000E+01,22,7,29,22,7, 2.156698E-01,-1.158677E+01, 7.885183E+00, 5.464107E+01, 5.432137E+01, 2.469153E+00, 3.016963E+00,-2.437463E+01, 1.316566E+01, 6.899611E+01, 5.087530E+01, 1.248315E+01, 6.082199E-01,11, 1.125280E+01,0, 0.000000E+00,0, 0.000000E+00,6, 1.374682E+01, 4.837436E-01, 5.048129E+00,NULL,NULL,1,mc_qqps,53
-21041,2995,20228,62138,94C2, 9.125000E+01,51,14,65,51,14,-2.266408E+00,-2.804976E-01,-9.718341E-01, 6.119142E+01, 5.994052E+01, 1.175304E+00,-3.061876E+00,-5.685195E+00,-1.537918E+00, 8.342309E+01, 4.625345E+01, 1.346251E+01, 1.774705E+00,14, 3.267666E+00,0, 0.000000E+00,0, 0.000000E+00,8, 1.826443E+01, 6.663007E-01, 5.222257E+00,NULL,NULL,1,mc_qqps,53
-21041,2996,20228,62155,94C2, 9.125000E+01,29,22,51,29,22, 1.376971E+00, 3.211201E+00,-6.911542E+00, 6.855263E+01, 6.825095E+01, 2.353481E+00, 2.492252E+00, 6.652549E+00,-1.582658E+01, 9.522147E+01, 5.889269E+01, 1.740618E+01, 9.299528E+00,2, 0.000000E+00,18, 8.385366E-01,0, 0.000000E+00,NULL,NULL,NULL,NULL,NULL,NULL,1,mc_qqps,53
-21041,2997,20228,62212,94C2, 9.125000E+01,27,12,39,27,12,-7.120492E+00,-6.040589E+00,-8.604069E+00, 4.932671E+01, 4.861174E+01, 1.800435E+00,-1.675491E+01,-1.592155E-01,-1.884972E+01, 8.529208E+01, 2.334091E+01, 1.731021E+01, 1.865515E+01,8, 4.708589E+00,3, 0.000000E+00,0, 0.000000E+00,6, 1.325504E+01, 5.929467E-01, 4.462518E+00,NULL,NULL,1,mc_qqps,53
-21041,2998,20228,62227,94C2, 9.125000E+01,35,10,45,35,10, 1.902968E+01,-1.013714E+01, 3.360481E+00, 6.144585E+01, 6.062744E+01, 1.732213E+00, 1.021866E+01,-3.305401E+00, 2.208938E+00, 8.372453E+01, 5.549855E+01, 1.822787E+01, 0.000000E+00,13, 1.124014E+01,0, 0.000000E+00,0, 0.000000E+00,7, 2.101946E+01, 6.815717E-01, 1.083531E+01,NULL,NULL,1,mc_qqps,53
-21041,2999,20228,62244,94C2, 9.125000E+01,24,16,40,24,16,-9.148123E+00, 5.639846E+00,-8.293381E+01, 1.123804E+02, 1.121093E+02, 4.671222E+00, 4.035430E-01, 2.892685E+00,-5.189707E+01, 1.665733E+02, 8.240689E+00, 1.902769E+01, 3.516521E+01,0, 0.000000E+00,20, 1.923874E+01,0, 0.000000E+00,NULL,NULL,NULL,NULL,1, 0.000000E+00,0,mc_qqps,53
-21041,3000,20228,62258,94C2, 9.125000E+01,16,9,25,16,9, 1.698104E+00, 1.095758E+01,-7.082379E-01, 4.690162E+01, 4.676390E+01, 2.922744E+00,-1.092293E-01, 3.072387E+00,-1.750819E-01, 7.967973E+01, 4.318572E+01, 2.135902E+01, 1.141908E+01,15, 1.815822E+00,0, 0.000000E+00,0, 0.000000E+00,7, 2.135902E+01, 2.867915E-01, 8.088767E+00,NULL,NULL,1,mc_qqps,53
-21042,1,20227,160357,94C2, 9.125000E+01,30,21,51,30,21, 1.796564E+00, 7.567860E-01, 1.643608E+00, 5.632501E+01, 5.581169E+01, 1.860390E+00, 5.790020E+00,-6.015484E+00, 1.369178E+01, 8.386229E+01, 5.099621E+01, 2.134197E+01, 6.216217E+00,1, 0.000000E+00,14, 5.691948E+00,0, 0.000000E+00,1, 2.634600E+00, 2.634600E+00, 2.634600E+00,1, 0.000000E+00,1,mc_qqps,54
-21042,2,20227,160417,94C2, 9.125000E+01,13,9,22,13,9, 1.115402E+01,-4.059497E+00, 5.216747E+00, 4.159499E+01, 4.140120E+01, 3.184708E+00, 2.209587E+01,-1.108185E+01, 1.381185E+01, 8.052179E+01, 2.189464E+01, 3.600255E+01, 2.315865E+00,9, 4.529513E+00,0, 0.000000E+00,0, 0.000000E+00,8, 3.661094E+01, 5.341867E-01, 1.375630E+01,NULL,NULL,1,mc_qqps,54
-21042,3,20227,160427,94C2, 9.125000E+01,36,18,54,36,18,-9.970222E-01,-4.714913E-01, 3.234633E-01, 7.249476E+01, 7.179113E+01, 1.994198E+00, 2.035668E+00,-9.597350E-01,-2.821263E+00, 9.611552E+01, 5.984113E+01, 2.023387E+01, 0.000000E+00,19, 2.807979E+00,0, 0.000000E+00,0, 0.000000E+00,16, 2.065821E+01, 2.458688E-01, 2.322994E+00,NULL,NULL,1,mc_qqps,54
-21042,4,20227,160443,94C2, 9.125000E+01,36,14,50,36,14, 1.157059E+01, 2.662765E+00,-2.774639E+01, 7.409018E+01, 7.341838E+01, 2.039399E+00, 8.869456E+00, 1.700964E+00,-2.253588E+01, 8.988948E+01, 4.732374E+01, 1.579930E+01, 0.000000E+00,1, 0.000000E+00,20, 2.289958E+01,0, 0.000000E+00,1, 1.001111E+00, 1.001111E+00, 1.001111E+00,NULL,NULL,1,mc_qqps,54
-21042,5,20227,160501,94C2, 9.125000E+01,39,12,51,39,12, 5.709167E+00, 6.780105E+00,-1.892813E+00, 7.110541E+01, 7.056025E+01, 1.809237E+00, 2.336288E+00, 3.245559E-01,-2.633005E+00, 9.520889E+01, 6.593621E+01, 2.171571E+01, 1.753812E+00,18, 1.137962E+00,0, 0.000000E+00,0, 0.000000E+00,10, 2.234965E+01, 3.823744E-01, 1.227020E+01,NULL,NULL,1,mc_qqps,54
-21042,6,20227,160517,94C2, 9.125000E+01,39,14,53,39,14,-3.200818E+00, 6.250927E-01, 1.117498E+00, 3.930173E+01, 3.771725E+01, 9.671091E-01,-1.969857E+00, 1.522777E+00, 9.629903E-01, 6.662392E+01, 3.373926E+01, 1.508845E+01, 1.739227E+00,14, 1.039013E+00,0, 0.000000E+00,0, 0.000000E+00,8, 2.461706E+01, 9.900996E-01, 6.682731E+00,NULL,NULL,1,mc_qqps,54
-21042,7,20227,160532,94C2, 9.125000E+01,24,12,36,24,12, 4.701543E-02,-3.532782E+00, 1.113849E+00, 7.893697E+01, 7.861621E+01, 3.275676E+00,-8.134464E-01,-4.259957E+00,-1.200507E-01, 9.500046E+01, 4.534908E+01, 1.177262E+01, 2.894634E+00,7, 4.686919E+00,4, 0.000000E+00,0, 0.000000E+00,5, 7.798481E+00, 4.807310E-01, 3.615012E+00,NULL,NULL,1,mc_qqps,54
-21042,8,20227,160549,94C2, 9.125000E+01,44,7,51,44,7,-9.970976E-01,-3.070572E-01,-2.923642E+00, 8.466077E+01, 8.380142E+01, 1.904578E+00,-2.283744E+00, 2.452209E+00,-8.715048E-01, 9.813079E+01, 7.855728E+01, 1.253210E+01, 9.379119E-01,5, 2.909698E-01,3, 0.000000E+00,0, 0.000000E+00,4, 8.207481E+00, 9.844732E-01, 4.105647E+00,NULL,NULL,1,mc_qqps,54
-21042,9,20227,160607,94C2, 9.125000E+01,10,5,15,10,5,-5.098839E+00,-1.126279E+01, 2.648903E+00, 7.740879E+01, 7.735098E+01, 7.735097E+00,-1.417532E+00,-3.287344E+00, 7.325249E-01, 8.645914E+01, 7.686997E+01, 1.757085E+00, 0.000000E+00,9, 2.160496E+01,0, 0.000000E+00,0, 0.000000E+00,4, 8.495240E+00, 5.247464E-01, 6.499456E+00,NULL,NULL,1,mc_qqps,54
-21042,10,20227,160615,94C2, 9.125000E+01,37,8,45,37,8, 2.728193E+00,-5.090903E+00,-1.762696E+01, 6.334887E+01, 6.097530E+01, 1.647981E+00, 2.017635E+00,-1.398585E-01,-3.723704E+00, 8.493693E+01, 2.861482E+01, 6.156217E+00, 1.543183E+01,0, 0.000000E+00,8, 8.004803E+00,0, 0.000000E+00,NULL,NULL,NULL,NULL,1, 0.000000E+00,0,mc_qqps,54
-21042,11,20227,160627,94C2, 9.125000E+01,22,15,37,22,15, 3.038664E+00, 5.012226E-01,-2.652853E+00, 4.976822E+01, 4.951580E+01, 2.250718E+00,-4.760032E+00,-2.006700E-02, 5.086186E+00, 9.050262E+01, 3.228866E+01, 3.893801E+01, 1.796393E+00,11, 3.431992E-01,1, 0.000000E+00,0, 0.000000E+00,9, 2.119723E+01, 4.087037E-01, 6.068785E+00,1, 0.000000E+00,1,mc_qqps,54
-21042,12,20227,160647,94C2, 9.125000E+01,32,17,49,32,17, 1.359166E+00, 4.870142E+00,-7.234888E+00, 8.320075E+01, 8.275740E+01, 2.586169E+00,-2.438730E+00, 4.063412E+00,-1.270965E+00, 1.124119E+02, 4.558366E+01, 2.830048E+01, 9.106576E-01,2, 0.000000E+00,18, 7.613551E+00,0, 0.000000E+00,1, 8.786235E-01, 8.786235E-01, 8.786235E-01,1, 0.000000E+00,1,mc_qqps,54
-21042,13,20227,160702,94C2, 9.125000E+01,35,10,45,35,10,-8.272074E+00, 6.293417E+00,-1.025550E+00, 6.343920E+01, 6.240444E+01, 1.782984E+00,-2.338092E+00, 3.355862E+00,-4.146204E-01, 8.988039E+01, 5.814262E+01, 9.476220E+00, 1.696496E+01,10, 1.588313E-01,0, 0.000000E+00,0, 0.000000E+00,6, 7.449475E+00, 4.395886E-01, 1.814195E+00,NULL,NULL,1,mc_qqps,54
-21042,14,20227,160718,94C2, 9.125000E+01,18,8,26,18,8,-2.125061E+00,-8.692511E-01, 6.750856E+00, 5.860765E+01, 5.824034E+01, 3.235574E+00,-9.187835E-01,-5.369428E-02, 1.730873E+00, 8.199931E+01, 5.253176E+01, 6.834615E+00, 5.154729E+00,6, 0.000000E+00,2, 0.000000E+00,0, 0.000000E+00,5, 1.593582E+01, 9.688143E-01, 1.043350E+01,NULL,NULL,1,mc_qqps,54
-21042,15,20227,160729,94C2, 9.125000E+01,40,16,56,40,16, 3.896972E+00,-5.685259E+00,-9.874638E+01, 1.537966E+02, 1.528671E+02, 3.821677E+00, 6.974553E+00,-1.427493E+01,-8.925278E+01, 1.867502E+02, 4.512531E+01, 2.232653E+01, 7.409236E+00,13, 8.214185E+00,2, 0.000000E+00,0, 0.000000E+00,9, 2.253380E+01, 1.354874E+00, 4.463071E+00,NULL,NULL,1,mc_qqps,54
-21042,16,20227,160745,94C2, 9.125000E+01,41,10,51,41,10, 7.892735E+00,-1.165683E+00,-4.051891E+00, 4.361895E+01, 4.239014E+01, 1.033906E+00,-6.911106E+00, 5.807716E+00, 8.049833E+00, 8.367777E+01, 3.724074E+01, 2.612454E+01, 1.193915E+00,14, 5.121326E+00,0, 0.000000E+00,0, 0.000000E+00,9, 3.897626E+01, 4.523023E-01, 1.365105E+01,NULL,NULL,1,mc_qqps,54
-21042,17,20227,160803,94C2, 9.125000E+01,28,16,44,28,16, 4.577857E+00,-6.207302E+00, 2.923470E+00, 4.157959E+01, 4.113437E+01, 1.469085E+00, 4.766885E-01, 5.551744E+00, 9.383341E-02, 7.414639E+01, 3.950807E+01, 3.057739E+01, 1.139361E+00,22, 6.980754E+00,0, 0.000000E+00,0, 0.000000E+00,13, 3.130598E+01, 5.137581E-01, 1.241951E+01,NULL,NULL,1,mc_qqps,54
-21042,18,20227,160817,94C2, 9.125000E+01,33,19,52,33,19,-8.016493E+00,-6.630793E+00, 1.126344E+01, 5.071383E+01, 5.018827E+01, 1.520857E+00,-6.778229E+00,-6.645674E+00, 1.267259E+01, 7.145792E+01, 4.733859E+01, 1.274992E+01, 7.994184E+00,4, 0.000000E+00,13, 1.645128E+00,0, 0.000000E+00,2, 3.167061E+00, 1.375150E+00, 1.791911E+00,1, 0.000000E+00,1,mc_qqps,54
-21042,19,20227,160834,94C2, 9.125000E+01,37,9,46,37,9, 5.807232E+00, 5.297897E+00, 5.290918E+00, 5.397029E+01, 5.304564E+01, 1.433666E+00,-3.757897E+00,-3.825563E+00, 9.515527E-01, 7.203764E+01, 4.966122E+01, 1.567730E+01, 0.000000E+00,17, 2.320547E+01,0, 0.000000E+00,0, 0.000000E+00,9, 1.806735E+01, 4.043110E-01, 8.576372E+00,NULL,NULL,1,mc_qqps,54
-21042,20,20227,160849,94C2, 9.125000E+01,23,12,35,23,12,-8.733125E+00,-4.546261E+00, 6.873280E+00, 7.811275E+01, 7.768684E+01, 3.377689E+00,-2.884997E+00,-2.105203E+00, 1.776954E+00, 9.747598E+01, 7.120280E+01, 1.237197E+01, 2.124469E+00,13, 4.867229E+00,0, 0.000000E+00,0, 0.000000E+00,8, 1.601308E+01, 1.024822E+00, 4.871389E+00,NULL,NULL,1,mc_qqps,54
-21042,21,20227,160903,94C2, 9.125000E+01,48,17,65,48,17, 1.465711E+01,-2.695487E+00, 1.735100E+01, 5.501128E+01, 5.302598E+01, 1.104708E+00, 1.333509E+01,-5.393882E-01, 1.571717E+01, 7.858815E+01, 4.940900E+01, 1.389502E+01, 8.136347E+00,7, 1.391098E+00,9, 0.000000E+00,0, 0.000000E+00,6, 5.689309E+00, 4.541061E-01, 1.669088E+00,NULL,NULL,1,mc_qqps,54
-21042,22,20227,160927,94C2, 9.125000E+01,39,12,51,39,12, 1.018691E+01,-1.335654E+00,-2.006736E+00, 7.037901E+01, 6.963660E+01, 1.785554E+00, 1.077574E+01,-2.752779E+00, 1.231269E+00, 9.582811E+01, 5.951018E+01, 1.281324E+01, 6.108476E+00,14, 1.452841E+00,0, 0.000000E+00,0, 0.000000E+00,6, 1.298321E+01, 7.143133E-01, 4.327225E+00,NULL,NULL,1,mc_qqps,54
-21042,23,20227,160941,94C2, 9.125000E+01,33,11,44,33,11,-4.631182E+00,-1.914386E+01, 7.999660E+00, 9.286638E+01, 9.238623E+01, 2.799583E+00,-4.992785E+00,-1.972096E+01, 8.505749E+00, 1.023772E+02, 7.342691E+01, 6.962426E+00, 8.015520E-01,16, 5.204187E+00,0, 0.000000E+00,0, 0.000000E+00,6, 6.339168E+00, 4.801706E-01, 1.661362E+00,NULL,NULL,1,mc_qqps,54
-21042,24,20227,160955,94C2, 9.125000E+01,36,14,49,35,14, 8.558688E+00, 2.430433E+00,-8.961937E+00, 5.084437E+01, 5.016016E+01, 1.433147E+00, 9.491938E+00, 3.110840E+00,-1.117046E+01, 7.252374E+01, 4.893503E+01, 2.043722E+01, 0.000000E+00,14, 2.882325E+00,2, 0.000000E+00,0, 0.000000E+00,9, 1.574090E+01, 7.555556E-01, 3.690144E+00,NULL,NULL,1,mc_qqps,54
-21042,25,20227,161014,94C2, 9.125000E+01,27,15,42,27,15,-2.951891E+01, 1.081855E+01,-2.602310E+01, 1.064355E+02, 1.060510E+02, 3.927816E+00,-2.929775E+01, 1.057317E+01,-2.542756E+01, 1.256408E+02, 6.547101E+01, 1.379422E+01, 4.127918E+00,16, 9.849716E+00,0, 0.000000E+00,0, 0.000000E+00,9, 1.503700E+01, 3.486703E-01, 4.150427E+00,NULL,NULL,1,mc_qqps,54
-21042,26,20227,161028,94C2, 9.125000E+01,26,7,33,26,7,-9.263260E-01, 2.022245E+00, 2.674105E+00, 8.502869E+01, 8.475191E+01, 3.259689E+00,-1.255512E-03,-2.246829E+00, 5.294919E+00, 9.871094E+01, 8.418646E+01, 6.183442E+00, 7.521638E+00,14, 1.358039E+01,0, 0.000000E+00,0, 0.000000E+00,4, 6.183442E+00, 1.107960E+00, 2.260394E+00,NULL,NULL,1,mc_qqps,54
-21042,27,20227,161041,94C2, 9.125000E+01,31,9,40,31,9, 5.464703E-01, 6.575053E+00, 4.309869E-01, 6.155441E+01, 6.102049E+01, 1.968403E+00, 1.218802E+01, 5.022261E+00,-1.839272E+00, 9.257732E+01, 5.403545E+01, 2.937091E+01, 1.386374E-01,16, 9.347956E+00,1, 0.000000E+00,0, 0.000000E+00,8, 3.088428E+01, 7.529655E-01, 1.160929E+01,NULL,NULL,1,mc_qqps,54
-21042,28,20227,161054,94C2, 9.125000E+01,16,11,27,16,11, 1.020228E+01,-2.851331E+00,-9.512835E+00, 5.129223E+01, 5.109641E+01, 3.193525E+00, 4.110308E+00, 2.727822E-01,-3.462961E+00, 6.948418E+01, 5.068345E+01, 1.562166E+01, 2.282627E-01,10, 8.941677E+00,1, 0.000000E+00,0, 0.000000E+00,7, 1.372643E+01, 1.015634E+00, 2.801577E+00,NULL,NULL,1,mc_qqps,54
-21042,29,20227,161107,94C2, 9.125000E+01,40,23,63,40,23, 1.732347E+00, 7.026379E-01,-2.677667E+00, 6.230257E+01, 6.156570E+01, 1.539142E+00,-4.295624E-01, 9.985448E-01, 1.137956E-01, 9.447456E+01, 5.309396E+01, 2.033918E+01, 1.594651E+00,26, 6.219655E-01,2, 0.000000E+00,0, 0.000000E+00,18, 2.884371E+01, 5.273316E-01, 4.985425E+00,NULL,NULL,1,mc_qqps,54
-21042,30,20227,161128,94C2, 9.125000E+01,49,8,57,49,8, 1.472432E+00,-6.904520E-01,-2.120391E+00, 7.407704E+01, 7.281252E+01, 1.485970E+00, 1.180884E+01,-9.920842E+00,-1.443408E+01, 1.025601E+02, 5.356329E+01, 2.055494E+01, 4.686207E+00,9, 0.000000E+00,0, 0.000000E+00,0, 0.000000E+00,7, 2.382297E+01, 5.820759E-01, 1.301285E+01,NULL,NULL,1,mc_qqps,54
-21042,31,20227,161145,94C2, 9.125000E+01,46,14,60,46,14, 1.103413E+00, 5.244462E+00,-2.316259E-01, 5.631969E+01, 5.525171E+01, 1.201124E+00, 3.939698E-01, 2.066997E+00,-2.845423E+00, 8.119053E+01, 4.533846E+01, 5.237895E+00, 1.532078E+01,8, 1.007836E+00,2, 0.000000E+00,0, 0.000000E+00,4, 5.801182E+00, 5.203114E-01, 3.381281E+00,NULL,NULL,1,mc_qqps,54
-21042,32,20227,161203,94C2, 9.125000E+01,23,14,37,23,14, 6.060561E+00,-7.022849E-01, 5.994337E+00, 6.491431E+01, 6.457892E+01, 2.807779E+00, 1.082789E+01, 1.826088E+00, 9.901927E+00, 8.149596E+01, 6.259140E+01, 1.335659E+01, 3.957050E-01,14, 1.476939E+01,0, 0.000000E+00,0, 0.000000E+00,11, 1.527892E+01, 4.240054E-01, 3.976912E+00,1, 0.000000E+00,1,mc_qqps,54
-21042,33,20227,161217,94C2, 9.125000E+01,20,8,28,20,8, 2.629223E+01, 9.686902E-01,-2.284039E+01, 4.801830E+01, 4.778801E+01, 2.389400E+00, 8.168649E+00,-4.483445E-02,-6.815060E+00, 7.711550E+01, 4.657112E+01, 2.675061E+01, 0.000000E+00,13, 6.061692E+00,1, 0.000000E+00,0, 0.000000E+00,7, 2.887585E+01, 5.774847E-01, 2.078606E+01,NULL,NULL,1,mc_qqps,54
-21042,34,20227,161230,94C2, 9.125000E+01,19,10,29,19,10, 4.550286E+00, 8.571118E-01, 2.846425E-01, 5.384913E+01, 5.347755E+01, 2.814608E+00,-1.390623E+01,-3.220861E+00,-6.388602E+00, 9.827103E+01, 4.998185E+01, 2.517851E+01, 1.414688E+01,12, 4.278992E-01,1, 0.000000E+00,0, 0.000000E+00,8, 2.985262E+01, 5.771123E-01, 1.543338E+01,NULL,NULL,1,mc_qqps,54
-21042,35,20227,161245,94C2, 9.125000E+01,16,11,27,16,11, 3.453357E+00,-4.709395E+00, 4.987039E+00, 8.394857E+01, 8.373268E+01, 5.233293E+00, 7.499694E+00,-9.986049E+00, 8.547982E+00, 1.033596E+02, 8.012686E+01, 1.887926E+01, 0.000000E+00,16, 1.239813E+01,0, 0.000000E+00,0, 0.000000E+00,10, 1.861253E+01, 4.227858E-01, 9.059782E+00,NULL,NULL,1,mc_qqps,54
-21042,36,20227,161256,94C2, 9.125000E+01,21,14,35,21,14,-2.846554E-01, 1.459826E+00,-1.556569E+02, 2.500435E+02, 2.498018E+02, 1.189532E+01, 3.625087E-01, 8.641250E-01,-1.574480E+02, 2.687182E+02, 8.255047E+00, 1.650559E+01, 2.169074E+00,0, 0.000000E+00,15, 1.402319E+01,0, 0.000000E+00,NULL,NULL,NULL,NULL,2, 0.000000E+00,0,mc_qqps,54
-21042,37,20227,161315,94C2, 9.125000E+01,19,10,29,19,10, 2.131661E+00, 6.218396E+00,-7.779939E+00, 6.679963E+01, 6.649865E+01, 3.499929E+00, 7.724802E-01, 3.559450E+00,-4.283690E+00, 7.776004E+01, 6.466071E+01, 1.028230E+01, 6.781154E-01,3, 0.000000E+00,3, 0.000000E+00,0, 0.000000E+00,3, 4.098893E+00, 6.479207E-01, 1.936690E+00,NULL,NULL,1,mc_qqps,54
-21042,38,20227,161331,94C2, 9.125000E+01,37,19,56,37,19, 2.417650E+01,-8.715276E+00,-1.316873E+01, 9.013496E+01, 8.967233E+01, 2.423576E+00, 1.583166E+01,-6.746668E+00,-9.265599E+00, 1.113073E+02, 5.010886E+01, 1.217249E+01, 1.390392E+00,22, 9.945142E-01,0, 0.000000E+00,0, 0.000000E+00,14, 1.786902E+01, 3.867490E-01, 2.669460E+00,NULL,NULL,1,mc_qqps,54
-21042,39,20227,161347,94C2, 9.125000E+01,38,12,50,38,12, 1.249301E+01, 1.135648E+01,-8.716884E+01, 1.353533E+02, 1.344224E+02, 3.537431E+00, 1.308379E+01, 1.195653E+01,-8.543470E+01, 1.473285E+02, 1.501780E+01, 1.197512E+01, 0.000000E+00,3, 0.000000E+00,18, 6.869056E+00,0, 0.000000E+00,3, 3.127824E+00, 5.858285E-01, 1.639642E+00,NULL,NULL,1,mc_qqps,54
-21042,40,20227,161403,94C2, 9.125000E+01,24,18,42,24,18, 2.490917E+00, 7.006786E-01, 1.401444E+01, 2.769737E+01, 2.704455E+01, 1.126856E+00, 2.627368E+00, 5.001302E-01, 1.253514E+01, 5.662577E+01, 9.166981E+00, 2.772728E+01, 1.201124E+00,3, 1.421991E-01,16, 6.894842E+00,0, 0.000000E+00,2, 2.114561E+00, 4.282891E-01, 1.686272E+00,3, 0.000000E+00,0,mc_qqps,54
-21042,41,20227,161426,94C2, 9.125000E+01,19,7,26,19,7, 1.119528E+01, 1.099641E+01,-7.773127E+00, 6.462614E+01, 6.434707E+01, 3.386688E+00,-2.598739E-02,-2.536708E-01, 2.959080E+00, 9.417595E+01, 5.996204E+01, 2.725873E+01, 1.690575E-01,9, 2.140693E+00,0, 0.000000E+00,0, 0.000000E+00,5, 2.898393E+01, 5.231064E-01, 2.259554E+01,NULL,NULL,1,mc_qqps,54
-21042,42,20227,161435,94C2, 9.125000E+01,46,12,58,46,12,-6.891710E+00, 6.443867E+00, 2.475699E+00, 7.838451E+01, 7.753596E+01, 1.685564E+00,-8.312421E+00, 1.420147E+01, 4.219781E+00, 1.106154E+02, 6.843430E+01, 1.233169E+01, 1.802469E+01,11, 1.661357E-01,0, 0.000000E+00,0, 0.000000E+00,6, 1.114017E+01, 4.863169E-01, 3.902583E+00,1, 0.000000E+00,1,mc_qqps,54
-21042,43,20227,161456,94C2, 9.125000E+01,28,7,35,28,7, 3.006277E+00, 2.297850E+00,-1.954651E-02, 8.552002E+01, 8.498980E+01, 3.035350E+00,-3.808508E-01,-3.672828E+00, 1.225829E+00, 1.017432E+02, 8.253767E+01, 8.496789E+00, 7.900356E+00,9, 6.228173E+00,0, 0.000000E+00,0, 0.000000E+00,4, 7.090976E+00, 8.041285E-01, 3.353395E+00,NULL,NULL,1,mc_qqps,54
-21042,44,20227,161508,94C2, 9.125000E+01,20,13,33,20,13,-6.112953E-01,-1.828451E+00, 3.387827E+00, 4.757243E+01, 4.720649E+01, 2.360324E+00, 5.193615E+00,-6.557366E+00,-8.482031E+00, 6.748048E+01, 3.489974E+01, 1.909996E+01, 8.080902E-01,2, 4.704911E-02,13, 6.963623E+00,0, 0.000000E+00,1, 1.387043E+00, 1.387043E+00, 1.387043E+00,NULL,NULL,1,mc_qqps,54
-21042,45,20227,161525,94C2, 9.125000E+01,27,9,36,27,9, 4.626849E+00,-7.345094E+00,-9.302171E+00, 7.026522E+01, 6.998260E+01, 2.591948E+00,-1.002879E-01,-2.151451E+00,-6.844521E-02, 1.004822E+02, 6.239941E+01, 8.388221E+00, 2.083586E+01,6, 0.000000E+00,6, 0.000000E+00,0, 0.000000E+00,3, 2.919206E+00, 7.684273E-01, 1.150245E+00,NULL,NULL,1,mc_qqps,54
-21042,46,20227,161539,94C2, 9.125000E+01,24,20,44,24,20,-7.953469E-02,-7.069590E+00, 4.112691E+00, 5.201997E+01, 5.160900E+01, 2.150375E+00, 1.083140E+00, 5.727983E-01,-2.907540E-01, 8.522589E+01, 4.782272E+01, 2.585563E+01, 3.470169E+00,25, 1.683669E+01,0, 0.000000E+00,0, 0.000000E+00,17, 2.973575E+01, 6.423939E-01, 2.948546E+00,NULL,NULL,1,mc_qqps,54
-21042,47,20227,161551,94C2, 9.125000E+01,36,18,54,36,18,-7.926404E-01,-4.288156E+00, 6.674232E+00, 5.188799E+01, 5.107567E+01, 1.418769E+00, 3.786662E+00, 5.526662E+00,-7.922443E-01, 7.872015E+01, 4.813416E+01, 2.203734E+01, 1.567692E+00,16, 2.863366E+00,5, 0.000000E+00,0, 0.000000E+00,12, 2.137813E+01, 5.035853E-01, 3.785836E+00,NULL,NULL,1,mc_qqps,54
-21042,48,20227,161609,94C2, 9.125000E+01,21,22,43,21,22,-6.771965E-01, 1.150761E+01, 7.799811E+00, 3.876742E+01, 3.853682E+01, 1.835086E+00, 1.049726E+00,-9.615237E+00,-3.843470E+00, 8.437780E+01, 3.796528E+01, 3.866366E+01, 4.261844E+00,29, 2.103001E+01,0, 0.000000E+00,0, 0.000000E+00,20, 4.139367E+01, 3.501529E-01, 7.960234E+00,NULL,NULL,1,mc_qqps,54
-21042,49,20227,161621,94C2, 9.125000E+01,28,13,41,28,13, 4.685531E+00,-1.145335E+01,-9.645602E+00, 6.124832E+01, 6.061874E+01, 2.164955E+00, 1.096265E+00,-4.371352E+00,-4.273785E+00, 8.279369E+01, 5.650973E+01, 1.197897E+01, 6.777845E+00,13, 4.530943E+00,0, 0.000000E+00,0, 0.000000E+00,9, 1.444330E+01, 5.081036E-01, 3.525074E+00,NULL,NULL,1,mc_qqps,54
-21042,50,20227,161636,94C2, 9.125000E+01,23,15,38,23,15,-1.177877E+01, 1.740393E+01, 2.018295E+00, 5.283776E+01, 5.268407E+01, 2.290612E+00,-9.634909E+00, 1.598485E+01, 2.517449E+00, 7.710685E+01, 4.131870E+01, 1.569668E+01, 5.312495E+00,19, 1.784398E+01,0, 0.000000E+00,0, 0.000000E+00,11, 1.848957E+01, 4.679566E-01, 3.716378E+00,NULL,NULL,1,mc_qqps,54
-21042,51,20227,161647,94C2, 9.125000E+01,29,13,42,29,13, 1.770681E+00,-8.394665E+00, 2.634989E+01, 5.722956E+01, 5.637694E+01, 1.944032E+00, 9.649922E-01,-5.907110E+00, 1.684651E+01, 7.231380E+01, 1.834851E+01, 1.369093E+01, 6.845932E-01,3, 0.000000E+00,12, 3.852636E+00,0, 0.000000E+00,2, 1.392755E+00, 6.840428E-01, 7.087122E-01,3, 0.000000E+00,1,mc_qqps,54
-21042,52,20227,161705,94C2, 9.125000E+01,12,5,17,12,5, 1.645016E+00,-9.908744E-01,-2.907561E-01, 8.060055E+01, 8.045169E+01, 6.704308E+00, 6.204707E+00,-9.476465E+00,-8.923699E-01, 1.197515E+02, 7.932310E+01, 6.393701E+00, 2.519497E+01,3, 0.000000E+00,0, 0.000000E+00,0, 0.000000E+00,2, 7.562293E+00, 1.138872E+00, 6.423421E+00,NULL,NULL,1,mc_qqps,54
-21042,53,20227,161722,94C2, 9.125000E+01,25,25,50,25,25,-1.102643E+01,-2.861943E+00, 3.320088E+00, 5.323079E+01, 5.278363E+01, 2.111345E+00, 7.582828E+00, 1.062559E+01,-4.773830E+00, 1.004617E+02, 3.592263E+01, 2.814234E+01, 1.623400E+01,26, 8.762814E+00,0, 0.000000E+00,0, 0.000000E+00,19, 3.061996E+01, 3.873759E-01, 6.993899E+00,NULL,NULL,1,mc_qqps,54
-21042,54,20227,161736,94C2, 9.125000E+01,32,14,46,32,14, 3.859622E+00, 3.001606E-02, 1.761115E+00, 7.263112E+01, 7.229713E+01, 2.259285E+00, 2.618271E+00,-4.881534E+00,-4.181962E+00, 9.079610E+01, 6.443501E+01, 9.236387E+00, 8.950668E+00,1, 0.000000E+00,14, 7.260741E+00,0, 0.000000E+00,NULL,NULL,NULL,NULL,1, 0.000000E+00,1,mc_qqps,54
-21042,55,20227,161751,94C2, 9.125000E+01,24,9,33,24,9, 3.956710E+00, 9.635069E-01,-4.103331E+00, 3.317929E+01, 3.267284E+01, 1.361368E+00,-3.359556E-01,-2.356761E+00, 1.271375E+00, 6.529405E+01, 3.044103E+01, 2.918434E+01, 1.358446E+00,6, 2.134484E+00,4, 0.000000E+00,0, 0.000000E+00,4, 2.859663E+01, 1.571980E+00, 1.846006E+01,NULL,NULL,1,mc_qqps,54
-21042,56,20227,161804,94C2, 9.125000E+01,34,11,45,34,11,-8.773613E+00, 1.984501E+01, 7.319211E+00, 6.573293E+01, 6.445250E+01, 1.895662E+00, 6.508423E-01,-1.546481E+00, 1.917580E+00, 9.261247E+01, 4.758852E+01, 2.656721E+01, 3.123385E-01,12, 3.713993E-01,0, 0.000000E+00,0, 0.000000E+00,8, 2.518026E+01, 6.726065E-01, 1.405573E+01,NULL,NULL,1,mc_qqps,54
-21042,57,20227,161822,94C2, 9.125000E+01,45,21,66,45,21, 1.115916E+01, 4.543545E+00,-5.186893E+00, 6.904386E+01, 6.782663E+01, 1.507258E+00,-4.036098E+00, 3.818427E+00,-4.847131E+00, 1.030228E+02, 4.951170E+01, 2.785359E+01, 3.713839E+00,21, 4.694438E-01,0, 0.000000E+00,0, 0.000000E+00,16, 2.836601E+01, 2.574535E-01, 3.763141E+00,NULL,NULL,1,mc_qqps,54
-21042,58,20227,161840,94C2, 9.125000E+01,35,14,49,35,14, 6.243641E+00,-3.068490E+00, 1.033348E+00, 8.196427E+01, 8.133667E+01, 2.323905E+00, 9.707903E+00,-6.710505E+00, 5.315550E+00, 1.115679E+02, 7.108575E+01, 1.232852E+01, 1.679167E+01,6, 0.000000E+00,8, 1.509502E+00,0, 0.000000E+00,6, 8.014196E+00, 5.420511E-01, 3.885319E+00,NULL,NULL,1,mc_qqps,54
-21042,59,20227,161855,94C2, 9.125000E+01,17,26,43,17,26,-8.081318E-01,-6.683426E+00, 4.139124E+00, 2.223506E+01, 2.188664E+01, 1.287449E+00, 1.309889E+00, 5.086295E+00,-2.048888E+00, 8.075845E+01, 2.092719E+01, 5.121103E+01, 5.447805E+00,25, 3.236466E+01,0, 0.000000E+00,0, 0.000000E+00,19, 5.054630E+01, 6.329451E-01, 2.416929E+01,NULL,NULL,1,mc_qqps,54
-21042,60,20227,161909,94C2, 9.125000E+01,32,18,50,32,18,-1.198221E+01,-2.837852E+00,-1.945954E-01, 5.712323E+01, 5.643759E+01, 1.763675E+00, 1.068425E+01, 6.846919E+00, 3.581568E+00, 9.485274E+01, 5.464603E+01, 2.207010E+01, 8.540016E+00,23, 5.795880E+00,0, 0.000000E+00,0, 0.000000E+00,13, 2.737769E+01, 4.169018E-01, 9.216765E+00,NULL,NULL,1,mc_qqps,54
-21042,61,20227,161923,94C2, 9.125000E+01,29,16,45,29,16,-5.593986E+00,-7.471135E+00, 1.394061E+01, 6.502688E+01, 6.454652E+01, 2.225742E+00,-3.019023E+00,-3.031152E-01, 4.341139E+00, 8.628233E+01, 5.952378E+01, 2.125546E+01, 0.000000E+00,20, 2.687663E+00,3, 0.000000E+00,0, 0.000000E+00,13, 1.923447E+01, 4.749571E-01, 4.399492E+00,NULL,NULL,1,mc_qqps,54
-21042,62,20227,161937,94C2, 9.125000E+01,12,11,23,12,11,-1.617227E+00, 3.576069E+00, 4.590473E+00, 2.027234E+01, 2.011179E+01, 1.675983E+00,-1.054265E+00, 3.509046E+00, 5.023522E+00, 5.903543E+01, 1.823036E+01, 3.876310E+01, 0.000000E+00,2, 0.000000E+00,9, 0.000000E+00,0, 0.000000E+00,2, 2.206730E+00, 1.024597E+00, 1.182133E+00,NULL,NULL,1,mc_qqps,54
-21042,63,20227,161958,94C2, 9.125000E+01,29,19,48,29,19,-1.283550E+01,-1.192660E+01,-1.871653E+01, 4.993184E+01, 4.947180E+01, 1.705924E+00,-7.380573E+00,-6.855803E+00,-1.194241E+01, 9.793488E+01, 4.150055E+01, 3.572282E+01, 1.032260E+01,17, 1.113997E+00,3, 0.000000E+00,0, 0.000000E+00,12, 3.595860E+01, 5.238733E-01, 1.488159E+01,NULL,NULL,1,mc_qqps,54
-21042,64,20227,162014,94C2, 9.125000E+01,30,19,49,30,19, 1.305135E+01, 1.195015E+01, 2.897356E+01, 8.462756E+01, 8.408527E+01, 2.802842E+00, 5.210379E+00, 7.352020E+00, 2.644666E+01, 1.065563E+02, 3.648027E+01, 1.914185E+01, 4.810714E-01,16, 1.011940E+00,10, 0.000000E+00,0, 0.000000E+00,11, 1.657729E+01, 6.196573E-01, 5.596172E+00,NULL,NULL,1,mc_qqps,54
-21042,65,20227,162030,94C2, 9.125000E+01,15,14,29,15,14,-9.879752E+00,-1.242023E+01, 6.730967E+00, 6.100090E+01, 6.083123E+01, 4.055415E+00, 4.408408E+00, 6.053696E+00,-4.572383E+00, 9.340981E+01, 6.078780E+01, 3.008761E+01, 1.136132E+00,15, 1.021052E+01,0, 0.000000E+00,0, 0.000000E+00,11, 3.127278E+01, 8.265624E-01, 1.460762E+01,NULL,NULL,1,mc_qqps,54
-21042,66,20227,162041,94C2, 9.125000E+01,36,14,50,36,14,-1.658944E+00, 1.137281E+00,-1.543309E+00, 8.292747E+01, 8.189790E+01, 2.274942E+00, 8.421535E+00, 1.225665E+00, 2.649413E+00, 1.109603E+02, 7.497346E+01, 1.696455E+01, 0.000000E+00,18, 1.115850E+01,0, 0.000000E+00,0, 0.000000E+00,10, 2.359914E+01, 5.186168E-01, 1.019931E+01,NULL,NULL,1,mc_qqps,54
-21042,67,20227,162055,94C2, 9.125000E+01,50,23,73,50,23,-7.358101E+00, 7.284312E+00,-2.793686E+00, 6.433172E+01, 6.304074E+01, 1.260815E+00, 4.353022E+00,-1.065768E+00,-4.651797E+00, 1.076137E+02, 5.221080E+01, 2.957480E+01, 7.239323E+00,23, 6.111393E+00,0, 0.000000E+00,0, 0.000000E+00,17, 3.445746E+01, 4.861886E-01, 1.129247E+01,NULL,NULL,1,mc_qqps,54
-21042,68,20227,162111,94C2, 9.125000E+01,50,12,62,50,12, 1.753838E+01,-4.123903E+00, 4.131188E+00, 6.708049E+01, 6.592036E+01, 1.318407E+00, 1.825939E+01,-5.180820E+00, 3.829030E+00, 9.209075E+01, 5.669645E+01, 2.501027E+01, 0.000000E+00,17, 3.746250E+00,0, 0.000000E+00,0, 0.000000E+00,8, 1.625995E+01, 5.599825E-01, 3.733808E+00,NULL,NULL,1,mc_qqps,54
-21042,69,20227,162127,94C2, 9.125000E+01,28,10,38,28,10,-1.087025E+01, 3.032957E-01, 5.263115E+00, 5.915808E+01, 5.869278E+01, 2.096171E+00,-5.150149E+00,-9.091356E-01,-7.204139E-01, 8.285078E+01, 5.769318E+01, 1.792404E+01, 3.674499E+00,11, 3.617131E+00,4, 0.000000E+00,0, 0.000000E+00,6, 1.797104E+01, 3.604915E-01, 1.252381E+01,NULL,NULL,1,mc_qqps,54
-21042,70,20227,162140,94C2, 9.125000E+01,21,6,27,21,6, 7.436776E+00, 2.076580E+00, 3.255964E+00, 6.605628E+01, 6.566996E+01, 3.127141E+00, 1.608924E+01, 4.119664E+00, 5.695452E+00, 7.564515E+01, 6.511794E+01, 8.619651E+00, 0.000000E+00,15, 1.694249E+01,0, 0.000000E+00,0, 0.000000E+00,6, 9.588868E+00, 7.937402E-01, 4.700790E+00,NULL,NULL,1,mc_qqps,54
-21042,71,20227,162151,94C2, 9.125000E+01,44,24,68,44,24, 8.767444E-01, 4.047514E+00,-1.044855E+01, 5.337698E+01, 5.255243E+01, 1.194373E+00,-5.753177E-01,-4.777170E+00,-7.547073E-01, 9.604762E+01, 3.842576E+01, 3.014279E+01, 1.253206E+01,8, 1.679981E+00,14, 1.377677E+00,0, 0.000000E+00,4, 1.618491E+01, 1.549642E+00, 9.073142E+00,NULL,NULL,1,mc_qqps,54
-21042,72,20227,162209,94C2, 9.125000E+01,15,10,25,15,10, 3.811184E+00, 2.592551E+00, 2.256700E+01, 5.448287E+01, 5.436665E+01, 3.624444E+00, 4.155210E+00, 2.775209E+00, 2.425658E+01, 6.363467E+01, 5.557863E+00, 8.978090E+00, 1.737047E-01,0, 0.000000E+00,14, 3.303035E+01,0, 0.000000E+00,NULL,NULL,NULL,NULL,NULL,NULL,0,mc_qqps,54
-21042,73,20227,162218,94C2, 9.125000E+01,34,13,47,34,13,-4.181769E-01,-3.652144E+00, 7.311381E+00, 5.427242E+01, 5.359649E+01, 1.576367E+00, 4.394105E+00, 4.451109E+00, 2.323581E+00, 9.066306E+01, 4.386831E+01, 1.717538E+01, 1.877103E+01,12, 4.070285E+00,1, 0.000000E+00,0, 0.000000E+00,7, 1.396079E+01, 4.442306E-01, 4.405588E+00,NULL,NULL,1,mc_qqps,54
-21042,74,20227,162233,94C2, 9.125000E+01,16,6,22,16,6, 1.892752E+01,-1.852882E+01, 1.063539E+01, 5.699886E+01, 5.677370E+01, 3.548356E+00, 1.266469E+01,-1.121518E+01, 6.940470E+00, 7.427982E+01, 5.621339E+01, 6.413689E+00, 7.169525E+00,11, 1.707712E+01,0, 0.000000E+00,0, 0.000000E+00,5, 1.011143E+01, 6.159559E-01, 3.697740E+00,NULL,NULL,1,mc_qqps,54
-21042,75,20227,162242,94C2, 9.125000E+01,40,8,48,40,8, 2.775701E+00, 1.584639E+01,-1.583509E+01, 8.142662E+01, 8.082303E+01, 2.020576E+00, 1.489127E+00, 6.175611E+00,-6.092718E+00, 9.685253E+01, 7.676435E+01, 1.304081E+01, 0.000000E+00,10, 2.694771E+00,3, 0.000000E+00,0, 0.000000E+00,4, 1.213948E+01, 2.385108E+00, 4.277040E+00,NULL,NULL,1,mc_qqps,54
-21042,76,20227,162258,94C2, 9.125000E+01,35,15,50,35,15, 1.139880E+01, 8.268872E+00,-3.752214E+00, 5.711235E+01, 5.644017E+01, 1.612576E+00, 4.663358E+00, 2.168802E+00,-1.408241E+00, 8.946018E+01, 3.889142E+01, 2.781242E+01, 2.733949E+00,15, 1.681410E+00,1, 0.000000E+00,0, 0.000000E+00,11, 2.924005E+01, 4.607196E-01, 9.455664E+00,NULL,NULL,1,mc_qqps,54
-21042,77,20227,162315,94C2, 9.125000E+01,28,17,45,28,17,-4.681863E+00,-5.846534E+00, 1.030665E+00, 6.129853E+01, 6.088449E+01, 2.174446E+00, 6.061497E+00, 5.496160E+00,-1.623278E+01, 1.104616E+02, 5.982112E+01, 3.271183E+01, 1.645288E+01,13, 5.317738E-01,3, 0.000000E+00,0, 0.000000E+00,8, 2.708933E+01, 3.570325E-01, 6.258118E+00,NULL,NULL,1,mc_qqps,54
-21042,78,20227,162330,94C2, 9.125000E+01,24,14,38,24,14,-7.134934E-01,-9.693747E-01, 1.295920E+00, 5.080789E+01, 5.037318E+01, 2.098882E+00,-1.354142E+00,-3.235196E+00, 2.164886E+00, 7.088840E+01, 2.999770E+01, 2.008050E+01, 0.000000E+00,2, 0.000000E+00,16, 2.020677E+01,0, 0.000000E+00,2, 3.166824E+00, 1.513548E+00, 1.653277E+00,2, 0.000000E+00,1,mc_qqps,54
-21042,79,20227,162343,94C2, 9.125000E+01,12,10,22,12,10, 1.543419E+01,-1.376623E-01, 5.255339E+00, 6.573438E+01, 6.563697E+01, 5.469748E+00, 3.332871E+00,-1.664683E+00, 3.292727E+00, 9.493855E+01, 6.524653E+01, 1.320533E+01, 1.501426E+01,8, 3.152105E+00,0, 0.000000E+00,0, 0.000000E+00,6, 1.383825E+01, 7.432538E-01, 4.325532E+00,NULL,NULL,1,mc_qqps,54
-21042,80,20227,162355,94C2, 9.125000E+01,30,13,43,30,13, 5.192017E+00,-5.053340E+00, 3.757679E+00, 7.667300E+01, 7.608103E+01, 2.536034E+00, 5.845198E+00,-3.079870E+00, 4.389790E+00, 9.592715E+01, 7.421220E+01, 1.323637E+01, 2.450435E-01,15, 7.395130E+00,0, 0.000000E+00,0, 0.000000E+00,11, 1.872084E+01, 5.562893E-01, 4.473572E+00,NULL,NULL,1,mc_qqps,54
-21042,81,20227,162408,94C2, 9.125000E+01,11,16,27,11,16,-1.031100E+01, 5.128022E+00, 5.752443E+01, 9.557388E+01, 9.549117E+01, 8.681016E+00,-8.612899E+00, 5.004867E+00, 5.595155E+01, 1.168486E+02, 3.031722E+01, 2.061810E+01, 6.566107E-01,0, 0.000000E+00,17, 5.769675E+00,0, 0.000000E+00,NULL,NULL,NULL,NULL,1, 0.000000E+00,1,mc_qqps,54
-21042,82,20227,162419,94C2, 9.125000E+01,29,14,43,29,14,-8.825836E+00, 4.699710E+00, 1.068969E+01, 4.140188E+01, 4.081063E+01, 1.407263E+00,-1.875193E+01, 1.103668E+01, 2.829748E+01, 8.182861E+01, 3.627665E+01, 2.447653E+01, 1.486506E+01,4, 0.000000E+00,9, 2.594682E-01,0, 0.000000E+00,2, 1.620467E+00, 5.129724E-01, 1.107494E+00,NULL,NULL,1,mc_qqps,54
-21042,83,20227,162439,94C2, 9.125000E+01,26,12,38,26,12,-1.053036E+01, 3.438172E+00, 6.217697E+00, 7.273083E+01, 7.247728E+01, 2.787588E+00, 7.909480E-02, 3.106264E+00,-2.396096E+00, 8.922800E+01, 7.212731E+01, 1.002623E+01, 6.495659E+00,13, 1.367551E+00,0, 0.000000E+00,0, 0.000000E+00,8, 8.634262E+00, 5.877518E-01, 2.526368E+00,NULL,NULL,1,mc_qqps,54
-21042,84,20227,162451,94C2, 9.125000E+01,24,15,39,24,15,-1.234050E+01, 7.910092E+00,-1.273629E+01, 6.741078E+01, 6.706539E+01, 2.794391E+00,-6.441128E+00, 2.055892E+00,-5.389369E+00, 9.635129E+01, 5.689302E+01, 2.506796E+01, 1.181414E-01,17, 2.422244E+00,0, 0.000000E+00,0, 0.000000E+00,13, 2.811458E+01, 4.627720E-01, 6.103017E+00,NULL,NULL,1,mc_qqps,54
-21042,85,20227,162503,94C2, 9.125000E+01,30,7,37,30,7, 6.224658E+00,-1.144106E-02, 1.471885E+00, 6.574239E+01, 6.476520E+01, 2.158840E+00, 1.921868E+00, 5.408906E-01, 1.195104E+00, 8.104076E+01, 6.382573E+01, 1.386000E+01, 0.000000E+00,15, 1.530940E+00,0, 0.000000E+00,0, 0.000000E+00,7, 1.529837E+01, 4.586229E-01, 5.136097E+00,NULL,NULL,1,mc_qqps,54
-21042,86,20227,162519,94C2, 9.125000E+01,38,10,48,38,10, 3.784941E+00,-3.329591E-01,-8.926316E+00, 5.397136E+01, 5.326976E+01, 1.401836E+00,-2.863322E+00, 3.492975E+00, 2.456046E+00, 7.355611E+01, 4.246748E+01, 9.998659E+00, 8.492253E+00,5, 1.674559E-01,9, 4.087970E-01,0, 0.000000E+00,4, 9.111063E+00, 1.053651E+00, 4.417365E+00,NULL,NULL,1,mc_qqps,54
-21042,87,20227,162538,94C2, 9.125000E+01,23,13,36,23,13, 2.638680E+00,-1.661905E+00,-1.141069E-01, 4.862400E+01, 4.820171E+01, 2.095726E+00,-8.752054E+00, 1.029758E+01,-5.686436E+00, 8.248193E+01, 4.360680E+01, 2.652284E+01, 3.036309E+00,14, 5.997754E+00,0, 0.000000E+00,0, 0.000000E+00,9, 3.099859E+01, 7.175199E-01, 7.953186E+00,NULL,NULL,1,mc_qqps,54
-21042,88,20227,162550,94C2, 9.125000E+01,23,10,33,23,10, 4.361813E+00, 1.793906E+00, 7.918968E-01, 7.152336E+01, 7.116625E+01, 3.094185E+00, 4.774616E+00, 1.878239E+00,-9.631557E-01, 1.219102E+02, 6.229528E+01, 1.053416E+01, 3.986015E+01,2, 0.000000E+00,6, 6.321600E-01,0, 0.000000E+00,1, 7.519085E-01, 7.519085E-01, 7.519085E-01,NULL,NULL,1,mc_qqps,54
-21042,89,20227,162607,94C2, 9.125000E+01,23,7,30,23,7,-8.284489E+00,-1.755783E-01, 1.833005E+00, 5.407053E+01, 5.376151E+01, 2.337457E+00, 9.797195E+00, 2.276445E+00,-1.247415E+00, 7.647939E+01, 5.330886E+01, 2.069050E+01, 1.725301E+00,11, 9.418125E+00,0, 0.000000E+00,0, 0.000000E+00,5, 2.069050E+01, 9.618291E-01, 1.000824E+01,NULL,NULL,1,mc_qqps,54
-21042,90,20227,162619,94C2, 9.125000E+01,46,14,60,46,14, 2.176832E+00, 3.859038E+01, 9.881894E+00, 1.145246E+02, 1.136661E+02, 2.471003E+00,-2.099512E-01, 5.091843E+01, 1.319793E+01, 1.475844E+02, 9.406742E+01, 3.106582E+01, 2.072434E+00,15, 4.183899E+00,1, 0.000000E+00,0, 0.000000E+00,7, 2.770772E+01, 4.712688E-01, 1.802245E+01,NULL,NULL,1,mc_qqps,54
-21042,91,20227,162636,94C2, 9.125000E+01,36,5,41,36,5, 1.302877E+00, 7.964644E-01, 3.605645E-01, 9.145330E+01, 8.944810E+01, 2.484669E+00, 1.916998E+00, 1.782650E-01, 1.097010E+00, 9.792533E+01, 8.661447E+01, 6.232661E+00, 2.393617E-01,6, 6.584332E+00,0, 0.000000E+00,0, 0.000000E+00,2, 2.655389E+00, 9.248851E-01, 1.730504E+00,NULL,NULL,1,mc_qqps,54
-21042,92,20227,162647,94C2, 9.125000E+01,24,17,41,24,17,-6.820692E-01, 1.726741E+00,-7.991443E-01, 2.708671E+01, 2.654647E+01, 1.106103E+00,-4.877145E+00,-2.265282E+00,-1.202057E+01, 5.026192E+01, 2.334062E+01, 9.918255E+00, 1.357326E+01,3, 0.000000E+00,9, 0.000000E+00,0, 0.000000E+00,2, 3.073126E+00, 8.163360E-01, 2.256790E+00,NULL,NULL,1,mc_qqps,54
-21042,93,20227,162703,94C2, 9.125000E+01,32,16,48,32,16, 4.963608E+00,-1.856697E-01, 4.620212E-01, 5.519650E+01, 5.448322E+01, 1.702601E+00, 1.796919E+00,-2.393992E+00,-2.701268E+00, 9.208308E+01, 5.063306E+01, 3.296406E+01, 4.509332E-01,16, 7.636323E+00,0, 0.000000E+00,0, 0.000000E+00,14, 3.643566E+01, 3.255863E-01, 1.044626E+01,NULL,NULL,1,mc_qqps,54
-21042,94,20227,162718,94C2, 9.125000E+01,25,10,35,25,10,-7.152507E+01,-1.832418E+02, 5.381114E+01, 2.685397E+02, 2.681471E+02, 1.072589E+01,-7.247397E+01,-1.858469E+02, 5.481208E+01, 3.011989E+02, 2.658697E+02, 3.062347E+01, 2.035682E+00,15, 9.338671E+00,0, 0.000000E+00,0, 0.000000E+00,7, 2.159899E+01, 6.520194E-01, 8.752318E+00,NULL,NULL,1,mc_qqps,54
-21042,95,20227,162731,94C2, 9.125000E+01,35,16,51,35,16,-4.451709E-01,-2.607291E+00, 1.089072E+00, 1.034942E+02, 1.026177E+02, 2.931936E+00, 1.963508E-01,-1.529889E+00, 8.570694E+00, 1.236246E+02, 1.728118E+01, 1.300824E+01, 7.122140E+00,2, 0.000000E+00,16, 7.629109E+00,0, 0.000000E+00,2, 9.608555E-01, 3.462958E-01, 6.145597E-01,2, 0.000000E+00,1,mc_qqps,54
-21042,96,20227,162750,94C2, 9.125000E+01,32,17,49,32,17, 1.037132E+00, 1.967110E+00, 1.556144E+00, 5.171009E+01, 5.091453E+01, 1.591079E+00, 2.319543E-01,-3.571240E+00,-1.921519E+00, 8.034068E+01, 4.427677E+01, 2.706522E+01, 1.565385E+00,12, 2.754233E+00,4, 0.000000E+00,0, 0.000000E+00,7, 1.278915E+01, 5.165415E-01, 4.245513E+00,2, 0.000000E+00,1,mc_qqps,54
-21042,97,20227,162807,94C2, 9.125000E+01,22,10,32,22,10, 3.872310E+00,-2.466148E+00, 1.777291E+00, 4.930164E+01, 4.876466E+01, 2.216575E+00, 1.390093E+01,-1.344651E+01, 1.599766E+01, 7.568926E+01, 4.607479E+01, 1.894180E+01, 0.000000E+00,9, 3.950400E+00,1, 0.000000E+00,0, 0.000000E+00,7, 2.349149E+01, 6.162619E-01, 7.447069E+00,NULL,NULL,1,mc_qqps,54
-21042,98,20227,162821,94C2, 9.125000E+01,47,15,62,47,15,-6.521399E+00, 3.777894E+00,-7.595395E+00, 8.065244E+01, 7.965741E+01, 1.694839E+00, 1.094330E+01, 1.465494E+01,-8.747882E+00, 1.104179E+02, 5.974761E+01, 2.479628E+01, 4.564210E+00,17, 2.004139E+00,0, 0.000000E+00,0, 0.000000E+00,11, 1.673216E+01, 4.848970E-01, 4.539617E+00,NULL,NULL,1,mc_qqps,54
-21042,99,20227,162838,94C2, 9.125000E+01,41,14,55,41,14,-7.436666E+00, 6.797467E+00,-5.511026E+00, 1.326950E+02, 1.321906E+02, 3.224162E+00,-6.943970E+00, 4.533166E+00,-6.788237E+00, 1.492757E+02, 2.807635E+01, 1.630057E+01, 2.800735E-01,1, 0.000000E+00,19, 4.328135E+00,0, 0.000000E+00,1, 2.083652E+00, 2.083652E+00, 2.083652E+00,NULL,NULL,1,mc_qqps,54
-21042,100,20227,162855,94C2, 9.125000E+01,9,4,13,9,4,-1.078975E+01,-2.005860E+01, 2.492721E+00, 2.365718E+01, 2.341814E+01, 2.602015E+00, 6.482325E+00, 1.329811E+01,-1.752674E+00, 7.227869E+01, 2.305077E+01, 4.295265E+01, 5.668863E+00,4, 2.637786E+01,0, 0.000000E+00,0, 0.000000E+00,2, 4.295265E+01, 3.207653E+00, 3.974500E+01,NULL,NULL,1,mc_qqps,54
-21042,101,20227,162906,94C2, 9.125000E+01,40,14,54,40,14,-9.828197E+00,-1.290634E+00, 1.181456E+00, 4.533817E+01, 4.429095E+01, 1.107274E+00,-1.453847E+01,-1.958912E+00, 3.967611E+00, 8.290359E+01, 3.050356E+01, 3.684379E+01, 7.216365E-01,15, 2.801426E+00,0, 0.000000E+00,0, 0.000000E+00,11, 3.600943E+01, 7.036949E-01, 1.398048E+01,NULL,NULL,1,mc_qqps,54
-21042,102,20227,162921,94C2, 9.125000E+01,40,18,58,40,18, 1.367311E+00, 7.584537E+00,-2.571709E+00, 6.534939E+01, 6.435993E+01, 1.608998E+00, 5.233088E+00,-8.592663E+00, 5.434592E+00, 1.057101E+02, 5.644269E+01, 3.641000E+01, 4.389061E-01,18, 3.234921E+00,1, 0.000000E+00,0, 0.000000E+00,12, 2.728569E+01, 5.456220E-01, 9.774548E+00,NULL,NULL,1,mc_qqps,54
-21042,103,20227,162936,94C2, 9.125000E+01,26,19,45,26,19,-7.066444E+00, 1.346466E+01,-7.584683E+00, 5.376106E+01, 5.322614E+01, 2.047159E+00, 1.689100E+00, 2.861125E+00, 8.839363E-02, 8.882533E+01, 4.457739E+01, 2.996581E+01, 2.255745E+00,21, 8.149584E+00,0, 0.000000E+00,0, 0.000000E+00,15, 3.156774E+01, 3.806053E-01, 1.503696E+01,NULL,NULL,1,mc_qqps,54
-21042,104,20227,162950,94C2, 9.125000E+01,36,13,49,36,13,-6.822886E-01,-2.080618E+00, 3.465342E+00, 5.857008E+01, 5.792490E+01, 1.609025E+00,-7.202734E-01,-1.778057E+00, 6.449970E+00, 7.606554E+01, 5.274931E+01, 8.530069E+00, 6.553839E+00,8, 1.909629E+00,9, 0.000000E+00,0, 0.000000E+00,6, 6.005472E+00, 4.250175E-01, 2.915605E+00,NULL,NULL,1,mc_qqps,54
-21042,105,20227,163003,94C2, 9.125000E+01,23,18,41,23,18,-4.357984E+00, 4.714262E-01,-9.603707E+00, 6.435857E+01, 6.400340E+01, 2.782757E+00,-9.156389E+00, 3.052693E+00,-1.861468E+01, 8.358792E+01, 6.142484E+01, 1.876255E+01, 4.667997E-01,2, 0.000000E+00,19, 5.769596E+00,0, 0.000000E+00,1, 9.626740E-01, 9.626740E-01, 9.626740E-01,1, 0.000000E+00,1,mc_qqps,54
-21042,106,20227,163017,94C2, 9.125000E+01,48,23,71,48,23,-8.475763E+00,-1.346732E+01,-6.400378E+01, 1.411394E+02, 1.397291E+02, 2.911022E+00,-9.115874E+00,-1.402659E+01,-6.835780E+01, 1.599199E+02, 1.994261E+01, 1.787874E+01, 9.017202E-01,1, 0.000000E+00,21, 1.285171E+01,0, 0.000000E+00,1, 5.205802E-01, 5.205802E-01, 5.205802E-01,5, 0.000000E+00,1,mc_qqps,54
-21042,107,20227,163039,94C2, 9.125000E+01,39,12,51,39,12, 1.767353E+00, 4.578253E+00, 6.564967E-01, 6.565783E+01, 6.447643E+01, 1.653242E+00,-6.070704E+00,-9.151556E-01, 4.810101E+00, 1.013020E+02, 6.124592E+01, 3.901981E+00, 2.579916E+01,10, 9.225249E+00,1, 0.000000E+00,0, 0.000000E+00,5, 8.711381E+00, 6.415526E-01, 3.563499E+00,NULL,NULL,1,mc_qqps,54
-21042,108,20227,163055,94C2, 9.125000E+01,36,19,55,36,19,-1.996399E+00, 6.246458E+00, 6.519080E+00, 5.824472E+01, 5.750662E+01, 1.597406E+00,-2.206504E+00, 7.556233E+00, 5.014474E+00, 7.317567E+01, 3.798372E+01, 9.631521E+00, 5.349495E+00,6, 1.793825E-01,12, 6.047163E-01,0, 0.000000E+00,2, 1.273036E+00, 6.189289E-01, 6.541073E-01,NULL,NULL,1,mc_qqps,54
-21042,109,20227,163111,94C2, 9.125000E+01,24,12,36,24,12, 9.442348E+00,-7.809091E+00, 3.237927E+00, 6.123180E+01, 6.072422E+01, 2.530176E+00, 1.876473E+00,-3.925560E-01,-6.404316E-01, 7.914478E+01, 6.068727E+01, 1.535282E+01, 1.385165E+00,22, 6.626454E+00,0, 0.000000E+00,0, 0.000000E+00,11, 1.652782E+01, 4.517757E-01, 6.052196E+00,NULL,NULL,1,mc_qqps,54
-21042,110,20227,163125,94C2, 9.125000E+01,26,21,47,26,21, 1.327523E+00,-1.685478E+00,-1.171053E-01, 3.325251E+01, 3.288430E+01, 1.264781E+00, 4.989199E+00,-6.558441E+00,-9.102088E+00, 6.038217E+01, 2.210492E+01, 2.473462E+01, 9.919066E-01,13, 1.401801E-01,6, 0.000000E+00,0, 0.000000E+00,10, 9.254811E+00, 4.614465E-01, 1.879052E+00,NULL,NULL,1,mc_qqps,54
-21042,111,20227,163142,94C2, 9.125000E+01,36,15,51,36,15, 1.137213E+00,-1.871210E+00, 2.599897E+00, 6.262356E+01, 6.171806E+01, 1.714391E+00, 2.725115E+00,-1.207447E-01, 4.362530E+00, 7.881873E+01, 5.021265E+01, 1.177889E+01, 4.416277E+00,3, 3.584823E+00,18, 1.934995E+01,0, 0.000000E+00,1, 4.419232E-01, 4.419232E-01, 4.419232E-01,NULL,NULL,1,mc_qqps,54
-21042,112,20227,163156,94C2, 9.125000E+01,33,15,48,33,15,-1.494903E+00, 3.698089E-01,-5.937636E-01, 7.897266E+01, 7.852442E+01, 2.379528E+00, 8.221507E-01,-5.796439E+00, 1.226015E+01, 1.208789E+02, 6.772873E+01, 1.459116E+01, 2.743694E+01,3, 1.468986E-01,18, 9.853112E+00,0, 0.000000E+00,NULL,NULL,NULL,NULL,NULL,NULL,1,mc_qqps,54
-21042,113,20227,163210,94C2, 9.125000E+01,36,18,54,36,18, 7.683817E-02, 6.562127E+00, 3.548959E-02, 4.878793E+01, 4.818605E+01, 1.338501E+00, 3.386992E-02, 4.527907E+00,-3.156672E-02, 6.476716E+01, 4.263634E+01, 1.135419E+01, 2.215733E+00,13, 1.569613E+00,5, 2.970060E-01,0, 0.000000E+00,8, 7.517170E+00, 3.572576E-01, 1.707115E+00,1, 0.000000E+00,1,mc_qqps,54
-21042,114,20227,163225,94C2, 9.125000E+01,17,13,30,17,13,-7.050660E+00,-1.363693E+01,-9.375623E+00, 5.451454E+01, 5.434322E+01, 3.196660E+00,-1.399490E+00,-4.160575E+00,-3.739584E+00, 8.122462E+01, 5.259254E+01, 2.604939E+01, 0.000000E+00,18, 1.322728E+01,0, 0.000000E+00,0, 0.000000E+00,13, 2.671009E+01, 6.398619E-01, 4.290565E+00,NULL,NULL,1,mc_qqps,54
-21042,115,20227,163238,94C2, 9.125000E+01,25,16,41,25,16, 2.157404E+00,-4.022876E+00, 3.610195E+01, 4.699200E+01, 4.660298E+01, 1.864119E+00, 2.075338E+00,-6.478822E+00, 4.223246E+01, 6.957870E+01, 1.613805E+01, 1.661433E+01, 5.972370E+00,3, 3.124511E-01,14, 6.063670E+00,0, 0.000000E+00,NULL,NULL,NULL,NULL,3, 0.000000E+00,1,mc_qqps,54
-21042,116,20227,163256,94C2, 9.125000E+01,31,8,39,31,8,-4.728130E+00, 1.665343E+01,-2.221939E+00, 4.198475E+01, 4.120116E+01, 1.329070E+00, 1.202655E+01,-3.105913E+01, 7.802662E+00, 9.816711E+01, 3.557942E+01, 5.506579E+01, 0.000000E+00,8, 2.707256E+00,0, 0.000000E+00,0, 0.000000E+00,6, 3.627126E+01, 5.811901E-01, 2.459132E+01,NULL,NULL,1,mc_qqps,54
-21042,117,20227,163311,94C2, 9.125000E+01,36,16,52,36,16, 1.830534E+01, 4.101616E+00, 8.552386E+00, 5.692689E+01, 5.621454E+01, 1.561515E+00, 1.725111E+01, 2.222515E+00, 5.900250E+00, 1.066695E+02, 4.334002E+01, 2.192393E+01, 2.195553E+01,16, 1.783629E-01,1, 0.000000E+00,0, 0.000000E+00,10, 2.004390E+01, 4.149652E-01, 5.557559E+00,NULL,NULL,1,mc_qqps,54
-21042,118,20227,163326,94C2, 9.125000E+01,27,10,37,27,10,-6.561461E+00, 1.800719E+00, 1.462187E+01, 9.347787E+01, 9.306093E+01, 3.446701E+00,-7.304648E+00, 2.171963E+00, 1.727948E+01, 1.012416E+02, 6.468999E+01, 5.193039E+00, 2.570706E+00,1, 0.000000E+00,11, 1.029901E+01,0, 0.000000E+00,NULL,NULL,NULL,NULL,NULL,NULL,1,mc_qqps,54
-21042,119,20227,163339,94C2, 9.125000E+01,39,25,64,39,25, 4.995487E+00, 1.400193E+00, 2.392278E+00, 6.507505E+01, 6.439288E+01, 1.651099E+00,-2.745120E+00, 2.258215E+00,-1.074622E+00, 1.103082E+02, 5.510741E+01, 3.494393E+01, 5.155544E+00,19, 4.372772E+00,3, 0.000000E+00,0, 0.000000E+00,16, 3.410454E+01, 3.423784E-01, 8.024596E+00,NULL,NULL,1,mc_qqps,54
-21042,120,20227,163353,94C2, 9.125000E+01,19,10,29,19,10,-1.593192E+00, 1.028615E+00,-2.850975E+00, 6.154303E+01, 6.137011E+01, 3.230006E+00,-4.750527E+00, 1.964350E+00,-4.102438E+00, 8.755138E+01, 5.326362E+01, 2.084894E+01, 4.218951E+00,12, 5.243289E+00,0, 0.000000E+00,0, 0.000000E+00,7, 2.123640E+01, 9.037356E-01, 1.066621E+01,NULL,NULL,1,mc_qqps,54
-21042,121,20227,163405,94C2, 9.125000E+01,36,14,50,36,14,-6.387373E+00,-2.790602E+00,-1.370032E+01, 5.837170E+01, 5.777198E+01, 1.604777E+00,-6.791884E+00,-9.797500E-01,-1.104612E+01, 7.992430E+01, 4.813879E+01, 1.932426E+01, 2.228338E+00,10, 3.500904E+00,0, 0.000000E+00,0, 0.000000E+00,6, 1.366512E+01, 5.610474E-01, 7.132904E+00,NULL,NULL,1,mc_qqps,54
-21042,122,20227,163428,94C2, 9.125000E+01,19,11,30,19,11, 1.506764E+00,-3.693954E+00,-5.570584E+00, 6.888080E+01, 6.858968E+01, 3.609983E+00, 8.896307E-01,-2.671778E+00,-3.534036E+00, 7.474571E+01, 6.771375E+01, 4.442483E+00, 0.000000E+00,11, 3.700164E+00,4, 3.412422E-01,0, 0.000000E+00,7, 3.789547E+00, 2.230595E-01, 7.747858E-01,NULL,NULL,1,mc_qqps,54
-21042,123,20227,163445,94C2, 9.125000E+01,19,5,24,19,5,-1.170175E+00,-2.708130E+00,-3.903176E+00, 4.858781E+01, 4.840263E+01, 2.547507E+00,-7.694998E-01,-6.573375E+00,-3.026891E+00, 8.665872E+01, 4.387787E+01, 2.292214E+01, 1.120017E+01,8, 5.268388E-01,0, 0.000000E+00,0, 0.000000E+00,4, 2.687074E+01, 1.347673E+00, 1.798384E+01,NULL,NULL,1,mc_qqps,54
-21042,124,20227,163455,94C2, 9.125000E+01,24,6,30,24,6, 1.372087E+01,-8.254446E+00, 1.904581E+01, 6.864683E+01, 6.841155E+01, 2.850481E+00, 1.963323E+01,-1.145765E+01, 2.686489E+01, 7.900690E+01, 6.891913E+01, 9.200051E+00, 0.000000E+00,7, 2.194685E-01,3, 4.452173E-01,0, 0.000000E+00,3, 2.318989E+00, 5.609235E-01, 1.160016E+00,NULL,NULL,1,mc_qqps,54
-21042,125,20227,163506,94C2, 9.125000E+01,58,18,76,58,18,-3.873528E+00, 2.201851E+00, 3.049096E+00, 7.077034E+01, 6.908146E+01, 1.191060E+00, 2.435722E+00, 9.299815E-02, 6.166778E+00, 1.064264E+02, 4.555551E+01, 2.944423E+01, 6.211821E+00,20, 9.560304E-01,0, 0.000000E+00,0, 0.000000E+00,13, 2.827271E+01, 3.303387E-01, 5.507907E+00,NULL,NULL,1,mc_qqps,54
-21042,126,20227,163522,94C2, 9.125000E+01,35,17,52,35,17, 9.516319E+00, 5.603379E+00, 7.144945E+00, 5.972307E+01, 5.905590E+01, 1.687311E+00, 1.210734E+01,-1.865867E+00, 1.917606E+00, 1.127748E+02, 5.424683E+01, 3.559764E+01, 1.681970E+01,16, 6.626142E-01,0, 0.000000E+00,0, 0.000000E+00,12, 3.011746E+01, 4.706373E-01, 8.573916E+00,NULL,NULL,1,mc_qqps,54
-21042,127,20227,163538,94C2, 9.125000E+01,59,20,79,59,20, 7.799587E-01,-5.892697E+00, 2.827066E+00, 5.838283E+01, 5.570710E+01, 9.441881E-01, 8.458248E+00,-4.017345E+00, 2.953239E+00, 8.908052E+01, 5.163707E+01, 1.854938E+01, 2.301775E+00,22, 7.679389E+00,0, 0.000000E+00,0, 0.000000E+00,15, 2.744036E+01, 4.935085E-01, 7.917065E+00,NULL,NULL,1,mc_qqps,54
-21042,128,20227,163557,94C2, 9.125000E+01,17,11,28,17,11, 3.307103E+00, 3.415669E+00, 3.290858E+01, 5.284671E+01, 5.263450E+01, 3.096147E+00, 1.042618E+01, 8.777498E-01, 2.101803E+01, 8.775012E+01, 3.511965E+01, 3.269512E+01, 0.000000E+00,4, 3.845157E+00,11, 7.906877E+00,0, 0.000000E+00,2, 2.990664E+00, 7.823755E-01, 2.208288E+00,1, 0.000000E+00,1,mc_qqps,54
-21042,129,20227,163630,94C2, 9.125000E+01,37,12,49,37,12, 6.607364E-01, 1.159514E+00,-1.070280E+00, 7.559750E+01, 7.484647E+01, 2.022878E+00, 1.654700E+00, 5.360067E-02,-1.357957E-01, 9.121597E+01, 7.251118E+01, 9.094999E+00, 1.994673E+00,15, 3.662297E+00,0, 0.000000E+00,0, 0.000000E+00,7, 1.196839E+01, 7.747098E-01, 2.815161E+00,NULL,NULL,1,mc_qqps,54
-21042,130,20227,163643,94C2, 9.125000E+01,52,14,66,52,14, 5.749766E+00,-1.837404E+01,-8.948484E+01, 1.540755E+02, 1.523752E+02, 2.930292E+00, 5.145389E+00,-1.454217E+01,-8.268444E+01, 1.719730E+02, 4.434013E+01, 1.740875E+01, 4.887028E-01,12, 1.781595E+00,3, 0.000000E+00,0, 0.000000E+00,9, 1.318091E+01, 4.370088E-01, 6.499609E+00,NULL,NULL,1,mc_qqps,54
-21042,131,20227,163700,94C2, 9.125000E+01,15,10,25,15,10,-3.265241E+00,-1.494952E+00,-4.450086E+00, 7.141727E+01, 7.121359E+01, 4.747573E+00,-2.552341E+00,-2.096741E+00,-3.815983E+00, 9.346559E+01, 6.690985E+01, 1.056845E+01, 1.148288E+01,5, 0.000000E+00,4, 0.000000E+00,0, 0.000000E+00,4, 4.774112E+00, 5.729589E-01, 1.913354E+00,NULL,NULL,1,mc_qqps,54
-21042,132,20227,163715,94C2, 9.125000E+01,26,12,38,26,12,-1.443659E+00,-2.255098E+00,-5.061848E-01, 7.437872E+01, 7.371876E+01, 2.835337E+00,-3.641212E+00, 1.320370E+01, 6.125691E+00, 1.060285E+02, 6.798678E+01, 1.179859E+01, 1.835810E+01,14, 1.231317E+01,0, 0.000000E+00,0, 0.000000E+00,9, 1.036522E+01, 5.542963E-01, 2.443004E+00,NULL,NULL,1,mc_qqps,54
-21042,133,20227,163728,94C2, 9.125000E+01,40,15,55,40,15, 6.048061E-01, 8.776211E-01, 3.192042E-01, 4.703035E+01, 4.599211E+01, 1.149803E+00, 9.323586E+00,-2.055764E+01, 1.961878E+00, 8.482201E+01, 4.009953E+01, 3.071511E+01, 6.362677E+00,17, 1.140792E+01,0, 0.000000E+00,0, 0.000000E+00,12, 2.917632E+01, 3.990771E-01, 1.525124E+01,NULL,NULL,1,mc_qqps,54
-21042,134,20227,163742,94C2, 9.125000E+01,36,20,56,36,20, 5.482782E+00, 5.176597E+00,-1.398995E+01, 4.363567E+01, 4.282917E+01, 1.189699E+00, 6.872594E+00, 4.816356E+00,-1.228536E+01, 7.666579E+01, 3.452481E+01, 3.114340E+01, 1.886713E+00,1, 0.000000E+00,19, 4.604140E+00,0, 0.000000E+00,1, 3.128273E+00, 3.128273E+00, 3.128273E+00,1, 0.000000E+00,1,mc_qqps,54
-21042,135,20227,163800,94C2, 9.125000E+01,32,18,50,32,18, 2.142700E+00, 1.273011E+00,-1.250451E+01, 6.348354E+01, 6.305573E+01, 1.970492E+00, 4.354276E+00, 4.351489E+00,-1.157122E+01, 9.440939E+01, 6.044018E+01, 2.394884E+01, 7.002025E+00,7, 1.853770E-01,14, 2.904557E+00,0, 0.000000E+00,5, 6.768153E+00, 8.671485E-01, 1.773826E+00,2, 0.000000E+00,1,mc_qqps,54
-21042,136,20227,163815,94C2, 9.125000E+01,23,15,38,23,15, 3.269553E-01,-1.300251E+00,-2.080040E+00, 5.267661E+01, 5.231367E+01, 2.274507E+00, 7.412967E+00, 1.859413E-01,-3.548113E+00, 9.399220E+01, 4.912897E+01, 4.074752E+01, 5.687878E-01,16, 7.269034E+00,0, 0.000000E+00,0, 0.000000E+00,10, 3.340809E+01, 3.605636E-01, 1.294328E+01,NULL,NULL,1,mc_qqps,54
-21042,137,20227,163829,94C2, 9.125000E+01,27,14,41,27,14,-1.106730E-01, 1.308584E+00,-4.978411E+00, 6.425535E+01, 6.363116E+01, 2.356710E+00, 1.272350E+01,-9.301641E+00, 8.568144E+00, 9.738042E+01, 6.218940E+01, 1.798359E+01, 1.514147E+01,11, 2.797934E-01,1, 0.000000E+00,0, 0.000000E+00,8, 1.442100E+01, 8.647138E-01, 2.889999E+00,NULL,NULL,1,mc_qqps,54
-21042,138,20227,163847,94C2, 9.125000E+01,30,13,43,30,13, 1.578334E-01,-1.647176E+00,-2.549070E+00, 6.675354E+01, 6.609646E+01, 2.203215E+00, 4.020291E+00,-2.395299E+00,-7.261944E+00, 7.586972E+01, 6.053786E+01, 6.817435E+00, 9.804882E-01,3, 0.000000E+00,7, 0.000000E+00,0, 0.000000E+00,2, 2.027271E+00, 7.090141E-01, 1.318257E+00,NULL,NULL,1,mc_qqps,54
-21042,139,20227,163902,94C2, 9.125000E+01,38,13,51,38,13, 4.023796E+00, 2.648857E+00,-4.911301E+00, 8.297126E+01, 8.248833E+01, 2.170745E+00,-1.644432E+01, 3.325762E+00, 1.018967E+01, 1.188440E+02, 5.589989E+01, 1.436208E+01, 2.151797E+01,10, 4.873960E+00,1, 0.000000E+00,0, 0.000000E+00,5, 1.312560E+01, 4.825668E-01, 9.987838E+00,1, 0.000000E+00,1,mc_qqps,54
-21042,140,20227,163918,94C2, 9.125000E+01,26,14,40,26,14, 5.695586E+00,-6.076189E+00, 1.568017E+01, 7.533626E+01, 7.486867E+01, 2.879564E+00, 6.704781E+00,-5.406972E+00, 1.310827E+01, 8.708023E+01, 7.005919E+01, 1.164689E+01, 9.707841E-02,10, 2.727620E-01,8, 0.000000E+00,0, 0.000000E+00,7, 7.105057E+00, 6.337770E-01, 1.538692E+00,NULL,NULL,1,mc_qqps,54
-21042,141,20227,163933,94C2, 9.125000E+01,19,16,35,19,16, 6.102981E+00,-2.429039E+00,-2.891575E+00, 3.723340E+01, 3.688217E+01, 1.941167E+00,-4.620497E+00,-1.768020E+00, 2.152168E+00, 9.057702E+01, 3.672983E+01, 2.637538E+01, 2.466469E+01,12, 3.135473E+00,1, 0.000000E+00,0, 0.000000E+00,7, 2.743967E+01, 8.439116E-01, 1.756622E+01,NULL,NULL,1,mc_qqps,54
-21042,142,20227,163944,94C2, 9.125000E+01,20,14,34,20,14, 7.691680E+00,-6.709905E+00, 1.106826E+01, 6.450512E+01, 6.413783E+01, 3.206892E+00, 2.596182E+00,-3.206652E+00, 4.070513E+00, 9.155083E+01, 6.280074E+01, 2.246647E+01, 3.203197E+00,13, 6.322769E-01,1, 0.000000E+00,0, 0.000000E+00,10, 2.356848E+01, 5.569107E-01, 1.294793E+01,NULL,NULL,1,mc_qqps,54
-21042,143,20227,163956,94C2, 9.125000E+01,30,14,44,30,14, 7.918115E+01,-2.135275E+02,-7.583940E+02, 8.118590E+02, 8.112999E+02, 2.704333E+01, 7.794693E+01,-2.122695E+02,-7.563862E+02, 8.234465E+02, 1.805634E+01, 1.091075E+01, 0.000000E+00,6, 1.391110E-01,11, 4.475619E-01,0, 0.000000E+00,5, 3.638678E+00, 5.130168E-01, 9.838869E-01,1, 0.000000E+00,1,mc_qqps,54
-21042,144,20227,164013,94C2, 9.125000E+01,25,14,39,25,14,-2.352425E+00,-2.302253E+00, 2.489103E+00, 6.855016E+01, 6.796921E+01, 2.718768E+00,-1.051617E+01,-1.891811E+01, 5.169164E+00, 1.097646E+02, 6.025870E+01, 2.159019E+01, 1.772703E+01,14, 8.257401E+00,0, 0.000000E+00,0, 0.000000E+00,9, 2.016540E+01, 3.667169E-01, 5.583895E+00,NULL,NULL,1,mc_qqps,54
-21042,145,20227,164028,94C2, 9.125000E+01,23,6,29,23,6, 1.206901E+01, 8.945007E-01,-1.639729E+01, 8.637801E+01, 8.604976E+01, 3.741294E+00, 2.366816E+01, 4.302517E+00,-3.453069E+01, 1.108539E+02, 8.052038E+01, 1.035888E+01, 1.412850E+01,2, 0.000000E+00,6, 8.391743E-01,0, 0.000000E+00,1, 7.815797E-01, 7.815797E-01, 7.815797E-01,NULL,NULL,1,mc_qqps,54
-21042,146,20227,164041,94C2, 9.125000E+01,20,15,35,20,15, 3.415165E+00, 1.586049E+01,-3.310190E+01, 7.275636E+01, 7.244543E+01, 3.622272E+00, 3.313239E+00, 1.286883E+01,-2.828539E+01, 9.261049E+01, 6.669416E+01, 1.752195E+01, 2.332194E+00,2, 0.000000E+00,17, 2.397174E+01,0, 0.000000E+00,2, 2.350883E+00, 1.069520E+00, 1.281363E+00,NULL,NULL,1,mc_qqps,54
-21042,147,20227,164051,94C2, 9.125000E+01,31,13,44,31,13, 1.475237E+00, 2.893286E+01,-1.885314E+01, 7.348466E+01, 7.290818E+01, 2.351877E+00, 2.393695E+00, 1.954823E+01,-1.360167E+01, 1.004268E+02, 5.097184E+01, 2.694213E+01, 0.000000E+00,14, 1.990620E-01,0, 0.000000E+00,0, 0.000000E+00,11, 2.375646E+01, 3.927594E-01, 1.087464E+01,NULL,NULL,1,mc_qqps,54
-21042,148,20227,164106,94C2, 9.125000E+01,40,18,58,40,18, 7.128868E+00,-1.386831E+01,-7.147590E+00, 5.067326E+01, 4.957028E+01, 1.239257E+00,-1.402489E+00,-4.114426E-01,-2.318416E+00, 8.154351E+01, 4.336335E+01, 2.626029E+01, 5.176344E+00,14, 3.883592E-01,3, 0.000000E+00,0, 0.000000E+00,8, 1.786326E+01, 5.702724E-01, 4.730268E+00,NULL,NULL,1,mc_qqps,54
-21042,149,20227,164122,94C2, 9.125000E+01,39,22,61,39,22, 1.237522E+01,-1.195596E+01,-1.349694E+01, 1.184215E+02, 1.174134E+02, 3.010599E+00, 8.578147E+00,-1.501715E+01,-6.164019E+00, 1.501802E+02, 8.305653E+00, 2.287198E+01, 8.886755E+00,0, 0.000000E+00,20, 6.935988E+00,0, 0.000000E+00,NULL,NULL,NULL,NULL,2, 0.000000E+00,0,mc_qqps,54
-21042,150,20227,164142,94C2, 9.125000E+01,26,7,33,26,7, 3.050868E+00,-7.142421E+00, 1.653866E+00, 7.162326E+01, 7.120622E+01, 2.738701E+00,-2.972912E-01, 1.650858E-01, 4.078183E+00, 8.612875E+01, 6.738110E+01, 9.448129E+00, 3.578416E+00,13, 6.337074E+00,0, 0.000000E+00,0, 0.000000E+00,4, 1.119827E+01, 1.085442E+00, 6.482508E+00,NULL,NULL,1,mc_qqps,54
-21042,151,20227,164152,94C2, 9.125000E+01,28,8,36,28,8,-6.639387E+00, 3.950614E-01,-2.180974E+01, 5.720509E+01, 5.672953E+01, 2.026055E+00,-2.333708E+00, 1.607949E-01,-9.091632E+00, 7.556960E+01, 3.964219E+01, 1.346134E+01, 4.044327E+00,5, 0.000000E+00,7, 2.461305E-01,0, 0.000000E+00,3, 2.327812E+00, 5.708432E-01, 8.981267E-01,2, 0.000000E+00,1,mc_qqps,54
-21042,152,20227,164223,94C2, 9.125000E+01,36,10,46,36,10,-8.779940E+00,-1.290599E+01, 1.825257E+01, 8.617287E+01, 8.566930E+01, 2.379703E+00,-8.337444E+00,-1.487280E+01, 1.753668E+01, 9.635431E+01, 7.325396E+01, 7.896560E+00, 7.487529E-01,6, 8.843507E-02,4, 5.375104E-01,0, 0.000000E+00,3, 4.862496E+00, 6.114902E-01, 3.326375E+00,NULL,NULL,1,mc_qqps,54
-21042,153,20227,164237,94C2, 9.125000E+01,32,10,42,32,10, 1.080396E+00, 2.797234E+00, 1.984378E+01, 7.196806E+01, 7.139775E+01, 2.231180E+00, 3.267694E+00, 5.563832E+00, 2.920941E+01, 9.048458E+01, 5.085900E+01, 1.391978E+01, 2.298694E+00,4, 2.198183E-01,11, 3.552399E+00,0, 0.000000E+00,1, 2.298069E+00, 2.298069E+00, 2.298069E+00,NULL,NULL,1,mc_qqps,54
-21042,154,20227,164253,94C2, 9.125000E+01,30,9,39,30,9,-1.065622E+01, 8.059401E+00, 2.975449E+00, 6.017087E+01, 5.937356E+01, 1.979119E+00,-1.565517E+01, 1.165993E+01, 6.090000E+00, 9.126180E+01, 5.511297E+01, 1.371430E+01, 1.737664E+01,11, 3.403376E+00,0, 0.000000E+00,0, 0.000000E+00,6, 1.371430E+01, 4.455071E-01, 4.181181E+00,NULL,NULL,1,mc_qqps,54
-21042,155,20227,164307,94C2, 9.125000E+01,24,8,32,24,8, 9.656066E+00, 4.353141E+00, 1.001960E+01, 6.899319E+01, 6.838887E+01, 2.849536E+00, 1.083839E-01, 3.878511E-01, 1.026686E+00, 8.880785E+01, 6.587579E+01, 1.854211E+01, 0.000000E+00,11, 1.312871E-01,0, 0.000000E+00,0, 0.000000E+00,8, 1.981466E+01, 8.531878E-01, 5.394417E+00,NULL,NULL,1,mc_qqps,54
-21042,156,20227,164321,94C2, 9.125000E+01,45,15,60,45,15, 4.817934E+00,-1.986704E+00,-8.337126E+00, 5.915864E+01, 5.796609E+01, 1.288135E+00, 2.940766E+00,-5.412304E+00,-9.615858E+00, 8.289034E+01, 5.360492E+01, 1.856133E+01, 2.978322E+00,7, 0.000000E+00,10, 0.000000E+00,0, 0.000000E+00,4, 1.075006E+01, 1.243158E+00, 5.787841E+00,NULL,NULL,1,mc_qqps,54
-21042,157,20227,164342,94C2, 9.125000E+01,32,12,44,32,12,-8.767860E+01,-2.580852E+00, 2.619547E+02, 3.734984E+02, 3.729937E+02, 1.165605E+01,-8.863382E+01,-2.139536E+00, 2.656658E+02, 3.852668E+02, 2.014367E+01, 1.176835E+01, 0.000000E+00,0, 0.000000E+00,16, 2.346199E+00,0, 0.000000E+00,NULL,NULL,NULL,NULL,2, 0.000000E+00,1,mc_qqps,54
-21042,158,20227,164401,94C2, 9.125000E+01,23,10,33,23,10,-1.355166E+01, 1.800847E+01,-2.853124E+00, 6.235926E+01, 6.206656E+01, 2.698546E+00,-1.024816E+01, 1.363136E+01,-3.385013E+00, 8.015858E+01, 5.309539E+01, 1.690657E+01, 8.927634E-01,14, 4.264267E+00,0, 0.000000E+00,0, 0.000000E+00,8, 1.361839E+01, 6.164040E-01, 2.977774E+00,NULL,NULL,1,mc_qqps,54
-21042,159,20227,164415,94C2, 9.125000E+01,35,13,48,35,13,-1.349888E+00, 2.339537E-01,-1.423277E+01, 5.224979E+01, 5.163516E+01, 1.475290E+00,-4.875342E+00, 5.032273E-01,-1.445546E+01, 7.315881E+01, 3.970323E+01, 8.955164E+00, 1.208905E+01,4, 3.276445E-01,9, 0.000000E+00,0, 0.000000E+00,1, 3.934497E-01, 3.934497E-01, 3.934497E-01,1, 0.000000E+00,1,mc_qqps,54
-21042,160,20227,164432,94C2, 9.125000E+01,29,5,34,29,5,-1.818922E+01, 3.467772E+00,-4.413013E-02, 6.470110E+01, 6.395953E+01, 2.205501E+00,-1.324775E+01, 1.665774E+00,-7.976933E-01, 8.884074E+01, 4.756440E+01, 2.363754E+01, 0.000000E+00,9, 2.469514E+00,0, 0.000000E+00,0, 0.000000E+00,4, 2.388019E+01, 5.030813E-01, 1.355985E+01,NULL,NULL,1,mc_qqps,54
-21042,161,20227,164444,94C2, 9.125000E+01,22,15,37,22,15, 9.211902E+00, 6.498188E+00,-5.842968E+00, 5.064381E+01, 5.030681E+01, 2.286673E+00, 6.209892E+00, 4.237560E+00,-3.084607E+00, 8.904801E+01, 4.353425E+01, 1.815884E+01, 1.408344E+01,16, 1.844340E+00,0, 0.000000E+00,0, 0.000000E+00,14, 2.432076E+01, 5.537266E-01, 4.017739E+00,NULL,NULL,1,mc_qqps,54
-21042,162,20227,164457,94C2, 9.125000E+01,48,21,69,48,21,-5.335817E-01, 3.458945E+00,-1.511635E+01, 5.316381E+01, 5.224120E+01, 1.088358E+00,-1.097698E+00, 6.860209E+00,-9.142904E+00, 8.960659E+01, 4.445070E+01, 3.082035E+01, 5.893357E+00,12, 2.034779E-01,6, 0.000000E+00,0, 0.000000E+00,7, 1.290235E+01, 5.428933E-01, 6.866472E+00,1, 0.000000E+00,1,mc_qqps,54
-21042,163,20227,164520,94C2, 9.125000E+01,20,10,30,20,10,-1.438612E+01, 1.593002E+00, 2.945078E+01, 7.146685E+01, 7.100637E+01, 3.550318E+00,-1.401820E+01, 2.058684E-01, 3.072053E+01, 8.366965E+01, 6.193336E+01, 1.006991E+01, 2.132891E+00,2, 0.000000E+00,9, 5.731324E+00,0, 0.000000E+00,2, 3.100751E+00, 5.474063E-01, 2.553345E+00,NULL,NULL,1,mc_qqps,54
-21042,164,20227,164532,94C2, 9.125000E+01,22,12,34,22,12,-3.336336E-03,-1.248197E+01,-1.841423E+01, 8.692241E+01, 8.670122E+01, 3.940964E+00,-8.222345E-01,-7.556501E+00,-1.091247E+01, 1.014685E+02, 8.723911E+01, 1.436300E+01, 1.830622E-01,2, 0.000000E+00,11, 7.529533E-01,0, 0.000000E+00,1, 7.030147E-01, 7.030147E-01, 7.030147E-01,NULL,NULL,1,mc_qqps,54
-21042,165,20227,164550,94C2, 9.125000E+01,37,12,49,37,12, 7.730425E+00, 5.533255E+00, 2.334758E+00, 6.354019E+01, 6.302084E+01, 1.703266E+00, 7.138016E+00, 3.576340E+00, 2.528014E+00, 8.498347E+01, 5.910019E+01, 2.144330E+01, 0.000000E+00,19, 6.205029E+00,0, 0.000000E+00,0, 0.000000E+00,10, 2.001554E+01, 4.189386E-01, 4.526020E+00,NULL,NULL,1,mc_qqps,54
-21042,166,20227,164602,94C2, 9.125000E+01,38,12,50,38,12, 3.740450E+00,-3.680609E-01,-4.368837E+00, 6.801184E+01, 6.735835E+01, 1.772588E+00,-1.962193E+00, 6.610314E+00,-1.463720E+01, 9.472079E+01, 6.072524E+01, 2.177097E+01, 4.939603E+00,9, 1.034128E-01,6, 0.000000E+00,0, 0.000000E+00,6, 1.959201E+01, 3.862167E-01, 7.054705E+00,1, 0.000000E+00,1,mc_qqps,54
-21042,167,20227,164621,94C2, 9.125000E+01,11,10,21,11,10,-1.529749E+01,-1.178062E+01,-2.016146E+01, 3.496584E+01, 3.485602E+01, 3.168729E+00,-3.849792E+00,-5.535403E-01,-5.184597E+00, 7.562270E+01, 3.035139E+01, 4.027597E+01, 3.813148E-01,12, 7.542595E+00,0, 0.000000E+00,0, 0.000000E+00,8, 3.810753E+01, 6.904108E-01, 2.134838E+01,NULL,NULL,1,mc_qqps,54
-21042,168,20227,164633,94C2, 9.125000E+01,31,15,46,31,15, 2.849612E+00, 4.348194E+00,-7.319249E+00, 5.124069E+01, 5.088308E+01, 1.641389E+00, 4.308924E+00, 5.882367E+00,-6.620538E+00, 7.717625E+01, 4.965950E+01, 1.861311E+01, 1.741222E+00,14, 6.735541E-02,2, 0.000000E+00,0, 0.000000E+00,12, 2.311603E+01, 9.079876E-01, 3.846030E+00,NULL,NULL,1,mc_qqps,54
-21042,169,20227,164649,94C2, 9.125000E+01,18,9,27,18,9,-4.667464E+00,-3.079003E-01, 1.487585E+00, 5.896643E+01, 5.859685E+01, 3.255381E+00,-1.180577E+01, 4.524537E-01, 1.110782E+00, 8.611726E+01, 5.680810E+01, 9.924859E+00, 0.000000E+00,11, 4.555283E+00,0, 0.000000E+00,0, 0.000000E+00,8, 2.688433E+01, 7.718913E-01, 1.035754E+01,NULL,NULL,1,mc_qqps,54
-21042,170,20227,164701,94C2, 9.125000E+01,11,9,20,11,9, 1.779570E+00, 5.385122E+00, 9.635820E-01, 3.762778E+01, 3.753771E+01, 3.412519E+00, 3.293204E+00, 5.407023E+00, 3.303399E-01, 6.907706E+01, 3.682485E+01, 9.285518E+00, 1.389070E+01,10, 9.376330E+00,0, 0.000000E+00,0, 0.000000E+00,5, 1.758547E+01, 2.259504E+00, 4.365242E+00,NULL,NULL,1,mc_qqps,54
-21042,171,20227,164712,94C2, 9.125000E+01,32,18,50,32,18, 7.129890E-01, 3.121305E+00,-2.970905E+00, 6.237668E+01, 6.156720E+01, 1.923975E+00, 4.867549E+00,-1.077160E+00, 3.598920E-01, 9.300997E+01, 5.459362E+01, 2.112413E+01, 6.257067E+00,22, 3.816195E+00,0, 0.000000E+00,0, 0.000000E+00,16, 2.277563E+01, 6.442934E-01, 2.638764E+00,NULL,NULL,1,mc_qqps,54
-21042,172,20227,164726,94C2, 9.125000E+01,19,12,31,19,12, 1.021204E+01,-3.645914E+00, 1.185405E+01, 6.883961E+01, 6.860523E+01, 3.610802E+00, 1.200633E+01,-4.220036E+00, 1.434692E+01, 8.616359E+01, 6.733306E+01, 9.500944E+00, 5.362553E+00,8, 1.278377E-01,2, 0.000000E+00,0, 0.000000E+00,7, 1.134778E+01, 4.565058E-01, 6.106805E+00,NULL,NULL,1,mc_qqps,54
-21042,173,20227,164741,94C2, 9.125000E+01,28,20,48,28,20, 8.808394E+00, 1.052360E+00, 4.835744E+00, 4.689225E+01, 4.635300E+01, 1.655464E+00, 1.012755E+01, 5.326803E+00, 6.496649E+00, 8.032853E+01, 4.349586E+01, 3.066959E+01, 0.000000E+00,21, 3.565229E-01,0, 0.000000E+00,0, 0.000000E+00,19, 3.280785E+01, 5.543968E-01, 8.061022E+00,NULL,NULL,1,mc_qqps,54
-21042,174,20227,164753,94C2, 9.125000E+01,32,16,48,32,16, 2.395889E+00,-7.832673E-01, 4.290878E+00, 4.538239E+01, 4.446950E+01, 1.389672E+00, 2.123102E+00,-9.261956E+00, 7.774660E+00, 8.305061E+01, 4.151556E+01, 2.794671E+01, 9.825526E+00,5, 0.000000E+00,9, 7.256180E-01,0, 0.000000E+00,5, 2.286423E+01, 7.457790E-01, 1.578092E+01,NULL,NULL,1,mc_qqps,54
-21042,175,20227,164810,94C2, 9.125000E+01,27,7,34,27,7,-3.694623E+00,-4.843764E+00,-1.131351E+01, 6.450193E+01, 6.417027E+01, 2.376677E+00,-3.616992E+00,-4.494084E+00,-1.001788E+01, 6.773309E+01, 5.740686E+01, 3.231160E+00, 0.000000E+00,1, 0.000000E+00,9, 0.000000E+00,0, 0.000000E+00,NULL,NULL,NULL,NULL,NULL,NULL,1,mc_qqps,54
-21042,176,20227,164825,94C2, 9.125000E+01,47,23,70,47,23,-1.485286E+00, 1.198032E+01,-1.389893E+00, 5.473151E+01, 5.348231E+01, 1.137922E+00, 3.897199E+00,-4.123719E-01,-6.746979E+00, 8.725912E+01, 4.744046E+01, 2.356084E+01, 8.077517E+00,18, 3.167489E+00,1, 0.000000E+00,0, 0.000000E+00,14, 2.074771E+01, 3.535918E-01, 9.423759E+00,1, 0.000000E+00,1,mc_qqps,54
-21042,177,20227,164844,94C2, 9.125000E+01,14,12,26,14,12,-3.415892E+00, 1.904269E+00, 1.449279E+00, 5.442994E+01, 5.431305E+01, 3.879503E+00,-6.946257E+00, 3.118072E+00, 4.354803E+00, 9.799605E+01, 5.373526E+01, 2.562075E+01, 1.794536E+01,14, 2.781116E+00,0, 0.000000E+00,0, 0.000000E+00,10, 2.562075E+01, 4.458437E-01, 8.106512E+00,NULL,NULL,1,mc_qqps,54
-21042,178,20227,164856,94C2, 9.125000E+01,22,12,34,22,12, 1.735793E+00,-1.910566E+01,-5.492749E+00, 7.167651E+01, 7.145709E+01, 3.248050E+00, 1.804647E+00,-1.082559E+01,-4.647710E+00, 8.472735E+01, 6.878663E+01, 1.122788E+01, 6.018461E-01,16, 1.136090E+01,0, 0.000000E+00,0, 0.000000E+00,8, 1.170662E+01, 4.940953E-01, 6.232431E+00,1, 0.000000E+00,1,mc_qqps,54
-21042,179,20227,164909,94C2, 9.125000E+01,43,10,53,43,10, 5.243717E+00, 7.318463E+00,-6.262354E-01, 6.787505E+01, 6.662942E+01, 1.549521E+00, 4.281762E+00, 7.585163E+00,-9.408590E-01, 7.745507E+01, 6.073273E+01, 8.270082E+00, 1.399414E+00,18, 1.043105E+01,0, 0.000000E+00,0, 0.000000E+00,8, 7.744586E+00, 5.377626E-01, 1.818764E+00,NULL,NULL,1,mc_qqps,54
-21042,180,20227,164927,94C2, 9.125000E+01,24,12,36,24,12,-2.660361E+00,-1.699998E+00, 1.374836E+00, 5.845374E+01, 5.799724E+01, 2.416552E+00,-5.680945E+00,-1.938221E+00, 8.761835E-01, 9.066608E+01, 5.446968E+01, 1.446657E+01, 1.421582E+01,14, 3.546277E+00,0, 0.000000E+00,0, 0.000000E+00,8, 1.763634E+01, 4.490604E-01, 5.084658E+00,NULL,NULL,1,mc_qqps,54
-21042,181,20227,164937,94C2, 9.125000E+01,20,7,27,20,7, 1.170853E+00, 1.561039E+00,-2.049779E-01, 5.771220E+01, 5.731673E+01, 2.865837E+00,-1.421375E+01,-2.717028E+00,-1.021141E-01, 7.640195E+01, 5.654327E+01, 1.868976E+01, 0.000000E+00,9, 2.555540E+00,0, 0.000000E+00,0, 0.000000E+00,5, 1.768181E+01, 4.844883E-01, 1.258641E+01,NULL,NULL,1,mc_qqps,54
-21042,182,20227,164950,94C2, 9.125000E+01,29,12,41,29,12, 4.036774E+01, 4.713085E+02, 1.868319E+02, 5.631005E+02, 5.625012E+02, 1.939659E+01, 4.154791E+01, 4.575123E+02, 1.816757E+02, 5.835019E+02, 5.662191E+01, 9.752048E+00, 5.066092E+00,18, 1.939374E+00,0, 0.000000E+00,0, 0.000000E+00,11, 1.535981E+01, 5.376226E-01, 3.950625E+00,NULL,NULL,1,mc_qqps,54
-21042,183,20227,165002,94C2, 9.125000E+01,20,11,31,20,11,-1.142882E+00,-1.294563E+00, 6.360184E-01, 5.060583E+01, 5.023562E+01, 2.511781E+00,-1.460242E+01,-8.249749E+00, 8.222421E+00, 7.117265E+01, 3.777293E+01, 1.531046E+01, 3.309362E+00,10, 3.454132E+00,0, 0.000000E+00,0, 0.000000E+00,7, 1.725746E+01, 9.529113E-01, 6.903312E+00,NULL,NULL,1,mc_qqps,54
-21042,184,20227,165011,94C2, 9.125000E+01,47,9,56,47,9, 9.176437E+00,-2.538079E+00,-1.141863E+01, 7.068544E+01, 6.968569E+01, 1.482674E+00, 8.201292E+00,-1.678226E+00,-1.069324E+01, 8.171371E+01, 6.637917E+01, 9.408789E+00, 1.619487E+00,8, 2.705777E-01,3, 0.000000E+00,0, 0.000000E+00,3, 2.917429E+00, 8.137408E-01, 1.178960E+00,NULL,NULL,1,mc_qqps,54
-21042,185,20227,165031,94C2, 9.125000E+01,9,6,15,9,6, 3.060743E-01, 4.196954E-02, 1.395231E-01, 5.814803E+00, 5.509238E+00, 6.121376E-01, 2.032252E+00, 8.766665E-01,-2.527844E+01, 6.529880E+01, 1.360752E+00, 5.948400E+01, 0.000000E+00,0, 0.000000E+00,4, 0.000000E+00,0, 0.000000E+00,NULL,NULL,NULL,NULL,3, 0.000000E+00,0,mc_qqps,54
-21042,186,20227,165118,94C2, 9.125000E+01,28,16,44,28,16, 3.405936E+00, 1.247251E+01,-7.409111E+00, 7.612560E+01, 7.570444E+01, 2.703730E+00, 1.451385E+00, 4.273078E+00,-2.010237E+00, 9.535777E+01, 5.940837E+01, 1.424599E+01, 5.162908E+00,3, 0.000000E+00,13, 2.587523E+00,0, 0.000000E+00,2, 3.139927E+00, 6.312275E-01, 2.508699E+00,NULL,NULL,1,mc_qqps,54
-21042,187,20227,165131,94C2, 9.125000E+01,59,13,72,59,13, 3.202883E+00, 8.591739E+00, 1.114865E+01, 9.131241E+01, 9.007085E+01, 1.526625E+00, 4.583826E+00, 1.015317E+01, 7.260233E+00, 1.243616E+02, 4.731323E+01, 1.855080E+01, 1.454280E+01,8, 8.889437E-02,2, 0.000000E+00,0, 0.000000E+00,6, 1.718674E+01, 8.039551E-01, 8.598804E+00,NULL,NULL,1,mc_qqps,54
-21042,188,20227,165151,94C2, 9.125000E+01,33,15,48,33,15, 9.031659E+00,-5.130111E+00,-1.230315E+01, 6.481782E+01, 6.413452E+01, 1.943470E+00, 1.023680E+01,-6.794786E+00,-1.412841E+01, 1.011154E+02, 5.786604E+01, 2.714682E+01, 6.813442E+00,10, 8.190903E-01,3, 0.000000E+00,0, 0.000000E+00,8, 1.252468E+01, 7.901710E-01, 4.341426E+00,NULL,NULL,1,mc_qqps,54
-21042,189,20227,165208,94C2, 9.125000E+01,21,7,28,21,7, 1.547890E+01, 1.098535E+01,-1.892914E+00, 6.842110E+01, 6.793442E+01, 3.234972E+00, 9.395089E+00, 6.287824E+00,-4.111666E-01, 9.573283E+01, 6.585915E+01, 1.714884E+01, 1.016289E+01,8, 2.625446E-01,0, 0.000000E+00,0, 0.000000E+00,3, 1.564116E+01, 3.514385E+00, 6.931547E+00,NULL,NULL,1,mc_qqps,54
-21042,190,20227,165220,94C2, 9.125000E+01,54,18,72,54,18, 1.430882E+00,-5.509585E+00,-1.198336E+01, 7.605376E+01, 7.480609E+01, 1.385298E+00,-1.638898E+00,-9.493326E-01,-6.796039E+00, 1.039204E+02, 4.306771E+01, 2.361520E+01, 3.603338E+00,15, 1.573044E-01,1, 0.000000E+00,0, 0.000000E+00,12, 2.068478E+01, 4.878266E-01, 9.267708E+00,NULL,NULL,1,mc_qqps,54
-21042,191,20227,165240,94C2, 9.125000E+01,22,13,35,22,13, 1.431839E+01, 4.580889E+01,-9.527442E+01, 2.125807E+02, 2.121978E+02, 9.645356E+00, 1.248706E+01, 4.043929E+01,-8.262132E+01, 2.343012E+02, 2.854993E+01, 7.049117E+00, 1.467145E+01,1, 0.000000E+00,14, 2.949203E+01,0, 0.000000E+00,1, 7.276553E-01, 7.276553E-01, 7.276553E-01,NULL,NULL,1,mc_qqps,54
-21042,192,20227,165252,94C2, 9.125000E+01,35,11,46,35,11,-2.896414E+00,-8.612918E-01, 2.110624E+00, 7.862224E+01, 7.790247E+01, 2.225785E+00,-2.756456E+00,-1.723268E+00, 2.588745E+00, 9.290443E+01, 6.762561E+01, 1.428220E+01, 0.000000E+00,5, 0.000000E+00,8, 0.000000E+00,0, 0.000000E+00,4, 6.901886E+00, 5.410622E-01, 4.575014E+00,NULL,NULL,1,mc_qqps,54
-21042,193,20227,165311,94C2, 9.125000E+01,48,16,64,48,16,-1.627031E+01,-7.121332E+00,-3.590386E+00, 6.566518E+01, 6.434373E+01, 1.340494E+00,-1.763762E+01,-7.501005E+00,-5.226563E+00, 8.307618E+01, 5.249449E+01, 1.080331E+01, 3.825100E+00,15, 5.462002E-01,0, 0.000000E+00,0, 0.000000E+00,10, 1.265012E+01, 5.230781E-01, 2.251322E+00,1, 0.000000E+00,1,mc_qqps,54
-21042,194,20227,165331,94C2, 9.125000E+01,38,15,53,38,15, 1.398432E+00, 3.009351E-01, 8.720703E-01, 8.031760E+01, 7.967274E+01, 2.096651E+00,-3.942329E+00, 1.118380E-01, 5.341359E+00, 9.466117E+01, 6.736543E+01, 1.226297E+01, 5.734528E-01,6, 0.000000E+00,11, 1.209421E+00,0, 0.000000E+00,5, 5.417639E+00, 5.849460E-01, 1.805446E+00,1, 0.000000E+00,1,mc_qqps,54
-21042,195,20227,165346,94C2, 9.125000E+01,32,17,49,32,17, 4.971539E-01, 4.152273E+00, 3.534244E+00, 6.425958E+01, 6.372242E+01, 1.991326E+00, 3.554013E-02, 5.225647E+00, 2.089600E+00, 8.428469E+01, 6.325872E+01, 1.509992E+01, 9.534982E-01,16, 1.501513E+00,5, 0.000000E+00,0, 0.000000E+00,11, 1.536370E+01, 5.477599E-01, 3.986212E+00,1, 0.000000E+00,1,mc_qqps,54
-21042,196,20227,165400,94C2, 9.125000E+01,26,17,43,26,17,-4.478070E+00, 3.095050E+00,-3.304316E+00, 5.686710E+01, 5.641461E+01, 2.169793E+00, 7.398166E+00,-7.474375E+00,-1.133561E+01, 8.717489E+01, 4.949101E+01, 1.411394E+01, 1.257863E+01,19, 2.808915E+00,1, 0.000000E+00,0, 0.000000E+00,13, 1.516688E+01, 3.391081E-01, 2.447246E+00,NULL,NULL,1,mc_qqps,54
-21042,197,20227,165416,94C2, 9.125000E+01,37,17,54,37,17, 4.032798E+00, 1.035660E+01,-3.076277E+00, 4.807218E+01, 4.645287E+01, 1.255483E+00, 7.037484E+00, 2.033491E+01,-9.159820E+00, 8.301945E+01, 4.137878E+01, 2.738606E+01, 5.971616E+00,15, 3.322386E+00,0, 0.000000E+00,0, 0.000000E+00,12, 2.722650E+01, 4.821372E-01, 5.509480E+00,2, 0.000000E+00,1,mc_qqps,54
-21042,198,20227,165433,94C2, 9.125000E+01,31,13,44,31,13, 2.495405E+00, 2.034742E+01, 2.959022E+00, 6.643763E+01, 6.548173E+01, 2.112314E+00, 1.098589E-01, 4.414407E+00, 5.373756E-01, 9.034501E+01, 5.940449E+01, 2.140571E+01, 9.745302E-01,15, 4.509324E-01,0, 0.000000E+00,0, 0.000000E+00,12, 2.307177E+01, 7.797318E-01, 5.076637E+00,NULL,NULL,1,mc_qqps,54
-21042,199,20227,165449,94C2, 9.125000E+01,27,16,43,27,16, 6.096487E+00,-7.382383E+00,-1.626842E+01, 3.594149E+01, 3.547192E+01, 1.313775E+00, 2.462105E+00, 2.408673E+00,-1.249669E+00, 7.906050E+01, 3.264186E+01, 3.020075E+01, 1.190726E+01,10, 1.525013E+00,8, 0.000000E+00,0, 0.000000E+00,7, 7.899321E+00, 5.351538E-01, 2.525136E+00,NULL,NULL,1,mc_qqps,54
-21042,200,20227,165503,94C2, 9.125000E+01,30,16,46,30,16, 1.318096E+00,-2.066491E+00, 4.562411E-01, 5.956983E+01, 5.905354E+01, 1.968451E+00, 2.709633E+00, 1.937351E+00,-1.096482E+00, 8.423441E+01, 5.327218E+01, 1.383854E+01, 9.640164E+00,15, 2.200547E+01,1, 0.000000E+00,0, 0.000000E+00,8, 9.565233E+00, 4.844092E-01, 2.770729E+00,NULL,NULL,1,mc_qqps,54
-21042,201,20227,165515,94C2, 9.125000E+01,38,18,56,38,18,-2.114366E+00, 3.823068E+00,-2.531044E+00, 5.977071E+01, 5.900416E+01, 1.552741E+00, 1.243708E+00, 5.800778E+00, 1.659738E+00, 9.799855E+01, 5.283060E+01, 3.665006E+01, 1.587556E+00,21, 1.754583E+01,0, 0.000000E+00,0, 0.000000E+00,14, 3.665006E+01, 3.713237E-01, 1.239704E+01,NULL,NULL,1,mc_qqps,54
-21042,202,20227,165531,94C2, 9.125000E+01,39,22,61,39,22,-5.617964E+00,-1.869165E+00,-4.038534E+01, 1.333553E+02, 1.328282E+02, 3.405851E+00,-5.230404E+00, 4.975995E+00,-3.193328E+01, 1.573219E+02, 3.668546E+01, 1.595873E+01, 4.446673E+00,8, 1.873552E-01,20, 6.419943E+00,0, 0.000000E+00,7, 1.005479E+01, 6.735549E-01, 2.915114E+00,2, 0.000000E+00,1,mc_qqps,54
-21042,203,20227,165550,94C2, 9.125000E+01,25,12,37,25,12,-3.294078E-01, 1.088993E+00, 2.333076E+00, 4.087491E+01, 4.026631E+01, 1.610652E+00, 3.000838E+00,-5.983491E+00, 1.958834E+00, 7.829293E+01, 3.434724E+01, 3.488002E+01, 5.060263E-01,12, 3.731506E-01,0, 0.000000E+00,0, 0.000000E+00,9, 3.015207E+01, 7.980347E-01, 1.216010E+01,NULL,NULL,1,mc_qqps,54
-21042,204,20227,165605,94C2, 9.125000E+01,26,10,36,26,10,-3.396769E+00, 9.257635E+00, 5.566168E-01, 5.077953E+01, 5.035820E+01, 1.936854E+00, 7.003934E-01, 4.814097E-01, 3.468926E+00, 6.665937E+01, 5.017319E+01, 1.192877E+01, 3.091542E+00,12, 6.419160E+00,0, 0.000000E+00,0, 0.000000E+00,6, 7.750316E+00, 4.057895E-01, 3.454916E+00,NULL,NULL,1,mc_qqps,54
-21042,205,20227,165617,94C2, 9.125000E+01,20,19,39,20,19,-1.403070E+00,-1.633463E-01, 7.445662E+00, 2.856558E+01, 2.809809E+01, 1.404904E+00,-1.209208E+00,-2.650655E+00, 4.023527E+00, 5.998574E+01, 1.128122E+01, 2.329755E+01, 8.122608E+00,1, 0.000000E+00,13, 1.508345E+00,0, 0.000000E+00,1, 9.131668E-01, 9.131668E-01, 9.131668E-01,4, 0.000000E+00,1,mc_qqps,54
-21042,206,20227,165638,94C2, 9.125000E+01,34,23,57,34,23, 3.797228E+00, 1.154928E+00, 7.149586E+00, 5.779517E+01, 5.699009E+01, 1.676179E+00, 3.721496E+00, 2.182844E+00, 1.440445E+01, 7.940916E+01, 1.687491E+01, 1.880549E+01, 2.808495E+00,2, 0.000000E+00,24, 5.818892E+00,0, 0.000000E+00,2, 1.041859E+00, 5.090320E-01, 5.328266E-01,1, 0.000000E+00,1,mc_qqps,54
-21042,207,20227,165656,94C2, 9.125000E+01,19,7,26,19,7, 7.226977E+00,-1.536226E+01,-5.848442E+00, 6.940552E+01, 6.907941E+01, 3.635759E+00,-3.005450E+00, 6.537014E+00,-7.673556E-02, 9.520068E+01, 6.806532E+01, 3.064473E+00, 2.273068E+01,9, 5.417614E+00,1, 0.000000E+00,0, 0.000000E+00,3, 2.739625E+00, 3.721154E-01, 1.189182E+00,NULL,NULL,1,mc_qqps,54
-21042,208,20227,165707,94C2, 9.125000E+01,12,7,19,12,7,-3.657067E+00,-4.293563E+00,-2.375033E+00, 4.884776E+01, 4.877066E+01, 4.064222E+00, 3.645318E+00, 4.571692E+00, 4.592247E+00, 9.007289E+01, 4.849168E+01, 4.122513E+01, 0.000000E+00,10, 8.280419E-01,0, 0.000000E+00,0, 0.000000E+00,6, 3.524546E+01, 1.099750E+00, 1.936882E+01,NULL,NULL,1,mc_qqps,54
-21042,209,20227,165717,94C2, 9.125000E+01,45,17,62,45,17, 5.464529E+00,-1.973769E+01, 8.273758E+00, 6.457223E+01, 6.356986E+01, 1.412664E+00, 3.955870E+00,-6.936985E+00, 4.161012E+00, 1.006565E+02, 4.853078E+01, 1.698890E+01, 3.864134E+00,23, 1.144782E+01,0, 0.000000E+00,0, 0.000000E+00,13, 3.047869E+01, 3.796458E-01, 8.097157E+00,NULL,NULL,1,mc_qqps,54
-21042,210,20227,165733,94C2, 9.125000E+01,46,10,56,46,10, 2.425542E+00,-1.951682E+00, 2.951289E-01, 8.576622E+01, 8.485564E+01, 1.844688E+00,-1.092500E+01,-2.636775E+00,-3.105464E+00, 1.089043E+02, 6.233896E+01, 1.648823E+01, 6.058086E+00,8, 0.000000E+00,2, 0.000000E+00,0, 0.000000E+00,4, 1.096078E+01, 6.309913E-01, 3.978614E+00,NULL,NULL,1,mc_qqps,54
-21042,211,20227,165751,94C2, 9.125000E+01,24,6,30,24,6,-3.354176E+00,-4.450637E+00, 4.389591E-01, 5.138321E+01, 5.094968E+01, 2.122903E+00, 7.429298E+00, 8.311693E-01, 2.486074E+00, 7.020586E+01, 4.432269E+01, 1.806808E+01, 7.545857E-01,11, 8.901689E+00,0, 0.000000E+00,0, 0.000000E+00,4, 1.778528E+01, 4.392484E-01, 1.271176E+01,NULL,NULL,1,mc_qqps,54
-21042,212,20227,165804,94C2, 9.125000E+01,21,17,38,21,17,-8.966789E+00, 1.625284E+01, 2.074960E+00, 2.911712E+01, 2.872412E+01, 1.367815E+00, 2.962683E+00,-3.326931E+00, 4.473588E-02, 9.147698E+01, 2.765374E+01, 2.434187E+01, 3.125984E+01,17, 2.457193E+00,0, 0.000000E+00,0, 0.000000E+00,13, 3.120920E+01, 5.242501E-01, 6.038170E+00,NULL,NULL,1,mc_qqps,54
-21042,213,20227,165814,94C2, 9.125000E+01,31,18,49,31,18, 3.198110E+00, 4.212864E+00,-9.829283E+00, 4.743237E+01, 4.679702E+01, 1.509581E+00, 1.482731E+00, 1.996760E+00,-4.246312E+00, 7.376416E+01, 2.071894E+01, 1.605819E+01, 8.076170E+00,2, 0.000000E+00,20, 5.943149E+00,0, 0.000000E+00,1, 2.197435E+00, 2.197435E+00, 2.197435E+00,NULL,NULL,1,mc_qqps,54
-21042,214,20227,165831,94C2, 9.125000E+01,36,16,52,36,16,-3.312979E+00,-2.356242E-01, 6.217544E+00, 7.515051E+01, 7.471581E+01, 2.075439E+00,-7.063520E+00,-4.718070E+00, 6.736421E+00, 9.445393E+01, 7.273306E+01, 1.815263E+01, 1.150781E+00,18, 2.047037E+01,3, 0.000000E+00,0, 0.000000E+00,8, 1.410903E+01, 4.178732E-01, 6.856095E+00,NULL,NULL,1,mc_qqps,54
-21042,215,20227,165847,94C2, 9.125000E+01,45,8,53,45,8, 7.840087E+00, 7.329475E+00, 9.570917E+00, 6.793934E+01, 6.606129E+01, 1.468029E+00, 1.402966E+00, 2.108091E-02, 3.689471E+00, 9.258646E+01, 6.234031E+01, 1.772093E+01, 2.506926E+00,10, 1.128648E+01,0, 0.000000E+00,0, 0.000000E+00,5, 2.214019E+01, 1.306334E+00, 1.593186E+01,NULL,NULL,1,mc_qqps,54
-21042,216,20227,165904,94C2, 9.125000E+01,32,21,53,32,21, 1.694039E+01, 1.086849E+01, 9.663849E+00, 4.682708E+01, 4.614773E+01, 1.442117E+00, 2.673817E+01, 1.474736E+01, 1.498314E+01, 1.040029E+02, 3.766108E+01, 1.850991E+01, 2.502136E+01,16, 2.360547E-01,0, 0.000000E+00,0, 0.000000E+00,13, 3.231625E+01, 4.026632E-01, 6.154507E+00,NULL,NULL,1,mc_qqps,54
-21042,217,20227,165917,94C2, 9.125000E+01,20,8,28,20,8, 3.870530E+00,-1.314578E+00, 4.583375E+00, 6.038436E+01, 6.011539E+01, 3.005769E+00,-2.377277E+00, 6.861245E+00,-9.891891E-01, 9.054452E+01, 5.769113E+01, 2.172110E+01, 8.819789E+00,8, 1.954927E+00,0, 0.000000E+00,0, 0.000000E+00,5, 2.172110E+01, 1.204740E+00, 1.154213E+01,NULL,NULL,1,mc_qqps,54
-21042,218,20227,165927,94C2, 9.125000E+01,14,13,27,14,13, 5.489062E+00,-5.551812E+00, 4.696468E+00, 4.781625E+01, 4.763944E+01, 3.402817E+00, 6.408976E+00,-6.714020E+00, 5.725629E+00, 6.695097E+01, 4.552815E+01, 1.175924E+01, 1.482292E+00,14, 8.501690E+00,0, 0.000000E+00,0, 0.000000E+00,10, 1.765244E+01, 8.488474E-01, 3.491286E+00,NULL,NULL,1,mc_qqps,54
-21042,219,20227,165938,94C2, 9.125000E+01,17,19,36,17,19,-6.606937E+00, 1.673620E+01,-9.329948E+00, 3.409393E+01, 3.385377E+01, 1.991398E+00,-9.271839E-01, 1.424517E+00,-5.572917E+00, 8.557940E+01, 3.226133E+01, 3.040883E+01, 1.004599E+01,15, 3.001816E-01,2, 0.000000E+00,0, 0.000000E+00,12, 3.767146E+01, 8.337957E-01, 7.463112E+00,NULL,NULL,1,mc_qqps,54
-21042,220,20227,165951,94C2, 9.125000E+01,21,13,34,21,13, 1.215431E+01,-1.396960E+00,-6.621630E+00, 5.396670E+01, 5.376361E+01, 2.560172E+00,-2.579854E+00, 2.846006E-01,-1.572436E+00, 7.898812E+01, 5.233083E+01, 2.216370E+01, 2.626041E-01,13, 0.000000E+00,2, 0.000000E+00,0, 0.000000E+00,10, 2.332787E+01, 4.075499E-01, 1.343983E+01,NULL,NULL,1,mc_qqps,54
-21042,221,20227,170003,94C2, 9.125000E+01,35,11,46,35,11,-1.406224E+00,-1.939217E+00, 1.259921E+01, 7.457996E+01, 7.390301E+01, 2.111515E+00, 1.129669E+00,-7.100055E+00, 1.595916E+01, 9.157405E+01, 7.106213E+01, 4.887273E+00, 1.103500E+01,5, 4.591131E+00,7, 1.002553E+00,0, 0.000000E+00,2, 1.896256E+00, 7.603838E-01, 1.135872E+00,3, 0.000000E+00,1,mc_qqps,54
-21042,222,20227,170018,94C2, 9.125000E+01,33,7,40,33,7,-2.753357E+00, 2.051236E+01, 1.028374E+01, 9.582053E+01, 9.489538E+01, 2.875618E+00,-1.220010E+00, 1.623928E+01, 8.487129E+00, 1.210591E+02, 5.491805E+01, 8.913155E+00, 1.374463E+01,12, 9.115864E+00,0, 0.000000E+00,0, 0.000000E+00,5, 1.045172E+01, 9.976206E-01, 4.537872E+00,NULL,NULL,1,mc_qqps,54
-21042,223,20227,170031,94C2, 9.125000E+01,32,12,44,32,12, 1.534879E-01, 1.013741E+00,-2.959028E-01, 5.772785E+01, 5.702380E+01, 1.781994E+00,-5.304929E+00, 6.529563E+00, 3.981093E+00, 7.932791E+01, 5.029892E+01, 7.371159E+00, 5.280163E+00,12, 2.930523E+00,0, 0.000000E+00,0, 0.000000E+00,8, 1.658147E+01, 6.000414E-01, 4.232008E+00,NULL,NULL,1,mc_qqps,54
-21042,224,20227,170044,94C2, 9.125000E+01,32,12,44,32,12,-2.207677E+00, 3.963879E+00,-2.772118E-01, 6.028746E+01, 5.979041E+01, 1.868450E+00, 2.214448E+00,-1.518324E+00, 9.446785E-01, 8.628540E+01, 5.619070E+01, 6.324959E+00, 1.511638E+01,15, 4.501871E+00,0, 0.000000E+00,0, 0.000000E+00,8, 1.094438E+01, 5.979006E-01, 2.692925E+00,NULL,NULL,1,mc_qqps,54
-21042,225,20227,170057,94C2, 9.125000E+01,26,19,45,26,19,-1.282458E-01,-1.320186E-01,-8.739564E-01, 4.749530E+01, 4.717404E+01, 1.814386E+00,-7.208629E+00,-1.814758E-01, 3.558790E+00, 8.766711E+01, 4.580111E+01, 1.914392E+01, 1.517351E+01,17, 9.840260E-01,1, 0.000000E+00,0, 0.000000E+00,12, 2.316315E+01, 4.033075E-01, 6.365085E+00,NULL,NULL,1,mc_qqps,54
-21042,226,20227,170111,94C2, 9.125000E+01,31,9,40,31,9, 1.194896E-01, 6.841961E+00,-3.844088E+00, 6.634102E+01, 6.554579E+01, 2.114380E+00,-1.694345E+00, 7.513138E+00,-5.570133E+00, 7.151486E+01, 8.567370E+00, 3.966066E+00, 0.000000E+00,3, 0.000000E+00,10, 3.282232E+00,0, 0.000000E+00,3, 2.002468E+00, 3.842013E-01, 1.207780E+00,2, 0.000000E+00,0,mc_qqps,54
-21042,227,20227,170126,94C2, 9.125000E+01,34,12,46,34,12,-6.532305E+00, 6.213772E+00, 1.083803E+01, 5.092147E+01, 5.010756E+01, 1.473752E+00,-1.127711E+01, 4.553683E+00, 2.107796E+01, 8.735706E+01, 4.880563E+01, 2.295473E+01, 1.273301E+01,7, 0.000000E+00,3, 0.000000E+00,0, 0.000000E+00,6, 1.983227E+01, 7.897333E-01, 6.580922E+00,NULL,NULL,1,mc_qqps,54
-21042,228,20227,170136,94C2, 9.125000E+01,23,22,45,23,22,-1.870316E+00, 4.957197E+00,-1.572386E+01, 4.011607E+01, 3.973286E+01, 1.727516E+00,-8.115506E-01, 9.896863E-01,-6.626595E+00, 7.802384E+01, 8.074165E+00, 3.002133E+01, 8.278087E+00,1, 0.000000E+00,18, 1.567082E+01,0, 0.000000E+00,NULL,NULL,NULL,NULL,5, 0.000000E+00,0,mc_qqps,54
-21042,229,20227,170201,94C2, 9.125000E+01,34,19,53,34,19,-2.846095E+00, 4.218391E+00,-2.481141E+00, 4.962869E+01, 4.907425E+01, 1.443360E+00,-8.697069E+00, 6.748807E+00,-9.977525E+00, 8.380893E+01, 3.939267E+01, 2.676607E+01, 3.585494E+00,22, 6.474179E+00,0, 0.000000E+00,0, 0.000000E+00,14, 2.842918E+01, 3.447378E-01, 1.259745E+01,NULL,NULL,1,mc_qqps,54
-21042,230,20227,170216,94C2, 9.125000E+01,24,14,38,24,14, 7.360857E+00, 1.273659E+01,-1.333084E+01, 4.631033E+01, 4.586560E+01, 1.911067E+00, 3.258208E+00,-2.771838E-01,-3.428495E-01, 8.675892E+01, 3.276783E+01, 3.428335E+01, 2.628297E+00,12, 6.058612E-01,2, 0.000000E+00,0, 0.000000E+00,8, 3.611500E+01, 5.447181E-01, 2.091230E+01,NULL,NULL,1,mc_qqps,54
-21042,231,20227,170228,94C2, 9.125000E+01,20,10,30,20,10, 3.919756E+00, 1.324688E+01,-7.282594E+00, 4.617286E+01, 4.596906E+01, 2.298453E+00, 2.488570E+00, 8.352242E+00,-3.040535E+00, 7.596269E+01, 4.559216E+01, 1.920214E+01, 7.497035E+00,13, 9.925488E+00,0, 0.000000E+00,0, 0.000000E+00,8, 2.036771E+01, 5.405169E-01, 9.161907E+00,NULL,NULL,1,mc_qqps,54
-21042,232,20227,170240,94C2, 9.125000E+01,14,12,26,14,12, 5.785384E-01,-1.699604E+01,-6.844517E+00, 5.990991E+01, 5.971082E+01, 4.265059E+00, 8.567145E-01,-4.212829E+00,-2.070825E+00, 1.048113E+02, 2.550524E+01, 2.690006E+01, 1.619128E+01,14, 7.051954E+00,0, 0.000000E+00,0, 0.000000E+00,9, 2.882394E+01, 4.045281E-01, 9.885047E+00,NULL,NULL,1,mc_qqps,54
-21042,233,20227,170252,94C2, 9.125000E+01,13,12,25,13,12,-1.468572E+00,-3.849963E+00,-3.931599E+00, 2.818539E+01, 2.808167E+01, 2.160129E+00, 3.053321E-01, 5.198387E+00, 1.089395E+00, 9.427598E+01, 2.479158E+01, 3.942355E+01, 2.236674E+01,11, 1.085508E+00,0, 0.000000E+00,0, 0.000000E+00,8, 4.393988E+01, 4.532449E-01, 2.739753E+01,NULL,NULL,1,mc_qqps,54
-21042,234,20227,170302,94C2, 9.125000E+01,24,9,33,24,9,-1.069123E+01, 5.006375E+00,-1.858335E+00, 4.346292E+01, 4.314806E+01, 1.797836E+00,-2.317475E+01, 1.292499E+00,-3.835703E+00, 6.218048E+01, 3.856306E+01, 1.115805E+01, 7.576103E+00,13, 4.534721E+00,0, 0.000000E+00,0, 0.000000E+00,7, 7.121878E+00, 5.834947E-01, 1.420692E+00,NULL,NULL,1,mc_qqps,54
-21042,235,20227,170312,94C2, 9.125000E+01,26,29,55,26,29, 1.592946E-01, 3.340931E+00, 2.959447E+00, 2.168167E+01, 2.079807E+01, 7.999259E-01,-1.510185E+00, 4.446193E+00, 1.977722E+00, 6.614163E+01, 8.878529E+00, 3.284673E+01, 1.152115E+01,3, 0.000000E+00,23, 4.303787E+00,0, 0.000000E+00,2, 3.431229E+00, 4.420866E-01, 2.989142E+00,2, 0.000000E+00,0,mc_qqps,54
-21042,236,20227,170329,94C2, 9.125000E+01,25,10,35,25,10, 5.987527E+00, 3.097772E+00,-6.318793E+00, 4.363898E+01, 4.325533E+01, 1.730213E+00, 1.230155E+01, 6.381558E+00,-1.199832E+01, 5.956786E+01, 2.909048E+01, 4.461688E+00, 1.087589E+01,1, 0.000000E+00,6, 0.000000E+00,0, 0.000000E+00,1, 7.422947E-01, 7.422947E-01, 7.422947E-01,1, 0.000000E+00,1,mc_qqps,54
-21042,237,20227,170348,94C2, 9.125000E+01,35,9,44,35,9,-2.277360E+01,-7.457066E+00,-1.456209E+01, 8.027014E+01, 7.969090E+01, 2.276883E+00,-1.636971E+01,-4.111233E+00,-9.664873E+00, 9.525775E+01, 5.942541E+01, 1.361477E+01, 1.469601E+00,12, 4.432355E+00,0, 0.000000E+00,0, 0.000000E+00,7, 1.361477E+01, 5.891993E-01, 6.322772E+00,NULL,NULL,1,mc_qqps,54
-21042,238,20227,170402,94C2, 9.125000E+01,23,9,32,23,9,-1.220236E+00, 3.880148E+00, 3.825912E-01, 7.698089E+01, 7.650178E+01, 3.326164E+00,-1.130788E+00,-3.398226E+00,-3.316255E+00, 8.730910E+01, 7.565019E+01, 8.030877E+00, 2.678354E-01,12, 2.496428E+01,0, 0.000000E+00,0, 0.000000E+00,8, 1.006038E+01, 3.144809E-01, 2.715050E+00,NULL,NULL,1,mc_qqps,54
-21042,239,20227,170414,94C2, 9.125000E+01,24,10,34,24,10,-1.760947E+00, 5.149895E+00,-2.208485E+01, 4.287234E+01, 4.251799E+01, 1.771583E+00,-2.748773E+00, 1.283580E+00, 5.896301E-01, 7.253872E+01, 1.312146E+01, 2.795949E+01, 1.706890E+00,0, 0.000000E+00,8, 4.877409E+00,0, 0.000000E+00,NULL,NULL,NULL,NULL,3, 0.000000E+00,0,mc_qqps,54
-21042,240,20227,170446,94C2, 9.125000E+01,18,7,25,18,7,-2.196135E+01, 4.194111E+00,-1.596119E+01, 3.297454E+01, 3.245353E+01, 1.802974E+00,-6.348959E+00, 1.888068E+00,-5.343123E+00, 7.037821E+01, 3.139014E+01, 9.210230E+00, 2.584518E+01,9, 1.227749E-01,0, 0.000000E+00,0, 0.000000E+00,6, 1.155849E+01, 5.957710E-01, 6.634381E+00,NULL,NULL,1,mc_qqps,54
-21042,241,20227,170458,94C2, 9.125000E+01,36,19,55,36,19,-1.704927E-01,-1.184401E-02, 1.816087E+00, 6.774841E+01, 6.705138E+01, 1.862538E+00,-5.140770E+00,-5.164228E-01, 5.714698E+00, 9.623187E+01, 5.971711E+01, 2.210866E+01, 5.709049E+00,17, 3.794873E+00,2, 0.000000E+00,0, 0.000000E+00,12, 2.012138E+01, 6.240309E-01, 4.796398E+00,NULL,NULL,1,mc_qqps,54
-21042,242,20227,170513,94C2, 9.125000E+01,14,16,30,14,16,-1.958189E+00,-1.645011E+01,-7.144174E+00, 3.248336E+01, 3.221022E+01, 2.300730E+00,-3.801684E+00,-6.966658E+00,-4.583699E+00, 9.617812E+01, 3.149798E+01, 4.553919E+01, 8.450811E+00,12, 0.000000E+00,0, 0.000000E+00,0, 0.000000E+00,12, 5.335339E+01, 4.543409E-01, 2.659570E+01,NULL,NULL,1,mc_qqps,54
-21042,243,20227,170527,94C2, 9.125000E+01,31,15,46,31,15,-1.156573E+00, 1.439336E+00,-2.853853E-01, 5.157961E+01, 5.097068E+01, 1.644216E+00, 1.900859E+00, 7.695144E-01,-7.827985E+00, 8.168737E+01, 4.177983E+01, 2.680401E+01, 3.303752E+00,0, 0.000000E+00,16, 2.302770E+00,0, 0.000000E+00,NULL,NULL,NULL,NULL,1, 0.000000E+00,1,mc_qqps,54
-21042,244,20227,170543,94C2, 9.125000E+01,26,12,38,26,12,-4.565075E+00,-6.631011E+00,-1.484326E+01, 4.521480E+01, 4.471911E+01, 1.719966E+00,-8.799739E-01,-9.442458E+00,-2.944431E+01, 7.159855E+01, 2.762758E+01, 9.644750E+00, 1.680129E+01,4, 0.000000E+00,12, 1.799285E+00,0, 0.000000E+00,1, 1.087799E+00, 1.087799E+00, 1.087799E+00,NULL,NULL,1,mc_qqps,54
-21042,245,20227,170555,94C2, 9.125000E+01,18,11,29,18,11, 2.487073E+00,-8.832295E+00,-3.677895E+00, 3.757036E+01, 3.743321E+01, 2.079623E+00, 3.996235E+00,-1.196090E+01,-3.795205E+00, 7.385183E+01, 3.214026E+01, 1.318557E+01, 1.137014E+01,12, 3.959212E+00,0, 0.000000E+00,0, 0.000000E+00,7, 2.169499E+01, 2.998533E-01, 1.172576E+01,NULL,NULL,1,mc_qqps,54
-21042,246,20227,170605,94C2, 9.125000E+01,36,12,48,36,12, 2.408287E+00, 4.772218E+00, 1.269710E+00, 5.988935E+01, 5.849545E+01, 1.624874E+00,-1.027976E+01,-1.107233E+01,-3.237178E-01, 1.036777E+02, 4.938999E+01, 1.978746E+01, 2.302715E+01,12, 4.711509E+00,1, 0.000000E+00,0, 0.000000E+00,8, 1.950529E+01, 3.771070E-01, 8.232835E+00,1, 0.000000E+00,1,mc_qqps,54
-21042,247,20227,170622,94C2, 9.125000E+01,38,19,57,38,19, 2.139216E+00, 6.194294E+00,-6.028281E+00, 7.373196E+01, 7.311945E+01, 1.924196E+00, 1.094747E+00, 4.376159E+00,-6.218780E+00, 1.095155E+02, 6.853810E+01, 2.995068E+01, 3.498267E+00,20, 2.249492E+00,0, 0.000000E+00,0, 0.000000E+00,15, 2.235885E+01, 6.066373E-01, 4.517930E+00,NULL,NULL,1,mc_qqps,54
-21042,248,20227,170636,94C2, 9.125000E+01,26,17,43,26,17, 4.469634E+00,-9.859355E+00,-7.562909E-01, 3.329095E+01, 3.266107E+01, 1.256195E+00,-1.159177E+01, 1.464619E+01, 1.193152E+00, 6.592477E+01, 2.632717E+01, 2.106377E+01, 1.157006E+01,15, 9.082197E+00,0, 0.000000E+00,0, 0.000000E+00,11, 1.610212E+01, 5.439300E-01, 2.351969E+00,NULL,NULL,1,mc_qqps,54
-21042,249,20227,170650,94C2, 9.125000E+01,18,7,25,18,7, 3.356211E+00,-3.163588E+00, 1.984733E+00, 6.505188E+01, 6.483356E+01, 3.601864E+00, 6.162677E+00,-4.727951E+00, 1.527752E+00, 8.290268E+01, 5.912153E+01, 8.967895E+00, 2.236090E+00,10, 4.536832E+00,0, 0.000000E+00,0, 0.000000E+00,5, 1.597942E+01, 1.171038E+00, 5.576581E+00,NULL,NULL,1,mc_qqps,54
-21042,250,20227,170702,94C2, 9.125000E+01,24,23,47,24,23,-4.682720E+00,-4.411088E+00,-5.457154E+00, 3.289356E+01, 3.247740E+01, 1.353225E+00, 5.472386E-01,-9.420290E+00,-9.416046E+00, 8.982355E+01, 3.119607E+01, 4.746556E+01, 4.970709E+00,23, 4.346982E+00,0, 0.000000E+00,0, 0.000000E+00,18, 4.707635E+01, 4.671997E-01, 1.116049E+01,NULL,NULL,1,mc_qqps,54
-21042,251,20227,170716,94C2, 9.125000E+01,16,4,20,16,4, 3.036637E+01, 3.483560E+00, 1.830687E+00, 5.945200E+01, 5.927056E+01, 3.704410E+00, 1.759377E+01, 2.020627E+00, 8.845231E-01, 7.878027E+01, 5.989020E+01, 1.248172E+00, 1.489622E+01,5, 0.000000E+00,0, 0.000000E+00,0, 0.000000E+00,3, 4.432056E+00, 5.380536E-01, 3.183884E+00,NULL,NULL,1,mc_qqps,54
-21042,252,20227,170728,94C2, 9.125000E+01,27,11,38,27,11, 7.930472E+00,-2.327336E+00,-2.355180E+00, 6.753681E+01, 6.721834E+01, 2.489568E+00,-7.153298E+00,-4.822230E-01, 5.349450E+00, 9.300739E+01, 6.193264E+01, 2.447089E+01, 9.996918E-01,15, 3.323637E+00,1, 0.000000E+00,0, 0.000000E+00,8, 2.286641E+01, 4.587810E-01, 1.332172E+01,NULL,NULL,1,mc_qqps,54
-21042,253,20227,170740,94C2, 9.125000E+01,15,9,24,15,9,-7.607834E-01, 7.978393E+00,-4.882616E+00, 5.759964E+01, 5.749017E+01, 3.832678E+00, 2.401670E+00,-1.919749E+01, 1.440572E+01, 1.016708E+02, 5.756559E+01, 2.099303E+01, 2.312849E+01,7, 1.018467E+01,2, 5.451392E-01,0, 0.000000E+00,3, 3.954659E+00, 6.797152E-01, 1.757508E+00,NULL,NULL,1,mc_qqps,54
-21042,254,20227,170752,94C2, 9.125000E+01,14,9,23,14,9,-1.222860E+01,-8.019801E+00,-2.781753E+01, 4.593650E+01, 4.558680E+01, 3.256200E+00, 9.467938E-01,-1.172316E+00, 1.629116E+00, 7.940327E+01, 4.147634E+01, 1.974745E+01, 1.390272E+01,0, 0.000000E+00,9, 1.731875E+00,0, 0.000000E+00,NULL,NULL,NULL,NULL,NULL,NULL,1,mc_qqps,54
-21042,255,20227,170801,94C2, 9.125000E+01,23,12,35,23,12, 1.973516E+00,-3.379165E+00, 2.888817E+01, 4.677646E+01, 4.636243E+01, 2.015758E+00, 4.205142E-01, 1.894300E-01, 1.525969E+01, 8.241895E+01, 1.283369E+01, 2.935395E+01, 6.288527E+00,0, 0.000000E+00,10, 4.021076E+00,0, 0.000000E+00,NULL,NULL,NULL,NULL,2, 0.000000E+00,1,mc_qqps,54
-21042,256,20227,170813,94C2, 9.125000E+01,36,8,44,36,8,-4.063890E+00,-7.409261E+00, 2.827779E-01, 8.301959E+01, 8.240500E+01, 2.289028E+00,-2.177997E+00,-1.627893E+00, 3.977892E-01, 9.163601E+01, 8.161359E+01, 3.405644E+00, 2.515728E+00,12, 4.508597E+00,0, 0.000000E+00,0, 0.000000E+00,4, 5.466893E+00, 5.734181E-01, 2.695039E+00,NULL,NULL,1,mc_qqps,54
-21042,257,20227,170827,94C2, 9.125000E+01,37,18,55,37,18,-5.284606E+00,-4.494032E+00,-6.273507E+00, 4.379462E+01, 4.295890E+01, 1.161051E+00, 3.722512E+00,-3.104844E+00, 2.599276E+00, 9.285416E+01, 2.413661E+01, 3.472193E+01, 1.450016E+01,9, 0.000000E+00,2, 0.000000E+00,0, 0.000000E+00,9, 3.163590E+01, 8.565989E-01, 1.665037E+01,NULL,NULL,1,mc_qqps,54
-21042,258,20227,170847,94C2, 9.125000E+01,20,11,31,20,11, 3.230103E+00, 2.810103E+00,-1.780962E+01, 9.015641E+01, 9.004881E+01, 4.502440E+00,-2.217761E+00,-5.947120E+00, 2.210878E+00, 1.182294E+02, 6.855684E+01, 7.645785E+00, 2.043512E+01,0, 0.000000E+00,15, 9.592516E+00,0, 0.000000E+00,NULL,NULL,NULL,NULL,NULL,NULL,1,mc_qqps,54
-21042,259,20227,170900,94C2, 9.125000E+01,30,9,39,30,9,-9.387413E+00,-6.721041E+00, 1.118172E+01, 5.632848E+01, 5.585480E+01, 1.861827E+00,-9.265033E+00,-9.200847E+00, 1.199757E+01, 6.606583E+01, 5.396495E+01, 7.542047E+00, 0.000000E+00,12, 0.000000E+00,0, 0.000000E+00,0, 0.000000E+00,8, 9.394198E+00, 4.550635E-01, 2.195309E+00,NULL,NULL,1,mc_qqps,54
-21042,260,20227,170917,94C2, 9.125000E+01,21,13,34,21,13,-7.586351E+00,-7.047182E+00, 8.038992E+00, 5.719699E+01, 5.678770E+01, 2.704176E+00,-1.413316E-02, 7.282004E-01, 4.045310E+00, 8.529865E+01, 5.519956E+01, 2.384076E+01, 8.137630E-01,11, 6.375410E-02,0, 0.000000E+00,0, 0.000000E+00,10, 2.504854E+01, 7.112054E-01, 6.160872E+00,NULL,NULL,1,mc_qqps,54
-21042,261,20227,170931,94C2, 9.125000E+01,25,14,39,25,14, 7.847872E+00,-7.697881E+00,-1.417505E+01, 3.842418E+01, 3.777389E+01, 1.510955E+00,-5.714359E+00, 4.645128E+00, 1.597844E+00, 9.432866E+01, 2.712626E+01, 5.230631E+01, 3.868359E+00,12, 3.019759E+00,0, 0.000000E+00,0, 0.000000E+00,11, 5.230631E+01, 4.855835E-01, 1.602566E+01,NULL,NULL,1,mc_qqps,54
-21042,262,20227,170944,94C2, 9.125000E+01,23,22,45,23,22, 3.813409E+00,-4.571012E+00,-4.435387E+00, 3.788255E+01, 3.745569E+01, 1.628508E+00,-9.402525E+00, 1.110874E+01, 4.906024E+00, 8.385637E+01, 3.654770E+01, 1.963339E+01, 2.326450E+01,22, 2.327563E+00,0, 0.000000E+00,0, 0.000000E+00,16, 1.896441E+01, 4.347599E-01, 2.557671E+00,NULL,NULL,1,mc_qqps,54
-21042,263,20227,170957,94C2, 9.125000E+01,30,9,39,30,9, 9.025051E+00, 5.813382E-01, 4.615541E+00, 6.923608E+01, 6.887253E+01, 2.295751E+00, 1.299305E+00, 1.733637E-01,-8.773229E-01, 8.654534E+01, 6.171603E+01, 1.406639E+01, 2.286829E+00,11, 1.513716E+00,1, 0.000000E+00,0, 0.000000E+00,5, 1.340624E+01, 5.387365E-01, 5.636022E+00,NULL,NULL,1,mc_qqps,54
-21042,264,20227,171011,94C2, 9.125000E+01,34,16,50,34,16,-2.022420E+02,-1.129832E+02,-9.817396E+02, 1.110752E+03, 1.110086E+03, 3.264959E+01,-2.031555E+02,-1.137846E+02,-9.847619E+02, 1.126126E+03, 1.919196E+01, 1.258465E+01, 2.789487E+00,2, 7.890596E-02,18, 1.334368E+01,0, 0.000000E+00,1, 6.774507E-01, 6.774507E-01, 6.774507E-01,2, 0.000000E+00,1,mc_qqps,54
-21042,265,20227,171024,94C2, 9.125000E+01,24,15,39,24,15,-2.791669E+00, 6.200774E+00, 2.788831E+01, 3.673345E+01, 3.636453E+01, 1.515189E+00,-1.828345E+00, 5.127555E+00, 2.271064E+01, 5.786161E+01, 3.094170E+01, 2.017868E+01, 9.494728E-01,2, 0.000000E+00,11, 3.543248E+00,0, 0.000000E+00,2, 1.358895E+00, 5.084453E-01, 8.504498E-01,3, 0.000000E+00,1,mc_qqps,54
-21042,266,20227,171048,94C2, 9.125000E+01,44,26,70,44,26, 7.723740E+00, 2.853735E+00, 8.301950E+00, 5.589626E+01, 5.497940E+01, 1.249532E+00, 3.248112E+00, 1.594568E+01,-2.404731E+00, 9.561517E+01, 3.238683E+01, 2.470501E+01, 1.452107E+01,13, 2.250980E-01,13, 0.000000E+00,0, 0.000000E+00,11, 1.369135E+01, 4.383428E-01, 2.979786E+00,1, 0.000000E+00,1,mc_qqps,54
-21042,267,20227,171109,94C2, 9.125000E+01,31,10,41,31,10,-1.192776E+00,-4.568108E+00, 2.508288E+00, 8.458591E+01, 8.396422E+01, 2.708523E+00, 1.476788E+00, 5.943571E+00,-3.939877E-01, 9.952319E+01, 7.539728E+01, 1.256866E+01, 0.000000E+00,15, 2.276712E+00,0, 0.000000E+00,0, 0.000000E+00,10, 1.493729E+01, 3.947958E-01, 3.559166E+00,NULL,NULL,1,mc_qqps,54
-21042,268,20227,171122,94C2, 9.125000E+01,38,17,55,38,17,-4.866573E+00, 5.621407E+00, 5.631080E+00, 4.497570E+01, 4.437143E+01, 1.167669E+00, 2.171561E+00,-3.049621E+00,-5.027977E+00, 8.311865E+01, 3.902366E+01, 1.340251E+01, 1.861070E+01,15, 4.627247E+00,3, 0.000000E+00,0, 0.000000E+00,10, 1.854898E+01, 4.674875E-01, 6.129733E+00,NULL,NULL,1,mc_qqps,54
-21042,269,20227,171135,94C2, 9.125000E+01,33,15,48,33,15, 3.189775E+00, 1.796921E+00, 3.285853E+00, 5.175082E+01, 5.103920E+01, 1.546642E+00,-3.474558E+00, 4.966324E+00,-6.480765E+00, 8.272784E+01, 4.293333E+01, 2.924635E+01, 1.731520E+00,12, 2.269506E-01,5, 0.000000E+00,0, 0.000000E+00,8, 1.808459E+01, 4.444439E-01, 1.077579E+01,1, 0.000000E+00,1,mc_qqps,54
-21042,270,20227,171155,94C2, 9.125000E+01,32,8,40,32,8,-8.609119E+00, 2.991083E+00,-1.649047E+01, 7.730760E+01, 7.677869E+01, 2.399334E+00,-5.904922E+00, 1.473200E+00,-1.168079E+01, 8.784987E+01, 4.937671E+01, 1.054226E+01, 0.000000E+00,2, 0.000000E+00,13, 8.526113E-01,0, 0.000000E+00,1, 2.743058E+00, 2.743058E+00, 2.743058E+00,1, 0.000000E+00,1,mc_qqps,54
-21042,271,20227,171210,94C2, 9.125000E+01,14,10,24,14,10,-8.960504E+00, 4.380623E+00,-1.552592E+01, 4.943650E+01, 4.934220E+01, 3.524443E+00, 3.873494E+00,-6.261024E-01, 4.476261E+00, 8.020462E+01, 4.244022E+01, 3.011627E+01, 6.518414E-01,1, 0.000000E+00,12, 2.072339E+00,0, 0.000000E+00,NULL,NULL,NULL,NULL,NULL,NULL,1,mc_qqps,54
-21042,272,20227,171220,94C2, 9.125000E+01,19,14,33,19,14,-3.684885E+00, 1.942363E+00, 5.318500E-01, 4.969334E+01, 4.926252E+01, 2.592764E+00, 1.327791E+01,-7.307880E+00,-6.434294E+00, 1.084632E+02, 2.732038E+01, 4.012053E+01, 1.045535E+01,15, 1.365938E+00,0, 0.000000E+00,0, 0.000000E+00,12, 4.812073E+01, 3.157977E-01, 1.593553E+01,NULL,NULL,1,mc_qqps,54
-21042,273,20227,171232,94C2, 9.125000E+01,30,12,42,30,12,-1.302818E+01,-9.384651E+00,-1.104549E+01, 5.745430E+01, 5.687845E+01, 1.895948E+00,-4.367990E+00,-2.605045E+00,-7.785549E-01, 7.606439E+01, 5.053595E+01, 1.660364E+01, 4.687300E-01,13, 3.627440E-01,1, 0.000000E+00,0, 0.000000E+00,9, 1.756918E+01, 4.029705E-01, 7.260684E+00,NULL,NULL,1,mc_qqps,54
-21042,274,20227,171243,94C2, 9.125000E+01,13,7,20,13,7,-1.717841E+01, 5.076551E+00, 1.337888E+01, 6.095870E+01, 6.080850E+01, 4.677577E+00,-1.620484E+01, 5.600851E+00, 1.183358E+01, 6.994894E+01, 5.957086E+01, 6.493138E-01, 6.618257E+00,4, 2.304372E+01,0, 0.000000E+00,0, 0.000000E+00,1, 2.386190E+00, 2.386190E+00, 2.386190E+00,NULL,NULL,1,mc_qqps,54
-21042,275,20227,171252,94C2, 9.125000E+01,26,18,44,26,18,-1.281301E+01, 1.436478E+00,-2.278813E+00, 5.001533E+01, 4.973262E+01, 1.912793E+00,-1.037516E+01, 1.914757E+00,-1.649049E+00, 8.033427E+01, 4.855999E+01, 2.002039E+01, 9.766147E+00,20, 2.663587E+00,0, 0.000000E+00,0, 0.000000E+00,14, 1.780175E+01, 3.849322E-01, 3.365388E+00,NULL,NULL,1,mc_qqps,54
-21042,276,20227,171307,94C2, 9.125000E+01,15,15,30,15,15,-2.707117E+00, 1.441199E+01,-2.876147E-02, 4.903023E+01, 4.893071E+01, 3.262048E+00,-5.718733E+00, 2.121999E+01, 7.306140E-01, 6.820040E+01, 4.412843E+01, 1.638270E+01, 1.321380E+00,14, 9.491324E-01,0, 0.000000E+00,0, 0.000000E+00,12, 1.639683E+01, 4.370039E-01, 3.457269E+00,NULL,NULL,1,mc_qqps,54
-21042,277,20227,171319,94C2, 9.125000E+01,35,9,44,35,9,-8.313122E-01, 4.400646E+00, 8.075904E-01, 5.618600E+01, 5.544822E+01, 1.584235E+00, 8.764505E-02, 5.969996E+00, 2.028284E+00, 7.428807E+01, 5.362170E+01, 1.810208E+01, 0.000000E+00,15, 3.892702E+00,0, 0.000000E+00,0, 0.000000E+00,7, 1.601019E+01, 1.197478E+00, 4.842377E+00,NULL,NULL,1,mc_qqps,54
-21042,278,20227,171334,94C2, 9.125000E+01,20,12,32,20,12,-7.791829E+00, 2.464343E+00,-6.437693E+00, 8.210514E+01, 8.179295E+01, 4.089647E+00,-2.459316E+00, 8.360769E-01,-4.138606E+00, 9.743092E+01, 6.847417E+01, 1.451769E+01, 0.000000E+00,15, 7.986022E+00,0, 0.000000E+00,0, 0.000000E+00,10, 1.452404E+01, 8.080765E-01, 2.198954E+00,NULL,NULL,1,mc_qqps,54
-21042,279,20227,171347,94C2, 9.125000E+01,31,18,49,31,18, 1.652820E-01, 5.081046E-01,-1.524960E+00, 4.582072E+01, 4.515304E+01, 1.456550E+00, 2.065301E+00,-1.470773E+00,-8.547421E+00, 6.382545E+01, 3.091419E+01, 1.452297E+01, 1.737810E+00,8, 4.212536E+00,12, 5.079696E-01,0, 0.000000E+00,5, 5.226020E+00, 5.971130E-01, 1.743958E+00,1, 0.000000E+00,1,mc_qqps,54
-21042,280,20227,171405,94C2, 9.125000E+01,23,14,37,23,14, 9.033916E+00,-9.367204E+00, 1.201232E+00, 6.202059E+01, 6.168652E+01, 2.682023E+00, 3.024211E+00,-1.586070E+00, 2.080344E+00, 8.506535E+01, 6.088910E+01, 2.131889E+01, 2.011754E-01,20, 4.698387E+00,0, 0.000000E+00,0, 0.000000E+00,13, 2.284359E+01, 4.856115E-01, 3.811339E+00,NULL,NULL,1,mc_qqps,54
-21042,281,20227,171418,94C2, 9.125000E+01,42,13,55,42,13, 1.912815E+00, 6.805696E-01,-1.866082E-02, 5.205920E+01, 5.106818E+01, 1.215909E+00,-5.312658E+00, 2.941559E+00, 7.136820E+00, 7.724669E+01, 4.455685E+01, 2.175705E+01, 3.475310E+00,13, 5.230600E-02,0, 0.000000E+00,0, 0.000000E+00,9, 1.821485E+01, 5.260776E-01, 4.184799E+00,NULL,NULL,1,mc_qqps,54
-21042,282,20227,171437,94C2, 9.125000E+01,9,9,18,9,9,-2.455523E-01,-1.066128E+01,-1.233593E+01, 4.569964E+01, 4.552502E+01, 5.058336E+00,-5.551327E-01,-1.007552E+01,-1.135593E+01, 5.510727E+01, 4.559317E+01, 5.448991E+00, 3.489212E+00,3, 0.000000E+00,3, 0.000000E+00,0, 0.000000E+00,3, 1.611086E+00, 4.694293E-01, 6.129164E-01,1, 0.000000E+00,1,mc_qqps,54
-21042,283,20227,171452,94C2, 9.125000E+01,31,26,57,31,26, 5.534318E+00,-8.617774E+00, 2.080793E+01, 5.501645E+01, 5.450092E+01, 1.758094E+00, 5.266289E+00,-4.776610E+00, 9.206910E+00, 1.003039E+02, 2.560279E+01, 3.167393E+01, 1.294323E+01,9, 5.006338E-02,17, 1.661049E+00,0, 0.000000E+00,8, 8.721052E+00, 6.480239E-01, 2.792039E+00,1, 0.000000E+00,1,mc_qqps,54
-21042,284,20227,171508,94C2, 9.125000E+01,32,11,43,32,11,-3.385035E-01, 4.096704E+00, 2.711251E+00, 7.745040E+01, 7.696031E+01, 2.405010E+00,-1.921939E+00,-5.383331E+00,-3.471891E+00, 1.014565E+02, 7.295325E+01, 2.369912E+01, 3.084726E-01,17, 9.955379E+00,0, 0.000000E+00,0, 0.000000E+00,8, 1.923631E+01, 5.628383E-01, 6.274322E+00,NULL,NULL,1,mc_qqps,54
-21042,285,20227,171521,94C2, 9.125000E+01,27,16,43,27,16,-2.374178E-01, 8.023633E+00,-6.475339E+00, 6.800192E+01, 6.748234E+01, 2.499346E+00, 2.583035E+00, 6.668216E+00,-8.680712E+00, 8.826949E+01, 6.058117E+01, 1.192135E+01, 5.236102E+00,8, 1.165218E+00,7, 0.000000E+00,0, 0.000000E+00,6, 5.782068E+00, 4.875123E-01, 1.978078E+00,NULL,NULL,1,mc_qqps,54
-21042,286,20227,171535,94C2, 9.125000E+01,17,15,32,17,15,-4.856032E-01, 2.730850E+00, 3.365553E+00, 6.594695E+01, 6.569852E+01, 3.864619E+00,-3.089919E+00, 7.328998E+00, 1.279329E+01, 8.745344E+01, 6.248832E+01, 1.500050E+01, 6.506002E+00,2, 0.000000E+00,8, 0.000000E+00,0, 0.000000E+00,2, 2.789003E+00, 1.155128E+00, 1.633875E+00,NULL,NULL,1,mc_qqps,54
-21042,287,20227,171549,94C2, 9.125000E+01,30,14,44,30,14, 2.523314E+00, 2.690081E+00,-8.576599E+00, 7.116587E+01, 7.074079E+01, 2.358026E+00,-4.331119E+00,-6.400159E+00, 1.098600E+00, 9.220737E+01, 6.906618E+01, 1.706768E+01, 2.706838E+00,7, 0.000000E+00,6, 5.562080E-01,0, 0.000000E+00,7, 1.382459E+01, 6.036953E-01, 7.303024E+00,1, 0.000000E+00,1,mc_qqps,54
-21042,288,20227,171607,94C2, 9.125000E+01,55,24,79,55,24,-1.433287E+01,-4.256988E-01,-5.352170E+01, 1.671798E+02, 1.662164E+02, 3.022116E+00,-1.393265E+01,-1.908418E+00,-5.151406E+01, 2.010160E+02, 4.629002E+01, 3.267760E+01, 0.000000E+00,19, 9.628964E-01,10, 9.502988E-01,0, 0.000000E+00,15, 2.889048E+01, 4.008678E-01, 1.046119E+01,3, 0.000000E+00,1,mc_qqps,54
-21042,289,20227,171627,94C2, 9.125000E+01,28,12,40,28,12, 3.363905E+01,-1.137146E+01,-8.313725E+00, 4.734621E+01, 4.672191E+01, 1.668640E+00, 1.513350E+01,-3.021339E+00,-2.802401E+00, 7.535120E+01, 4.449995E+01, 2.364233E+01, 3.507596E+00,12, 4.998787E+00,0, 0.000000E+00,0, 0.000000E+00,6, 2.020191E+01, 4.222230E-01, 8.006984E+00,NULL,NULL,1,mc_qqps,54
-21042,290,20227,171639,94C2, 9.125000E+01,34,20,54,34,20, 9.004075E+00, 5.324077E+00,-3.615083E+00, 6.547174E+01, 6.469444E+01, 1.902778E+00, 7.469298E+00,-6.891785E-01,-4.658901E+00, 9.313494E+01, 5.972244E+01, 1.065326E+01, 1.126864E+01,18, 2.505757E+00,2, 0.000000E+00,0, 0.000000E+00,13, 1.546320E+01, 4.835910E-01, 3.601927E+00,NULL,NULL,1,mc_qqps,54
-21042,291,20227,171654,94C2, 9.125000E+01,26,10,36,26,10,-4.421700E-02, 2.281335E-01, 1.209653E+01, 3.144098E+01, 3.081162E+01, 1.185062E+00,-1.799201E+00,-1.507945E-01,-1.955740E+00, 6.342139E+01, 2.291878E+01, 1.129122E+01, 1.492345E+01,4, 5.908706E-02,8, 0.000000E+00,0, 0.000000E+00,1, 5.765747E+00, 5.765747E+00, 5.765747E+00,2, 0.000000E+00,1,mc_qqps,54
-21042,292,20227,171705,94C2, 9.125000E+01,31,11,42,31,11, 3.073002E+00, 1.590067E+01, 3.319559E+00, 5.023008E+01, 4.938438E+01, 1.593044E+00, 1.677311E+00, 1.012723E+01, 3.966421E+00, 7.984682E+01, 2.575601E+01, 5.760994E+00, 1.536726E+01,7, 7.719582E-02,0, 0.000000E+00,0, 0.000000E+00,4, 1.374119E+01, 1.484076E+00, 5.322278E+00,NULL,NULL,1,mc_qqps,54
-21042,293,20227,171738,94C2, 9.125000E+01,34,17,51,34,17, 4.298178E+00,-9.137540E-01, 1.148395E+00, 4.854940E+01, 4.769032E+01, 1.402657E+00,-1.000333E+01,-3.609102E+00, 4.848651E+00, 8.583367E+01, 4.163975E+01, 3.712049E+01, 1.637698E-01,16, 6.818484E-01,2, 0.000000E+00,0, 0.000000E+00,11, 2.494883E+01, 7.794617E-01, 5.245773E+00,NULL,NULL,1,mc_qqps,54
-21042,294,20227,171753,94C2, 9.125000E+01,13,19,32,13,19,-1.251849E+00,-3.861692E-01, 9.867322E+00, 1.665470E+01, 1.640423E+01, 1.261864E+00,-1.256959E+00, 8.810874E-01,-5.068996E+00, 5.344877E+01, 4.756243E+00, 2.707334E+01, 9.720726E+00,1, 0.000000E+00,8, 2.711057E+00,0, 0.000000E+00,NULL,NULL,NULL,NULL,8, 0.000000E+00,0,mc_qqps,54
-21042,295,20227,171827,94C2, 9.125000E+01,37,15,52,37,15,-8.085051E+00,-1.397546E+00, 1.314001E+00, 7.739642E+01, 7.669376E+01, 2.072804E+00,-1.032113E+01, 7.303536E+00,-3.796847E+00, 1.128834E+02, 6.444398E+01, 1.359315E+01, 1.090630E+01,11, 1.117764E+00,4, 5.988942E-01,0, 0.000000E+00,6, 1.982306E+01, 5.629491E-01, 9.388618E+00,NULL,NULL,1,mc_qqps,54
-21042,296,20227,171842,94C2, 9.125000E+01,41,23,64,41,23, 2.916667E+00, 5.920831E+00,-1.976781E+00, 5.735727E+01, 5.606328E+01, 1.367397E+00,-8.331667E-01, 4.086990E+00, 8.648668E-01, 9.784205E+01, 4.525116E+01, 3.173981E+01, 3.722376E+00,27, 3.103620E+00,0, 0.000000E+00,0, 0.000000E+00,18, 3.465096E+01, 4.405817E-01, 9.154819E+00,NULL,NULL,1,mc_qqps,54
-21042,297,20227,171859,94C2, 9.125000E+01,39,13,52,39,13,-6.221645E-01,-5.850932E-02, 2.048396E+00, 7.863499E+01, 7.781889E+01, 1.995356E+00,-1.075119E+00, 2.112501E-01, 3.082658E+00, 8.874165E+01, 6.510575E+01, 6.952116E+00, 7.082480E-01,8, 1.291845E+00,5, 0.000000E+00,0, 0.000000E+00,6, 4.816362E+00, 3.853284E-01, 1.759592E+00,1, 0.000000E+00,1,mc_qqps,54
-21042,298,20227,171917,94C2, 9.125000E+01,33,14,47,33,14, 3.960297E+00,-1.019056E+00,-8.806074E+00, 3.839624E+01, 3.776912E+01, 1.144519E+00, 1.221012E+01,-1.270459E+00,-1.567953E+01, 7.281887E+01, 2.730111E+01, 2.449509E+01, 9.993592E+00,6, 0.000000E+00,6, 0.000000E+00,0, 0.000000E+00,3, 1.324558E+01, 7.024309E-01, 9.433709E+00,1, 0.000000E+00,1,mc_qqps,54
-21042,299,20227,171938,94C2, 9.125000E+01,26,15,41,26,15,-5.879825E+00,-1.225651E+00, 4.123751E+00, 7.729597E+01, 7.689756E+01, 2.957598E+00,-9.008091E+00,-1.424253E+00, 5.348860E+00, 1.027390E+02, 6.541006E+01, 2.176742E+01, 1.594529E+00,17, 3.679772E-01,0, 0.000000E+00,0, 0.000000E+00,13, 2.315839E+01, 7.090772E-01, 4.767362E+00,NULL,NULL,1,mc_qqps,54
-21042,300,20227,171952,94C2, 9.125000E+01,16,18,34,16,18,-4.009768E+00, 4.624077E-01, 5.760221E+00, 5.459993E+01, 5.439386E+01, 3.399616E+00,-1.040656E+01, 4.212934E+00, 2.247844E+01, 9.467570E+01, 1.738651E+01, 1.480369E+01, 2.527207E+01,1, 0.000000E+00,17, 6.876619E+00,0, 0.000000E+00,1, 5.837633E-01, 5.837633E-01, 5.837633E-01,1, 0.000000E+00,1,mc_qqps,54
-21042,301,20227,172004,94C2, 9.125000E+01,24,12,36,24,12,-6.526265E+00, 2.768078E+01,-1.296566E+01, 5.243552E+01, 5.198713E+01, 2.166130E+00,-4.047294E+00, 1.749133E+01,-7.774029E+00, 8.352393E+01, 5.039370E+01, 5.413417E+00, 1.020975E+01,10, 2.942027E-01,0, 0.000000E+00,0, 0.000000E+00,7, 2.095991E+01, 4.919183E-01, 1.418126E+01,NULL,NULL,1,mc_qqps,54
-21042,302,20227,172015,94C2, 9.125000E+01,29,13,42,29,13, 4.690658E+00, 7.936998E-01,-1.166929E+01, 5.491534E+01, 5.433674E+01, 1.873681E+00, 2.406010E+00, 4.455922E-01,-8.588730E+00, 7.566838E+01, 4.867942E+01, 2.028935E+01, 8.923742E-02,7, 2.026188E+00,10, 2.390108E+00,0, 0.000000E+00,4, 3.794806E+00, 3.744586E-01, 1.614661E+00,1, 0.000000E+00,1,mc_qqps,54
-21042,303,20227,172031,94C2, 9.125000E+01,8,11,19,8,11, 3.044910E+00, 5.249055E+00,-3.991015E+00, 6.670703E+01, 6.669068E+01, 8.336335E+00,-4.573618E+00,-7.705288E+00, 4.681622E+00, 9.523164E+01, 6.686244E+01, 1.830664E+01, 7.011785E-01,15, 1.982292E+01,0, 0.000000E+00,0, 0.000000E+00,9, 2.404935E+01, 7.820764E-01, 9.516790E+00,NULL,NULL,1,mc_qqps,54
-21042,304,20227,172042,94C2, 9.125000E+01,15,12,27,15,12,-7.427990E+00, 5.146735E+00, 6.864084E+00, 5.686276E+01, 5.672292E+01, 3.781528E+00,-3.160543E+00, 3.461205E-01, 2.506298E+00, 8.321344E+01, 5.632554E+01, 2.033867E+01, 6.012005E+00,10, 1.587490E+01,3, 0.000000E+00,0, 0.000000E+00,7, 1.809656E+01, 3.278090E-01, 7.265951E+00,1, 0.000000E+00,1,mc_qqps,54
-21042,305,20227,172054,94C2, 9.125000E+01,17,7,24,17,7,-1.014513E+00, 2.298342E+00,-3.119745E+00, 5.563121E+01, 5.535914E+01, 3.256420E+00, 1.292805E+00,-1.776986E+00, 2.508729E+00, 7.394239E+01, 5.408133E+01, 3.584888E+00, 1.107770E+01,6, 1.332273E-01,2, 1.030690E+00,0, 0.000000E+00,4, 5.767527E+00, 6.715176E-01, 3.648597E+00,NULL,NULL,1,mc_qqps,54
-21042,306,20227,172105,94C2, 9.125000E+01,21,14,35,21,14, 2.508131E+00,-5.368473E+00, 8.983070E+00, 7.965034E+01, 7.944140E+01, 3.782924E+00, 4.878480E-01,-2.101827E+00,-1.040380E-01, 9.227303E+01, 7.155895E+01, 1.039854E+01, 2.224162E+00,1, 0.000000E+00,15, 2.393590E+01,0, 0.000000E+00,1, 8.452728E-01, 8.452728E-01, 8.452728E-01,NULL,NULL,1,mc_qqps,54
-21042,307,20227,172116,94C2, 9.125000E+01,41,17,58,41,17, 2.226013E+00, 2.572657E+00, 8.998947E-01, 7.473268E+01, 7.415825E+01, 1.808738E+00, 1.240884E+01,-3.503943E-02,-7.663194E+00, 9.812058E+01, 6.904798E+01, 1.374093E+01, 7.718834E+00,13, 1.055520E+00,3, 0.000000E+00,0, 0.000000E+00,8, 1.255439E+01, 6.301435E-01, 3.123566E+00,NULL,NULL,1,mc_qqps,54
-21042,308,20227,172133,94C2, 9.125000E+01,40,10,50,40,10,-2.156092E+00, 7.963547E+00,-6.649272E+00, 5.440095E+01, 5.368544E+01, 1.342136E+00,-1.394069E+00, 4.243728E+00,-3.358282E+00, 6.811323E+01, 4.721042E+01, 8.616755E+00, 4.687458E+00,6, 0.000000E+00,3, 0.000000E+00,0, 0.000000E+00,3, 5.270350E+00, 4.080653E-01, 2.541920E+00,1, 0.000000E+00,1,mc_qqps,54
-21042,309,20227,172148,94C2, 9.125000E+01,35,10,45,35,10, 3.075265E-01,-1.051438E+00,-1.649771E+00, 4.879006E+01, 4.794307E+01, 1.369802E+00,-1.168638E+00,-9.166100E+00,-5.589950E+00, 8.535136E+01, 3.966022E+01, 1.915474E+01, 1.359731E+01,13, 1.723923E-01,0, 0.000000E+00,0, 0.000000E+00,7, 2.302729E+01, 1.343971E+00, 5.379956E+00,NULL,NULL,1,mc_qqps,54
-21042,310,20227,172202,94C2, 9.125000E+01,20,9,29,20,9, 2.837061E-01,-3.560677E+00, 4.693363E+00, 6.347054E+01, 6.316811E+01, 3.158406E+00,-8.500961E-01,-8.430233E+00, 8.719700E+00, 7.999823E+01, 6.158775E+01, 7.930898E+00, 1.635449E+00,9, 9.722746E-01,0, 0.000000E+00,0, 0.000000E+00,6, 1.489224E+01, 6.145827E-01, 6.274394E+00,NULL,NULL,1,mc_qqps,54
-21042,311,20227,172214,94C2, 9.125000E+01,18,10,28,18,10, 1.214563E+01, 5.287963E+00,-2.461672E+00, 6.082394E+01, 6.064414E+01, 3.369119E+00,-3.714688E-01, 1.371863E+00,-5.394591E-01, 9.136146E+01, 6.054844E+01, 2.298290E+01, 5.586955E+00,11, 5.312030E+00,1, 0.000000E+00,0, 0.000000E+00,7, 2.471984E+01, 7.652986E-01, 1.555668E+01,NULL,NULL,1,mc_qqps,54
-21042,312,20227,172227,94C2, 9.125000E+01,42,13,55,42,13,-2.912772E+00,-1.115801E+00,-1.311823E+01, 5.408554E+01, 5.288525E+01, 1.259173E+00, 2.458892E+00,-9.392963E-01,-9.416652E-01, 7.309574E+01, 3.257203E+01, 1.511802E+01, 2.672704E-01,6, 2.942470E-01,7, 0.000000E+00,0, 0.000000E+00,4, 7.536899E+00, 1.066297E+00, 2.845680E+00,3, 0.000000E+00,1,mc_qqps,54
-21042,313,20227,172247,94C2, 9.125000E+01,21,8,29,21,8, 1.684191E+00,-3.010003E+00, 2.126465E-01, 5.364681E+01, 5.335636E+01, 2.540779E+00,-5.015108E+00, 2.694443E+00, 3.579235E+00, 6.904710E+01, 5.197542E+01, 1.327511E+01, 3.563385E-01,16, 3.394274E+00,0, 0.000000E+00,0, 0.000000E+00,6, 6.575161E+00, 5.006751E-01, 1.857357E+00,NULL,NULL,1,mc_qqps,54
-21042,314,20227,172259,94C2, 9.125000E+01,40,6,46,40,6, 1.507620E+00,-6.920796E+00, 1.083157E+01, 5.633546E+01, 5.533130E+01, 1.383282E+00, 8.928216E+00,-1.054596E+01, 1.411154E+01, 6.619133E+01, 3.756438E+01, 4.876297E+00, 4.555952E+00,10, 5.592553E-01,6, 0.000000E+00,0, 0.000000E+00,2, 4.546376E+00, 5.574464E-01, 3.988930E+00,1, 0.000000E+00,1,mc_qqps,54
-21042,315,20227,172315,94C2, 9.125000E+01,51,22,73,51,22, 9.310318E-01,-1.286770E+01, 9.098648E+00, 6.980253E+01, 6.888890E+01, 1.350763E+00, 3.037507E+00,-2.164909E+01, 9.934201E+00, 1.071494E+02, 5.753640E+01, 1.299118E+01, 1.905622E+01,17, 5.764288E-01,6, 0.000000E+00,0, 0.000000E+00,12, 1.476955E+01, 5.245070E-01, 3.007668E+00,1, 0.000000E+00,1,mc_qqps,54
-21042,316,20227,172337,94C2, 9.125000E+01,21,3,24,21,3, 1.271638E+00,-8.621099E-01, 1.503755E+00, 7.729558E+01, 7.706420E+01, 3.669724E+00, 7.404143E-01,-6.804523E-01, 1.713380E+00, 8.147961E+01, 6.416422E+01, 3.763353E+00, 4.206781E-01,6, 7.109885E+00,0, 0.000000E+00,0, 0.000000E+00,2, 3.763353E+00, 1.573378E+00, 2.189976E+00,NULL,NULL,1,mc_qqps,54
-21042,317,20227,172349,94C2, 9.125000E+01,28,16,44,28,16,-6.352363E+00, 1.281988E+00, 5.908280E+00, 5.609873E+01, 5.565984E+01, 1.987851E+00, 8.914332E+00,-4.063939E-01,-9.493089E+00, 8.335204E+01, 5.190453E+01, 1.300530E+01, 1.300524E+01,10, 0.000000E+00,4, 0.000000E+00,0, 0.000000E+00,8, 1.041976E+01, 4.173614E-01, 3.334773E+00,NULL,NULL,1,mc_qqps,54
-21042,318,20227,172405,94C2, 9.125000E+01,50,16,66,50,16, 2.678774E+00, 3.297648E+00, 1.857717E+00, 6.016830E+01, 5.891701E+01, 1.178340E+00, 8.061299E-01,-4.975128E-01,-1.070293E+00, 8.118797E+01, 5.457022E+01, 1.885660E+01, 2.163066E+00,7, 0.000000E+00,8, 0.000000E+00,0, 0.000000E+00,5, 5.678551E+00, 4.922289E-01, 1.979840E+00,NULL,NULL,1,mc_qqps,54
-21042,319,20227,172429,94C2, 9.125000E+01,27,8,35,27,8,-2.601269E+00, 4.602362E+00,-4.461496E+00, 8.278634E+01, 8.241293E+01, 3.052330E+00,-2.483289E+00, 4.215324E+00,-3.936766E+00, 9.085852E+01, 8.144048E+01, 5.665238E+00, 0.000000E+00,2, 0.000000E+00,7, 0.000000E+00,0, 0.000000E+00,2, 4.554415E+00, 2.147479E+00, 2.406935E+00,NULL,NULL,1,mc_qqps,54
-21042,320,20227,172441,94C2, 9.125000E+01,45,14,59,45,14,-1.005807E+01,-5.113334E-01,-7.496897E+00, 6.845575E+01, 6.757396E+01, 1.501644E+00,-6.618191E+00, 1.713524E+00,-5.477726E+00, 9.577131E+01, 5.525677E+01, 2.125537E+01, 4.705893E+00,17, 2.836657E-01,0, 0.000000E+00,0, 0.000000E+00,11, 2.264219E+01, 5.146916E-01, 6.506873E+00,NULL,NULL,1,mc_qqps,54
-21042,321,20227,172456,94C2, 9.125000E+01,24,10,34,24,10,-1.309116E+01, 1.433528E+00,-6.453181E+00, 7.744016E+01, 7.719806E+01, 3.216586E+00,-1.820508E+01,-5.616455E+00,-8.171396E+00, 1.143239E+02, 7.413827E+01, 1.945317E+01, 1.782661E+01,8, 1.193773E+01,0, 0.000000E+00,0, 0.000000E+00,4, 1.534674E+01, 5.272591E-01, 1.055432E+01,NULL,NULL,1,mc_qqps,54
-21042,322,20227,172509,94C2, 9.125000E+01,24,13,37,24,13,-1.058825E+00,-4.535560E+00, 3.523364E+00, 6.772901E+01, 6.748978E+01, 2.812074E+00,-1.183269E+00,-8.537388E-01, 3.957094E-01, 8.696088E+01, 6.776335E+01, 1.384434E+01, 3.277936E+00,22, 1.824710E+01,0, 0.000000E+00,0, 0.000000E+00,11, 1.601046E+01, 3.937964E-01, 3.348746E+00,NULL,NULL,1,mc_qqps,54
-21042,323,20227,172523,94C2, 9.125000E+01,28,11,39,28,11,-5.997899E+00, 4.919808E+00, 3.340998E+00, 6.601403E+01, 6.554739E+01, 2.340978E+00,-4.399171E+00, 4.490904E+00, 3.981784E+00, 7.733228E+01, 3.217509E+01, 1.095336E+01, 3.648841E-01,0, 0.000000E+00,16, 8.918461E+00,0, 0.000000E+00,NULL,NULL,NULL,NULL,NULL,NULL,1,mc_qqps,54
-21042,324,20227,172539,94C2, 9.125000E+01,32,14,46,32,14, 5.036275E+00, 3.963855E+00,-5.967158E+01, 9.898377E+01, 9.834506E+01, 3.073283E+00, 3.966990E+00, 4.250730E+00,-4.992757E+01, 1.314337E+02, 1.793024E+01, 3.147698E+01, 9.728785E-01,1, 0.000000E+00,14, 4.230572E+00,0, 0.000000E+00,NULL,NULL,NULL,NULL,3, 0.000000E+00,1,mc_qqps,54
-21042,325,20227,172618,94C2, 9.125000E+01,15,19,34,15,19, 2.434646E+01,-8.989773E+00,-3.959773E-01, 4.368449E+01, 4.350641E+01, 2.900428E+00, 7.109088E+00,-9.920494E-01,-1.966467E-01, 8.345469E+01, 3.911664E+01, 2.310107E+01, 1.615906E+01,19, 1.057621E+01,0, 0.000000E+00,0, 0.000000E+00,15, 2.361112E+01, 5.100574E-01, 6.745571E+00,NULL,NULL,1,mc_qqps,54
-21042,326,20227,172630,94C2, 9.125000E+01,7,5,12,7,5,-1.986399E+00,-6.580361E-01,-2.602361E+00, 4.896086E+01, 4.894411E+01, 6.992016E+00,-1.016950E+01, 6.908496E-01,-9.346972E+00, 6.861889E+01, 4.902256E+01, 1.844105E+01, 0.000000E+00,10, 1.769411E+01,0, 0.000000E+00,0, 0.000000E+00,5, 1.965803E+01, 9.742439E-01, 8.311682E+00,NULL,NULL,1,mc_qqps,54
-21042,327,20227,172640,94C2, 9.125000E+01,20,8,28,20,8, 1.045235E+01, 1.734076E+01, 6.945625E+00, 6.682337E+01, 6.659860E+01, 3.329930E+00, 7.803414E+00, 1.268131E+01, 4.953577E+00, 9.810147E+01, 6.575950E+01, 2.836669E+01, 1.107877E+00,10, 3.478069E+00,0, 0.000000E+00,0, 0.000000E+00,7, 3.017021E+01, 5.833505E-01, 1.813457E+01,NULL,NULL,1,mc_qqps,54
-21042,328,20227,172652,94C2, 9.125000E+01,20,11,31,20,11, 2.828159E+00,-2.107169E+01,-1.134403E+01, 5.302189E+01, 5.269407E+01, 2.634703E+00,-4.578241E-01,-4.626229E+00,-1.062066E+00, 7.569604E+01, 5.003144E+01, 1.414740E+01, 5.441999E+00,12, 4.014834E+00,0, 0.000000E+00,0, 0.000000E+00,7, 1.723216E+01, 5.006462E-01, 1.161509E+01,NULL,NULL,1,mc_qqps,54
-21042,329,20227,172706,94C2, 9.125000E+01,31,13,44,31,13,-2.471455E+00, 3.210935E+00, 2.420183E+00, 7.284465E+01, 7.227718E+01, 2.331522E+00, 1.191653E+00,-1.098268E+01,-2.373513E+00, 9.778893E+01, 6.415443E+01, 2.242719E+01, 0.000000E+00,12, 2.623910E-01,0, 0.000000E+00,0, 0.000000E+00,9, 2.062377E+01, 5.058482E-01, 5.779034E+00,NULL,NULL,1,mc_qqps,54
-21042,330,20227,172722,94C2, 9.125000E+01,50,18,68,50,18, 1.045166E+00, 8.062652E-01, 1.915190E+00, 6.944431E+01, 6.827731E+01, 1.365546E+00, 8.775999E+00, 5.413178E+00, 8.200390E+00, 1.057492E+02, 5.715165E+01, 2.917500E+01, 0.000000E+00,20, 1.251859E+01,1, 0.000000E+00,0, 0.000000E+00,13, 2.576512E+01, 4.652171E-01, 6.571349E+00,NULL,NULL,1,mc_qqps,54
-21042,331,20227,172741,94C2, 9.125000E+01,17,12,29,17,12, 2.156705E+00, 1.728632E+01, 1.574043E+00, 6.227910E+01, 6.208998E+01, 3.652352E+00,-7.958460E-02, 8.310677E-01, 9.060706E-01, 9.442931E+01, 5.321238E+01, 2.201044E+01, 8.154991E+00,17, 1.056691E+01,0, 0.000000E+00,0, 0.000000E+00,11, 2.399521E+01, 4.150974E-01, 6.452607E+00,NULL,NULL,1,mc_qqps,54
-21042,332,20227,172754,94C2, 9.125000E+01,28,15,43,28,15, 5.083219E-01, 4.125190E+00,-6.805226E+00, 5.281947E+01, 5.230211E+01, 1.867933E+00, 2.058122E+00, 8.841411E-01,-4.006063E+00, 9.548473E+01, 4.869535E+01, 3.859031E+01, 0.000000E+00,16, 6.540067E+00,0, 0.000000E+00,0, 0.000000E+00,13, 3.515962E+01, 6.550679E-01, 6.482732E+00,NULL,NULL,1,mc_qqps,54
-21042,333,20227,172809,94C2, 9.125000E+01,23,12,35,23,12, 1.825780E+01, 6.216490E+00, 8.842309E+00, 6.297672E+01, 6.261615E+01, 2.722441E+00, 2.068025E+01, 7.443405E+00, 1.145062E+01, 1.154090E+02, 6.123507E+01, 2.546723E+01, 1.965791E+01,11, 5.680248E+00,0, 0.000000E+00,0, 0.000000E+00,6, 3.096383E+01, 3.242635E-01, 1.464794E+01,NULL,NULL,1,mc_qqps,54
-21042,334,20227,172823,94C2, 9.125000E+01,40,8,48,40,8, 2.848605E+00,-1.487811E+01,-3.828240E+00, 7.005176E+01, 6.871406E+01, 1.717851E+00, 3.786053E+00,-4.967348E+00,-4.116893E-01, 9.036071E+01, 6.116354E+01, 2.030896E+01, 0.000000E+00,11, 3.736311E+00,0, 0.000000E+00,0, 0.000000E+00,6, 1.758872E+01, 5.099027E-01, 6.246982E+00,NULL,NULL,1,mc_qqps,54
-21042,335,20227,172859,94C2, 9.125000E+01,23,9,32,23,9,-3.556862E+00,-2.803484E+01,-1.136267E+01, 5.300437E+01, 5.259600E+01, 2.286783E+00, 9.646980E-01,-4.790579E+00,-1.303307E+00, 1.020582E+02, 3.008943E+01, 1.244306E+01, 3.599849E+01,12, 2.267879E+00,0, 0.000000E+00,0, 0.000000E+00,7, 1.044594E+01, 5.365064E-01, 4.350270E+00,NULL,NULL,1,mc_qqps,54
-21042,336,20227,172912,94C2, 9.125000E+01,38,12,50,38,12, 1.403362E+01,-8.570007E+00, 3.915062E+00, 4.888794E+01, 4.766908E+01, 1.254449E+00,-2.847351E+00, 1.601879E+00, 1.162242E+00, 7.858893E+01, 2.395917E+01, 1.585575E+01, 2.051907E+00,13, 3.592406E+00,0, 0.000000E+00,0, 0.000000E+00,9, 2.765715E+01, 5.525195E-01, 1.180140E+01,NULL,NULL,1,mc_qqps,54
-21042,337,20227,172926,94C2, 9.125000E+01,22,14,36,22,14, 4.454221E-01, 6.150714E-02, 5.459013E-01, 5.593800E+01, 5.570123E+01, 2.531874E+00, 1.491776E+00, 4.711818E-01, 3.283291E+00, 6.740038E+01, 4.882392E+01, 4.152905E+00, 4.658650E+00,13, 1.874213E+00,0, 0.000000E+00,0, 0.000000E+00,8, 7.032746E+00, 4.389447E-01, 1.211852E+00,NULL,NULL,1,mc_qqps,54
-21042,338,20227,172937,94C2, 9.125000E+01,34,19,53,34,19, 4.666270E+00, 2.191965E-01, 1.124323E+01, 5.129477E+01, 5.049804E+01, 1.485237E+00, 5.956852E+00,-7.497054E-01, 1.183708E+01, 8.739172E+01, 4.519455E+01, 2.888527E+01, 7.236731E+00,3, 0.000000E+00,16, 9.031453E-01,0, 0.000000E+00,3, 1.657800E+00, 5.209791E-01, 6.041812E-01,NULL,NULL,1,mc_qqps,54
-21042,339,20227,172957,94C2, 9.125000E+01,44,18,62,44,18,-5.746778E+00,-6.556742E+00, 1.314727E+01, 6.120769E+01, 6.022752E+01, 1.368807E+00,-1.802992E+00,-1.598656E+00, 4.910277E+00, 8.544685E+01, 4.576225E+01, 2.423917E+01, 0.000000E+00,6, 2.417927E-01,16, 1.338281E+00,0, 0.000000E+00,4, 3.043620E+00, 6.377696E-01, 9.022958E-01,NULL,NULL,1,mc_qqps,54
-21042,340,20227,173015,94C2, 9.125000E+01,40,12,52,40,12, 1.613160E+00, 1.753589E+00,-4.949103E+00, 7.485584E+01, 7.418771E+01, 1.854693E+00, 8.470155E+00, 1.452911E+00,-1.191602E+01, 9.380437E+01, 7.357491E+01, 1.369091E+01, 5.334290E+00,10, 0.000000E+00,2, 0.000000E+00,0, 0.000000E+00,6, 1.269149E+01, 6.535232E-01, 4.859499E+00,NULL,NULL,1,mc_qqps,54
-21042,341,20227,173033,94C2, 9.125000E+01,36,14,50,36,14,-2.305696E+01,-3.443013E+00, 4.005551E+00, 5.404937E+01, 5.326205E+01, 1.479501E+00,-1.748230E+01,-1.315552E+00, 2.220582E+00, 8.973515E+01, 4.397721E+01, 3.011876E+01, 5.064382E+00,16, 8.523389E+00,0, 0.000000E+00,0, 0.000000E+00,11, 3.000603E+01, 5.064221E-01, 1.640899E+01,NULL,NULL,1,mc_qqps,54
-21042,342,20227,173117,94C2, 9.125000E+01,27,13,40,27,13, 1.825984E-01, 7.519360E-01,-2.397873E+00, 5.637636E+01, 5.571068E+01, 2.063359E+00, 5.422686E+00, 2.503204E+00,-6.265012E+00, 8.409408E+01, 4.934206E+01, 2.674172E+01, 9.759996E-01,14, 1.313076E+00,2, 0.000000E+00,0, 0.000000E+00,10, 2.528726E+01, 3.949108E-01, 6.718425E+00,NULL,NULL,1,mc_qqps,54
-21042,343,20227,173135,94C2, 9.125000E+01,33,17,50,33,17,-9.797799E+00,-2.282425E+00,-1.022887E+01, 7.330784E+01, 7.280303E+01, 2.206152E+00,-2.807574E+00,-1.890066E-01,-4.091576E+00, 1.061439E+02, 6.883475E+01, 2.362404E+01, 7.698916E+00,14, 1.708750E+00,1, 0.000000E+00,0, 0.000000E+00,11, 2.090961E+01, 8.992068E-01, 4.700457E+00,NULL,NULL,1,mc_qqps,54
-21042,344,20227,173217,94C2, 9.125000E+01,30,16,46,30,16,-2.550148E+02,-1.828345E+02, 1.881491E+02, 4.346429E+02, 4.342453E+02, 1.447484E+01,-2.478816E+02,-1.821727E+02, 1.765254E+02, 4.676973E+02, 4.605396E+01, 2.215020E+01, 1.090425E+01,18, 2.298818E+00,5, 3.983881E-01,0, 0.000000E+00,10, 1.918772E+01, 4.937990E-01, 3.109601E+00,NULL,NULL,1,mc_qqps,54
-21042,345,20227,173402,94C2, 9.125000E+01,54,18,72,54,18, 4.133380E+00,-5.103508E+00,-6.238036E+00, 7.544705E+01, 7.385538E+01, 1.367692E+00,-2.397873E+00, 3.767282E-01,-5.042471E-01, 9.789759E+01, 5.269854E+01, 1.841185E+01, 2.138911E+00,19, 5.103203E+00,1, 0.000000E+00,0, 0.000000E+00,11, 1.715411E+01, 5.484875E-01, 5.596040E+00,NULL,NULL,1,mc_qqps,54
-21042,346,20227,173430,94C2, 9.125000E+01,39,11,50,39,11, 2.850493E-01, 5.845478E+00, 2.967499E+01, 1.164603E+02, 1.159450E+02, 2.972948E+00,-2.176235E+00, 7.389462E+00, 3.219076E+01, 1.274519E+02, 7.210658E+01, 1.099162E+01, 0.000000E+00,4, 0.000000E+00,22, 1.589952E+01,0, 0.000000E+00,4, 4.546291E+00, 5.742497E-01, 1.874224E+00,NULL,NULL,1,mc_qqps,54
-21042,347,20227,173445,94C2, 9.125000E+01,28,18,46,28,18, 1.293391E+01,-2.516823E-01,-1.311169E+01, 4.521854E+01, 4.487220E+01, 1.602579E+00, 2.882674E+01, 1.365372E+00,-2.765856E+01, 7.742522E+01, 3.552696E+01, 2.438878E+01, 7.196830E+00,15, 3.111589E-01,2, 0.000000E+00,0, 0.000000E+00,10, 1.898883E+01, 3.905293E-01, 4.745801E+00,1, 0.000000E+00,1,mc_qqps,54
-21042,348,20227,173509,94C2, 9.125000E+01,28,18,46,28,18, 5.580903E-01, 1.074551E-01,-3.684515E+00, 1.789475E+01, 1.698604E+01, 6.066443E-01, 1.012112E-01, 2.400272E+00, 4.067336E+00, 4.930622E+01, 1.083909E+01, 2.828431E+01, 3.131327E+00,3, 0.000000E+00,7, 0.000000E+00,0, 0.000000E+00,1, 1.618920E+00, 1.618920E+00, 1.618920E+00,7, 0.000000E+00,0,mc_qqps,54
-21042,349,20227,173556,94C2, 9.125000E+01,40,11,51,40,11, 4.988130E+00, 1.460161E+01,-1.798471E-01, 8.225813E+01, 8.138343E+01, 2.034586E+00, 6.984974E-01, 1.002408E+01, 8.391140E-01, 9.470567E+01, 6.450964E+01, 8.668064E+00, 2.359193E+00,11, 5.238385E+00,3, 0.000000E+00,0, 0.000000E+00,6, 7.568912E+00, 6.461480E-01, 2.425934E+00,NULL,NULL,1,mc_qqps,54
-21042,350,20227,173612,94C2, 9.125000E+01,35,9,44,35,9,-4.009470E+00, 4.092152E+00,-5.859344E+01, 1.303041E+02, 1.297598E+02, 3.707422E+00,-5.596248E+00, 4.974220E+00,-6.344607E+01, 1.386869E+02, 2.116812E+01, 6.932298E+00, 1.450595E+00,2, 0.000000E+00,13, 2.637544E+00,0, 0.000000E+00,2, 1.843634E+00, 8.601903E-01, 9.834442E-01,NULL,NULL,1,mc_qqps,54
-21042,351,20227,173626,94C2, 9.125000E+01,15,6,21,15,6, 8.350868E+00,-5.804481E+00, 1.162207E+00, 6.407019E+01, 6.392921E+01, 4.261947E+00, 1.085668E+00,-9.745857E-02,-2.292030E-01, 8.603626E+01, 6.393289E+01, 2.096418E+01, 1.003458E+00,11, 1.676905E+01,1, 0.000000E+00,0, 0.000000E+00,4, 2.016924E+01, 9.206892E-01, 8.745077E+00,NULL,NULL,1,mc_qqps,54
-21042,352,20227,173636,94C2, 9.125000E+01,27,24,51,27,24,-3.071763E-01,-7.247234E+00,-1.552613E+01, 5.118971E+01, 5.083618E+01, 1.882821E+00, 3.459061E-01,-8.162201E+00,-1.027159E+01, 8.248750E+01, 3.261144E+01, 2.427822E+01, 5.631408E+00,15, 1.446683E-01,6, 7.969902E-01,0, 0.000000E+00,14, 2.001595E+01, 3.747784E-01, 5.291357E+00,NULL,NULL,1,mc_qqps,54
-21042,353,20227,173655,94C2, 9.125000E+01,24,7,31,24,7,-6.532217E+00, 1.100355E+01,-4.524375E+00, 8.979958E+01, 8.958030E+01, 3.732512E+00,-5.577729E+00, 1.623660E+01,-5.776973E+00, 1.021130E+02, 5.623710E+01, 4.692782E+00, 7.620683E+00,7, 1.509636E+01,1, 0.000000E+00,0, 0.000000E+00,2, 2.671471E+00, 1.102023E+00, 1.569447E+00,NULL,NULL,1,mc_qqps,54
-21042,354,20227,173708,94C2, 9.125000E+01,28,23,51,28,23, 4.109149E+00, 4.370842E-01, 2.669805E+00, 6.355346E+01, 6.314106E+01, 2.255038E+00, 4.325383E+00,-3.170214E+00, 1.829237E+00, 1.032810E+02, 5.745883E+01, 2.236602E+01, 1.313778E+01,23, 9.412121E+00,0, 0.000000E+00,0, 0.000000E+00,16, 2.346907E+01, 3.114778E-01, 5.665976E+00,NULL,NULL,1,mc_qqps,54
-21042,355,20227,173722,94C2, 9.125000E+01,43,16,59,43,16,-4.298037E+00,-1.723119E-01,-4.312369E-02, 6.427357E+01, 6.302977E+01, 1.465809E+00,-1.212138E+01,-1.931689E-01, 2.771832E+00, 9.625250E+01, 4.662405E+01, 2.364194E+01, 7.944757E+00,17, 8.082290E+00,0, 0.000000E+00,0, 0.000000E+00,10, 1.512504E+01, 3.922380E-01, 3.388212E+00,NULL,NULL,1,mc_qqps,54
-21042,356,20227,173745,94C2, 9.125000E+01,41,15,56,41,15, 1.606714E+00, 3.757753E+00, 1.822928E+00, 4.927966E+01, 4.852507E+01, 1.183538E+00, 5.672418E+00,-2.048264E+00, 4.660810E+00, 7.174974E+01, 4.486886E+01, 1.982166E+01, 2.648415E+00,8, 1.767136E+00,11, 2.849960E-01,0, 0.000000E+00,3, 1.061402E+01, 6.480981E-01, 9.025403E+00,NULL,NULL,1,mc_qqps,54
-21042,357,20227,173802,94C2, 9.125000E+01,19,14,33,19,14, 9.132183E+00,-1.131315E+00,-8.240119E+00, 5.885691E+01, 5.862871E+01, 3.085721E+00, 5.466037E+00,-7.015828E-01,-8.661471E+00, 9.194250E+01, 4.399142E+01, 3.246236E+01, 0.000000E+00,13, 9.052525E+00,2, 0.000000E+00,0, 0.000000E+00,11, 2.181845E+01, 4.234911E-01, 5.039640E+00,NULL,NULL,1,mc_qqps,54
-21042,358,20227,173816,94C2, 9.125000E+01,27,14,41,27,14,-2.567519E+00,-4.931351E+00,-5.770627E+00, 8.104639E+01, 8.078371E+01, 2.991989E+00,-8.080003E+00,-1.247479E+01,-1.348538E+01, 1.061411E+02, 7.445815E+01, 2.329580E+01, 0.000000E+00,19, 1.494989E+01,0, 0.000000E+00,0, 0.000000E+00,11, 1.670513E+01, 6.073262E-01, 2.659033E+00,NULL,NULL,1,mc_qqps,54
-21042,359,20227,173831,94C2, 9.125000E+01,29,10,39,29,10,-3.274555E+00,-2.141876E+00,-2.792577E+00, 6.236253E+01, 6.202883E+01, 2.138925E+00,-5.702719E+00,-2.983607E+00,-4.353488E+00, 7.992847E+01, 5.395121E+01, 1.197348E+01, 3.229107E+00,13, 1.915208E-01,0, 0.000000E+00,0, 0.000000E+00,8, 1.437763E+01, 5.698465E-01, 4.011162E+00,NULL,NULL,1,mc_qqps,54
-21042,360,20227,173901,94C2, 9.125000E+01,25,7,32,25,7, 5.320860E-01, 5.542603E-01,-1.306860E+00, 7.743650E+01, 7.686310E+01, 3.074524E+00,-6.330091E+00, 5.869993E-01,-9.845245E-02, 1.032543E+02, 7.181706E+01, 1.329554E+01, 1.252225E+01,9, 0.000000E+00,0, 0.000000E+00,0, 0.000000E+00,5, 1.329554E+01, 4.923590E-01, 4.898039E+00,NULL,NULL,1,mc_qqps,54
-21042,361,20227,173915,94C2, 9.125000E+01,30,24,54,30,24, 2.507671E+00, 8.070236E+00,-5.489255E+00, 4.835853E+01, 4.788517E+01, 1.596172E+00, 2.783076E-01, 4.000165E+00,-4.314164E+00, 1.008875E+02, 4.572707E+01, 4.128866E+01, 1.124030E+01,15, 5.448419E-01,9, 0.000000E+00,0, 0.000000E+00,12, 1.915840E+01, 4.202788E-01, 3.856007E+00,NULL,NULL,1,mc_qqps,54
-21042,362,20227,173953,94C2, 9.125000E+01,30,27,57,30,27, 7.460556E+00,-3.140559E-01, 1.720581E+01, 5.373403E+01, 5.331918E+01, 1.777306E+00, 1.189579E+01,-3.600247E+00, 2.155202E+01, 9.625101E+01, 3.287690E+01, 1.721464E+01, 2.530741E+01,0, 0.000000E+00,23, 5.110857E+00,0, 0.000000E+00,NULL,NULL,NULL,NULL,NULL,NULL,1,mc_qqps,54
-21042,363,20227,174011,94C2, 9.125000E+01,39,9,48,39,9,-1.134846E+00,-1.878217E+00,-6.712373E-01, 6.684805E+01, 6.595095E+01, 1.691050E+00, 1.412899E+00, 5.885116E+00, 1.323806E+00, 9.102736E+01, 5.848003E+01, 6.595497E+00, 1.620045E+01,14, 1.074625E+01,0, 0.000000E+00,0, 0.000000E+00,6, 7.978849E+00, 6.463760E-01, 2.448833E+00,NULL,NULL,1,mc_qqps,54
-21042,364,20227,174027,94C2, 9.125000E+01,57,23,80,57,23, 6.118601E+00,-5.092657E+00,-1.052660E+01, 5.398666E+01, 5.259316E+01, 9.226871E-01,-1.389022E+00,-7.736341E+00,-1.427995E+01, 9.221861E+01, 3.803549E+01, 1.584613E+01, 9.805572E+00,9, 1.147554E-01,11, 8.600172E-01,0, 0.000000E+00,5, 1.648403E+01, 1.085156E+00, 6.542774E+00,NULL,NULL,1,mc_qqps,54
-21042,365,20227,174052,94C2, 9.125000E+01,17,9,26,17,9,-1.384742E+01, 2.066153E+01, 1.236441E+01, 7.654457E+01, 7.624695E+01, 4.485115E+00,-1.356416E+01, 2.083380E+01, 1.203482E+01, 1.003460E+02, 7.524712E+01, 1.232485E+01, 7.549482E+00,11, 1.917123E+01,0, 0.000000E+00,0, 0.000000E+00,6, 1.625191E+01, 4.493706E-01, 7.796781E+00,NULL,NULL,1,mc_qqps,54
-21042,366,20227,174104,94C2, 9.125000E+01,28,13,41,28,13,-1.530124E+00,-7.094320E+00, 7.407525E+00, 7.493910E+01, 7.449075E+01, 2.660384E+00,-7.302445E-01,-3.507234E+00, 4.624941E+00, 9.663057E+01, 6.949206E+01, 2.112234E+01, 5.691279E-01,9, 8.037190E-01,5, 0.000000E+00,0, 0.000000E+00,6, 1.584266E+01, 1.083915E+00, 7.177013E+00,1, 0.000000E+00,1,mc_qqps,54
-21042,367,20227,174140,94C2, 9.125000E+01,43,22,65,43,22,-9.165413E-01,-6.471571E+00,-1.172617E+01, 6.339969E+01, 6.242065E+01, 1.451643E+00,-2.600577E+00, 2.705937E+00, 3.527990E+00, 1.022392E+02, 4.005260E+01, 1.682706E+01, 2.221093E+01,3, 0.000000E+00,22, 4.902955E+00,0, 0.000000E+00,2, 2.709087E+00, 1.248324E+00, 1.460763E+00,NULL,NULL,1,mc_qqps,54
-21042,368,20227,174157,94C2, 9.125000E+01,30,6,36,30,6, 2.065103E+01,-9.625328E+00, 1.226059E-01, 5.465303E+01, 5.409124E+01, 1.803041E+00,-3.805760E+01, 2.134291E+01,-5.358309E+00, 1.266798E+02, 4.676714E+01, 6.828453E+01, 3.742233E+00,8, 4.918610E-01,0, 0.000000E+00,0, 0.000000E+00,3, 3.429028E+01, 5.769972E-01, 3.155940E+01,NULL,NULL,1,mc_qqps,54
-21042,369,20227,174224,94C2, 9.125000E+01,35,28,63,35,28,-5.371403E+00,-3.621285E+00, 6.347029E-01, 4.615999E+01, 4.543486E+01, 1.298139E+00,-8.567566E+00,-8.305006E+00, 5.115222E+00, 7.668346E+01, 2.135246E+01, 2.079255E+01, 9.730906E+00,9, 2.067927E-01,9, 0.000000E+00,0, 0.000000E+00,7, 1.103649E+01, 5.087458E-01, 3.597554E+00,1, 0.000000E+00,1,mc_qqps,54
-21042,370,20227,174247,94C2, 9.125000E+01,30,8,38,30,8, 3.549718E+01,-4.770723E+00, 1.113680E+01, 5.447121E+01, 5.365756E+01, 1.788585E+00, 8.609236E+00, 1.327274E-01, 3.022915E+00, 8.512006E+01, 4.491998E+01, 7.215184E+00, 2.343367E+01,8, 8.881725E-02,0, 0.000000E+00,0, 0.000000E+00,5, 5.383955E+00, 5.623404E-01, 2.157716E+00,NULL,NULL,1,mc_qqps,54
-21042,371,20227,174259,94C2, 9.125000E+01,36,14,50,36,14, 2.236378E+00, 1.228219E+01, 3.990694E+00, 5.621270E+01, 5.562566E+01, 1.545157E+00, 1.759513E+00,-2.210396E+00,-4.537577E+00, 8.844410E+01, 5.325597E+01, 1.849869E+01, 1.089016E+01,19, 3.455888E+00,0, 0.000000E+00,0, 0.000000E+00,10, 2.143929E+01, 3.402981E-01, 1.172128E+01,NULL,NULL,1,mc_qqps,54
-21042,372,20227,174314,94C2, 9.125000E+01,23,16,39,23,16,-3.884095E+00,-1.638602E+01,-4.753587E+00, 8.401891E+01, 8.361462E+01, 3.635418E+00,-5.185853E+00,-7.716600E+00,-4.203179E+00, 1.084233E+02, 7.289518E+01, 1.039664E+01, 3.847325E+00,19, 8.840562E+00,0, 0.000000E+00,0, 0.000000E+00,14, 2.005132E+01, 6.201569E-01, 3.316463E+00,NULL,NULL,1,mc_qqps,54
-21042,373,20227,174327,94C2, 9.125000E+01,36,25,61,36,25, 3.192151E-01,-4.983387E+00,-6.391869E+00, 5.135764E+01, 5.058514E+01, 1.405143E+00,-1.101201E+00,-6.012149E+00,-1.638525E+00, 8.731966E+01, 4.293706E+01, 2.774736E+01, 8.579363E+00,5, 5.632848E-02,17, 5.934871E-01,0, 0.000000E+00,3, 3.625241E+00, 8.117677E-01, 1.583015E+00,NULL,NULL,1,mc_qqps,54
-21042,374,20227,174342,94C2, 9.125000E+01,42,15,57,42,15, 7.249117E+00, 6.737799E-01,-2.918623E+00, 5.527253E+01, 5.408636E+01, 1.287771E+00, 1.503802E+01, 5.931006E+00,-7.420012E+00, 7.686142E+01, 4.519904E+01, 2.122759E+01, 3.612994E-01,20, 2.630833E+00,1, 0.000000E+00,0, 0.000000E+00,14, 2.122759E+01, 5.358299E-01, 3.570205E+00,NULL,NULL,1,mc_qqps,54
-21042,375,20227,174359,94C2, 9.125000E+01,33,10,43,33,10, 5.816143E+00,-1.506039E+01,-5.092303E+01, 7.310416E+01, 7.243140E+01, 2.194891E+00, 6.529245E+00,-1.916420E+01,-6.310202E+01, 9.071279E+01, 2.734622E+01, 1.482003E+01, 2.792082E+00,1, 0.000000E+00,11, 0.000000E+00,0, 0.000000E+00,NULL,NULL,NULL,NULL,NULL,NULL,1,mc_qqps,54
-21042,376,20227,174415,94C2, 9.125000E+01,30,12,42,30,12, 1.821849E+01, 3.113930E+00, 3.028704E+00, 7.461964E+01, 7.399523E+01, 2.466508E+00, 1.765125E+01, 6.360315E+00, 1.798064E+00, 9.305403E+01, 5.065042E+01, 1.683238E+01, 1.602001E+00,18, 1.879372E+01,0, 0.000000E+00,0, 0.000000E+00,10, 1.683238E+01, 1.025277E+00, 2.871701E+00,NULL,NULL,1,mc_qqps,54
-21042,377,20227,174432,94C2, 9.125000E+01,37,11,48,37,11, 6.492476E+00,-4.472066E+00, 8.646077E+00, 8.181788E+01, 8.082379E+01, 2.184427E+00, 7.927961E-01, 3.743665E+00,-1.460532E+00, 9.930913E+01, 7.387041E+01, 1.009177E+01, 5.917776E+00,10, 5.982471E+00,0, 0.000000E+00,0, 0.000000E+00,7, 1.058606E+01, 4.757801E-01, 3.890184E+00,NULL,NULL,1,mc_qqps,54
-21042,378,20227,174449,94C2, 9.125000E+01,48,6,54,48,6, 1.160381E+01,-5.681045E+01,-4.044928E+02, 4.792701E+02, 4.783773E+02, 9.966193E+00, 1.147843E+01,-5.619813E+01,-4.044479E+02, 4.832611E+02, 3.582333E+01, 3.384854E+00, 6.061364E-01,3, 0.000000E+00,13, 3.315029E+00,0, 0.000000E+00,NULL,NULL,NULL,NULL,NULL,NULL,1,mc_qqps,54
-21042,379,20227,174508,94C2, 9.125000E+01,35,22,57,35,22, 1.703560E+00, 5.111043E-01,-1.364442E+00, 6.883946E+01, 6.824044E+01, 1.949727E+00, 2.053894E+00,-3.068410E+00, 3.228826E+00, 8.876316E+01, 6.033430E+01, 1.134725E+01, 4.080200E+00,10, 9.761619E-02,9, 0.000000E+00,0, 0.000000E+00,9, 7.979542E+00, 3.951282E-01, 1.239236E+00,NULL,NULL,1,mc_qqps,54
-21042,380,20227,174527,94C2, 9.125000E+01,14,23,37,14,23, 6.391175E-01, 1.751714E+00,-8.179171E+00, 2.178839E+01, 2.154917E+01, 1.539227E+00, 2.909314E-01,-2.803521E-01,-8.102884E-01, 7.474036E+01, 5.138898E+00, 3.474135E+01, 1.821063E+01,0, 0.000000E+00,15, 4.847111E+00,0, 0.000000E+00,NULL,NULL,NULL,NULL,7, 0.000000E+00,0,mc_qqps,54
-21042,381,20227,184249,94C2, 9.125000E+01,31,16,47,31,16,-6.756425E+00,-6.672544E-01,-3.430133E+00, 6.862030E+01, 6.788592E+01, 2.189868E+00,-3.237752E+00,-2.732631E+00,-8.310958E-01, 1.023943E+02, 6.225402E+01, 3.103638E+01, 1.055953E+00,15, 4.821124E-01,0, 0.000000E+00,0, 0.000000E+00,12, 2.349025E+01, 3.419977E-01, 6.590597E+00,NULL,NULL,1,mc_qqps,54
-21042,382,20227,184305,94C2, 9.125000E+01,23,18,41,23,18, 2.872169E+00, 9.486793E+00,-7.010781E+00, 3.339897E+01, 3.270876E+01, 1.422120E+00, 3.364684E+00, 1.172683E+01,-6.881898E+00, 1.092950E+02, 3.067233E+01, 4.769919E+01, 2.790555E+01,16, 3.360818E-01,0, 0.000000E+00,0, 0.000000E+00,14, 4.811241E+01, 4.132240E-01, 1.914812E+01,NULL,NULL,1,mc_qqps,54
-21042,383,20227,184319,94C2, 9.125000E+01,53,12,65,53,12, 2.920508E+00, 6.214091E+00, 1.447711E+01, 8.112440E+01, 7.985023E+01, 1.506608E+00, 2.388327E+00, 8.414660E+00, 1.597555E+01, 9.525506E+01, 7.421188E+01, 9.853014E+00, 3.805193E+00,7, 2.542253E-01,6, 0.000000E+00,0, 0.000000E+00,4, 5.882976E+00, 4.724472E-01, 3.351473E+00,NULL,NULL,1,mc_qqps,54
-21042,384,20227,184335,94C2, 9.125000E+01,31,16,47,31,16, 5.598284E+00, 1.406652E+01, 1.671235E+01, 4.035032E+01, 3.973334E+01, 1.281721E+00, 7.271548E+00, 6.549830E+00, 1.125182E+01, 6.660916E+01, 3.801721E+01, 1.737525E+01, 2.821005E+00,10, 0.000000E+00,3, 0.000000E+00,0, 0.000000E+00,8, 2.021029E+01, 7.195323E-01, 7.285785E+00,NULL,NULL,1,mc_qqps,54
-21042,385,20227,184358,94C2, 9.125000E+01,31,21,52,31,21,-5.608382E+00,-3.805354E+00, 9.649473E+00, 4.611760E+01, 4.553040E+01, 1.468722E+00,-6.450549E+00,-3.779114E+00, 9.598688E+00, 7.210111E+01, 3.930042E+01, 2.154585E+01, 2.801679E+00,7, 0.000000E+00,11, 0.000000E+00,0, 0.000000E+00,5, 8.360752E+00, 8.605459E-01, 3.312193E+00,NULL,NULL,1,mc_qqps,54
-21042,386,20227,184418,94C2, 9.125000E+01,47,9,56,47,9,-6.164562E+00,-1.975285E+00, 1.183641E+01, 4.824821E+01, 4.654527E+01, 9.903250E-01,-3.300956E+00,-1.999479E+00, 7.405691E+00, 5.629457E+01, 3.366285E+01, 7.210420E+00, 0.000000E+00,6, 0.000000E+00,2, 2.311671E+00,0, 0.000000E+00,3, 2.714045E+00, 4.733547E-01, 1.404753E+00,4, 0.000000E+00,1,mc_qqps,54
-21042,387,20227,184437,94C2, 9.125000E+01,23,17,40,23,17,-1.507683E+01, 3.799379E+00,-1.225977E+01, 4.154506E+01, 4.113337E+01, 1.788408E+00, 2.780658E+00,-5.806096E-01,-4.187922E-01, 9.148331E+01, 3.969918E+01, 4.860109E+01, 1.337147E+00,15, 3.467884E+00,4, 0.000000E+00,0, 0.000000E+00,11, 4.110331E+01, 8.465168E-01, 1.028245E+01,NULL,NULL,1,mc_qqps,54
-21042,388,20227,184451,94C2, 9.125000E+01,27,7,34,27,7, 7.255954E-01,-2.367197E-01, 2.182640E+00, 7.974180E+01, 7.911037E+01, 2.930014E+00, 1.202299E+00,-6.008011E-01, 2.797830E+00, 8.452282E+01, 7.698207E+01, 4.177684E+00, 6.033394E-01,2, 4.514173E-02,6, 0.000000E+00,0, 0.000000E+00,1, 9.688192E-01, 9.688192E-01, 9.688192E-01,1, 0.000000E+00,1,mc_qqps,54
-21042,389,20227,184503,94C2, 9.125000E+01,35,14,49,35,14,-2.117875E+01,-1.012971E+01, 1.640518E+01, 6.339603E+01, 6.251398E+01, 1.786114E+00,-1.391637E+01,-7.551488E+00, 1.057021E+01, 9.905792E+01, 4.450966E+01, 1.696569E+01, 1.119749E+01,15, 4.609679E-01,0, 0.000000E+00,0, 0.000000E+00,9, 2.364320E+01, 3.457110E-01, 7.511823E+00,NULL,NULL,1,mc_qqps,54
-21042,390,20227,184519,94C2, 9.125000E+01,36,7,43,36,7, 1.892313E+00,-4.260690E+00,-2.121712E+01, 1.079864E+02, 1.075429E+02, 2.987304E+00, 1.261911E+00,-2.480444E+00,-1.655043E+01, 1.176177E+02, 3.566723E+01, 7.686592E+00, 1.944637E+00,1, 0.000000E+00,16, 9.493508E+00,0, 0.000000E+00,NULL,NULL,NULL,NULL,NULL,NULL,1,mc_qqps,54
-21042,391,20227,184531,94C2, 9.125000E+01,29,16,45,29,16, 1.054189E+01, 9.579261E+00, 1.089842E+01, 5.180013E+01, 5.134011E+01, 1.770349E+00, 1.007581E+01, 8.559250E+00, 1.046992E+01, 8.981214E+01, 4.784969E+01, 2.742491E+01, 7.486651E+00,17, 7.140322E+00,0, 0.000000E+00,0, 0.000000E+00,12, 2.455893E+01, 4.783669E-01, 8.553593E+00,NULL,NULL,1,mc_qqps,54
-21042,392,20227,184545,94C2, 9.125000E+01,17,5,22,17,5,-1.974386E+01,-7.179646E+00, 2.255069E+01, 5.428897E+01, 5.406141E+01, 3.180083E+00,-7.652976E+00,-2.579566E+00, 8.711487E+00, 7.789261E+01, 5.303915E+01, 3.137915E+00, 2.046573E+01,6, 1.829971E+00,0, 0.000000E+00,0, 0.000000E+00,3, 2.809227E+00, 5.059663E-01, 1.485866E+00,NULL,NULL,1,mc_qqps,54
-21042,393,20227,184600,94C2, 9.125000E+01,23,9,32,23,9,-1.572632E+00,-1.635510E+01, 8.455355E+00, 6.580538E+01, 6.537325E+01, 2.842315E+00,-4.231531E-01,-2.682407E+00, 1.892482E+00, 9.604277E+01, 6.396520E+01, 2.803318E+01, 1.193813E+00,12, 1.517279E+01,0, 0.000000E+00,0, 0.000000E+00,6, 2.340150E+01, 6.870288E-01, 1.424909E+01,NULL,NULL,1,mc_qqps,54
-21042,394,20227,184611,94C2, 9.125000E+01,27,11,38,27,11, 1.581377E+00, 6.832752E-01,-8.699450E+00, 7.430566E+01, 7.380701E+01, 2.733593E+00, 3.914705E+00,-2.708191E+00,-1.815966E+01, 1.006863E+02, 6.532848E+01, 9.787956E+00, 1.524093E+01,10, 4.669749E+00,6, 7.455430E-01,0, 0.000000E+00,7, 9.338055E+00, 5.705491E-01, 2.751187E+00,NULL,NULL,1,mc_qqps,54
-21042,395,20227,184627,94C2, 9.125000E+01,66,18,84,66,18,-2.962230E+00, 7.560201E-01, 5.389374E+00, 7.417918E+01, 7.241624E+01, 1.097216E+00,-2.120366E+00,-1.248961E+01,-1.439492E+00, 1.151266E+02, 5.324990E+01, 1.719653E+01, 7.806198E+00,20, 4.745040E+00,0, 0.000000E+00,0, 0.000000E+00,12, 3.071475E+01, 3.952207E-01, 1.092187E+01,NULL,NULL,1,mc_qqps,54
-21042,396,20227,184646,94C2, 9.125000E+01,30,21,51,30,21, 1.139895E+01,-6.913793E+00, 3.468112E+00, 5.777452E+01, 5.720612E+01, 1.906870E+00, 7.987479E-01, 1.670769E+00,-2.104983E+00, 8.737307E+01, 5.542794E+01, 2.520202E+01, 1.635615E+00,23, 5.966659E+00,0, 0.000000E+00,0, 0.000000E+00,17, 2.689718E+01, 4.030732E-01, 4.615341E+00,NULL,NULL,1,mc_qqps,54
-21042,397,20227,184704,94C2, 9.125000E+01,39,29,68,39,29,-3.322799E+00,-1.676435E+00,-9.634689E+00, 4.472627E+01, 4.375647E+01, 1.121961E+00, 4.247798E+00,-5.143753E+00,-1.162214E+00, 7.424452E+01, 3.252942E+01, 2.168737E+01, 8.320103E+00,8, 3.207469E-01,14, 6.913996E-01,0, 0.000000E+00,5, 4.483466E+00, 5.291706E-01, 1.610485E+00,4, 0.000000E+00,1,mc_qqps,54
-21042,398,20227,184731,94C2, 9.125000E+01,27,22,49,27,22,-5.675182E+00,-2.278467E+00,-2.239078E+01, 6.123599E+01, 6.080319E+01, 2.251970E+00,-1.434988E+00, 7.436827E-01,-1.009712E+01, 8.314636E+01, 2.516765E+01, 1.945547E+01, 2.454922E+00,0, 0.000000E+00,20, 2.744880E+00,0, 0.000000E+00,NULL,NULL,NULL,NULL,2, 0.000000E+00,1,mc_qqps,54
-21042,399,20227,184745,94C2, 9.125000E+01,30,13,43,30,13, 9.475246E+00, 9.994097E+00,-1.796142E+01, 6.149547E+01, 6.106606E+01, 2.035535E+00, 1.436090E+01, 1.214315E+01,-1.923449E+01, 9.584290E+01, 5.826946E+01, 2.151711E+01, 1.294413E+01,7, 6.879923E+00,7, 0.000000E+00,0, 0.000000E+00,3, 3.908196E+00, 7.440412E-01, 2.303667E+00,NULL,NULL,1,mc_qqps,54
-21042,400,20227,184801,94C2, 9.125000E+01,15,12,27,15,12,-5.380883E-01,-1.004940E+00,-2.097506E+00, 2.150073E+01, 2.123692E+01, 1.415795E+00,-1.172660E+00, 1.440190E+00, 4.370084E+00, 4.570726E+01, 1.504908E+01, 1.449928E+01, 9.707247E+00,1, 0.000000E+00,8, 5.814516E-01,0, 0.000000E+00,1, 6.393496E-01, 6.393496E-01, 6.393496E-01,NULL,NULL,1,mc_qqps,54
-21042,401,20227,184813,94C2, 9.125000E+01,38,10,48,38,10,-3.293888E+00,-7.010956E-01,-6.773283E+00, 4.326983E+01, 4.262870E+01, 1.121808E+00, 1.347274E+00, 6.578443E+00, 1.885732E+00, 7.703489E+01, 3.120995E+01, 2.242616E+01, 1.149517E+01,9, 5.492412E-01,4, 5.118825E-01,0, 0.000000E+00,4, 2.219741E+01, 8.034275E-01, 1.913250E+01,NULL,NULL,1,mc_qqps,54
-21042,402,20227,184831,94C2, 9.125000E+01,36,20,56,36,20, 1.865532E-02, 2.069624E+01,-4.427145E+00, 4.435180E+01, 4.355027E+01, 1.209730E+00, 6.844683E-01, 1.164870E+01, 2.029365E+00, 7.814467E+01, 2.005926E+01, 1.910631E+01, 8.781067E+00,11, 0.000000E+00,6, 3.799475E+00,0, 0.000000E+00,10, 2.018862E+01, 6.735405E-01, 3.907981E+00,NULL,NULL,1,mc_qqps,54
-21042,403,20227,184848,94C2, 9.125000E+01,36,17,53,36,17,-1.162124E+01, 3.388187E+00, 1.102782E+00, 6.497881E+01, 6.415557E+01, 1.782099E+00,-6.351418E+00, 2.754733E+00, 1.049467E+00, 9.992429E+01, 5.404047E+01, 3.187037E+01, 1.821394E-01,19, 4.701434E+00,0, 0.000000E+00,0, 0.000000E+00,14, 2.940372E+01, 6.451518E-01, 7.245129E+00,NULL,NULL,1,mc_qqps,54
-21042,404,20227,184903,94C2, 9.125000E+01,35,17,52,35,17, 4.245445E+00,-4.534332E+00, 6.756811E+00, 5.036901E+01, 4.956204E+01, 1.416058E+00,-5.638914E-01,-4.312632E+00, 9.983737E+00, 7.172620E+01, 4.577468E+01, 7.947331E+00, 1.178416E+01,10, 1.567383E+00,4, 0.000000E+00,0, 0.000000E+00,6, 5.845245E+00, 6.155648E-01, 1.958628E+00,1, 0.000000E+00,1,mc_qqps,54
-21042,405,20227,184918,94C2, 9.125000E+01,36,17,53,36,17, 4.569350E+00, 8.934362E-01,-6.490098E-01, 4.594487E+01, 4.538327E+01, 1.260646E+00, 1.090869E+00, 6.004846E-01,-7.758175E+00, 8.986961E+01, 3.473393E+01, 3.385966E+01, 7.646852E+00,10, 2.461506E+00,4, 0.000000E+00,0, 0.000000E+00,7, 2.759435E+01, 5.774187E-01, 1.633262E+01,1, 0.000000E+00,1,mc_qqps,54
-21042,406,20227,184938,94C2, 9.125000E+01,30,13,43,30,13,-5.664161E+00, 5.008189E+00, 3.292320E+00, 6.995504E+01, 6.952715E+01, 2.317571E+00,-9.966570E+00, 9.047953E+00, 6.181767E+00, 1.207029E+02, 6.062183E+01, 1.931793E+01, 2.773860E+01,14, 4.527154E-02,0, 0.000000E+00,0, 0.000000E+00,9, 2.061020E+01, 5.206946E-01, 5.898169E+00,NULL,NULL,1,mc_qqps,54
-21042,407,20227,184953,94C2, 9.125000E+01,18,14,32,18,14,-4.247547E+00,-7.050385E+00, 1.207313E+00, 5.725849E+01, 5.696137E+01, 3.164521E+00,-2.263658E+01,-3.623586E+01, 8.600904E+00, 1.335711E+02, 5.488058E+01, 7.573444E+01, 1.096827E-01,17, 1.033789E+01,0, 0.000000E+00,0, 0.000000E+00,11, 2.734927E+01, 4.684606E-01, 6.607666E+00,NULL,NULL,1,mc_qqps,54
-21042,408,20227,185005,94C2, 9.125000E+01,28,29,57,28,29, 9.135959E-01,-2.933736E+00, 6.933066E+00, 5.263675E+01, 5.218033E+01, 1.863583E+00, 8.917397E-01,-4.023839E+00, 1.548623E+01, 8.221378E+01, 1.272107E+01, 2.070230E+01, 8.874758E+00,1, 0.000000E+00,24, 3.111083E+00,0, 0.000000E+00,1, 5.998487E-01, 5.998487E-01, 5.998487E-01,2, 0.000000E+00,1,mc_qqps,54
-21042,409,20227,185023,94C2, 9.125000E+01,20,11,31,20,11,-3.233627E-01, 6.042866E+01,-2.216751E-01, 9.921935E+01, 9.891392E+01, 4.945696E+00,-1.071735E+00, 5.325625E+01,-7.666265E-01, 1.287017E+02, 2.350714E+01, 2.610687E+01, 3.376150E+00,13, 1.587957E+00,0, 0.000000E+00,0, 0.000000E+00,8, 2.597127E+01, 7.665870E-01, 1.324894E+01,NULL,NULL,1,mc_qqps,54
-21042,410,20227,185036,94C2, 9.125000E+01,39,22,61,39,22,-2.863650E-01,-7.792933E+00,-9.714758E+00, 6.550648E+01, 6.498141E+01, 1.666190E+00, 4.388218E-01, 6.074725E+00,-1.472766E+01, 9.261025E+01, 6.217719E+01, 1.727593E+01, 3.545231E+00,22, 8.114222E+00,2, 0.000000E+00,0, 0.000000E+00,14, 2.237745E+01, 6.778907E-01, 5.201892E+00,1, 0.000000E+00,1,mc_qqps,54
-21042,411,20227,185057,94C2, 9.125000E+01,29,12,41,29,12, 6.733607E+00,-2.072347E+01,-5.661610E+00, 6.304029E+01, 6.265602E+01, 2.160553E+00, 1.285119E+00,-1.352627E+01,-5.658705E+00, 8.745691E+01, 5.569699E+01, 4.210084E+00, 1.927232E+01,15, 3.899486E+00,0, 0.000000E+00,0, 0.000000E+00,6, 5.174653E+00, 4.994053E-01, 1.820470E+00,NULL,NULL,1,mc_qqps,54
-21042,412,20227,185110,94C2, 9.125000E+01,20,17,37,20,17,-4.580107E+00, 3.225966E-01,-4.903830E-01, 3.452097E+01, 3.421104E+01, 1.710552E+00,-3.272678E+00, 4.419387E+00,-1.535736E+01, 5.814479E+01, 1.704050E+01, 2.362382E+01, 0.000000E+00,2, 2.026972E-01,17, 6.550880E+00,0, 0.000000E+00,NULL,NULL,NULL,NULL,3, 0.000000E+00,1,mc_qqps,54
-21042,413,20227,185126,94C2, 9.125000E+01,46,17,63,46,17, 5.302989E+00, 3.229272E+00,-2.257208E+00, 6.766510E+01, 6.705878E+01, 1.457800E+00, 8.603296E+00, 3.073161E+00,-3.727461E+00, 8.945425E+01, 6.264937E+01, 1.495012E+01, 6.292207E+00,20, 1.711199E+00,0, 0.000000E+00,0, 0.000000E+00,11, 1.556239E+01, 4.185803E-01, 4.773792E+00,NULL,NULL,1,mc_qqps,54
-21042,414,20227,185144,94C2, 9.125000E+01,17,13,30,17,13,-7.664152E+00,-4.814509E+00,-1.068045E+01, 3.743594E+01, 3.717825E+01, 2.186956E+00,-6.608267E+00,-4.477672E+00,-9.975377E+00, 5.487763E+01, 3.468007E+01, 1.395389E+01, 1.683594E+00,10, 9.160521E-02,5, 0.000000E+00,0, 0.000000E+00,9, 1.239220E+01, 6.431162E-01, 3.052327E+00,NULL,NULL,1,mc_qqps,54
-21042,415,20227,185206,94C2, 9.125000E+01,30,12,42,30,12,-9.051559E+00, 1.876407E+00, 4.038636E+00, 5.917575E+01, 5.874947E+01, 1.958316E+00,-8.195953E+00, 3.516485E+00, 1.260245E+00, 6.890309E+01, 5.620028E+01, 7.925817E+00, 1.257001E+00,15, 3.207952E+00,0, 0.000000E+00,0, 0.000000E+00,8, 7.602585E+00, 4.138165E-01, 1.672799E+00,NULL,NULL,1,mc_qqps,54
-21042,416,20227,185223,94C2, 9.125000E+01,29,7,36,29,7, 1.153096E+00,-2.718039E+01, 1.103452E+01, 7.245665E+01, 7.160745E+01, 2.469223E+00, 9.359646E-01,-2.388426E+01, 9.748310E+00, 8.420065E+01, 3.465763E+01, 5.789532E+00, 1.953873E+00,10, 0.000000E+00,0, 0.000000E+00,0, 0.000000E+00,6, 9.790131E+00, 5.217465E-01, 4.000599E+00,NULL,NULL,1,mc_qqps,54
-21042,417,20227,185234,94C2, 9.125000E+01,26,12,38,26,12,-9.371278E-01,-9.096759E-01, 2.256811E+00, 5.803819E+01, 5.741805E+01, 2.208386E+00,-1.420229E+00,-1.863740E+00, 2.100422E+00, 8.081699E+01, 5.471610E+01, 2.099855E+01, 1.780258E+00,15, 5.502890E+00,0, 0.000000E+00,0, 0.000000E+00,9, 2.099855E+01, 7.344448E-01, 6.979528E+00,NULL,NULL,1,mc_qqps,54
-21042,418,20227,185250,94C2, 9.125000E+01,32,15,47,32,15,-2.063356E+02, 2.244581E+02,-2.286846E+03, 2.934872E+03, 2.934243E+03, 9.169508E+01,-2.114191E+02, 2.273477E+02,-2.287683E+03, 2.961042E+03, 1.000736E+01, 1.568486E+01, 1.048771E+01,0, 0.000000E+00,18, 2.238432E+01,0, 0.000000E+00,NULL,NULL,NULL,NULL,1, 0.000000E+00,0,mc_qqps,54
-21042,419,20227,185306,94C2, 9.125000E+01,20,7,27,20,7, 6.245170E+00, 3.547445E+00, 1.647996E+00, 6.548547E+01, 6.519985E+01, 3.259993E+00, 8.729449E+00, 6.997138E+00, 2.004277E+00, 7.820212E+01, 6.262272E+01, 9.374946E+00, 1.132458E+00,12, 2.926592E+00,0, 0.000000E+00,0, 0.000000E+00,6, 1.158418E+01, 9.489696E-01, 4.464529E+00,NULL,NULL,1,mc_qqps,54
-21042,420,20227,185315,94C2, 9.125000E+01,27,10,37,27,10,-1.553466E+00,-3.335372E+00,-4.201763E+00, 5.850330E+01, 5.786572E+01, 2.143175E+00,-2.245397E+00,-7.408016E-01, 8.016352E+00, 8.011548E+01, 5.457256E+01, 1.876574E+01, 3.185143E+00,5, 1.350846E-01,9, 7.654920E-01,0, 0.000000E+00,3, 1.488864E+00, 3.162507E-01, 7.153478E-01,1, 0.000000E+00,1,mc_qqps,54
-21042,421,20227,185343,94C2, 9.125000E+01,20,10,30,20,10, 1.421240E+01,-1.720701E+01, 3.890253E+00, 6.671053E+01, 6.638822E+01, 3.319411E+00, 1.721796E+00,-1.454353E+00,-2.295076E-01, 8.926057E+01, 6.142743E+01, 2.158256E+01, 3.534894E-01,11, 9.954071E-01,0, 0.000000E+00,0, 0.000000E+00,9, 2.219653E+01, 5.403641E-01, 1.043903E+01,NULL,NULL,1,mc_qqps,54
-21042,422,20227,185359,94C2, 9.125000E+01,26,7,33,26,7,-6.541557E+00,-1.477695E+00, 1.359857E+01, 7.277104E+01, 7.233756E+01, 2.782214E+00,-5.312355E+00,-5.774200E-02, 1.076419E+01, 8.183846E+01, 6.658633E+01, 2.303170E+00, 3.538722E+00,3, 0.000000E+00,5, 0.000000E+00,0, 0.000000E+00,2, 3.264917E+00, 5.947730E-01, 2.670144E+00,1, 0.000000E+00,1,mc_qqps,54
-21042,423,20227,185413,94C2, 9.125000E+01,28,17,45,28,17,-2.989848E+00,-3.133440E+00,-2.132063E-01, 6.153754E+01, 6.095672E+01, 2.177026E+00, 8.270258E+00, 2.252666E+00, 1.438056E+00, 9.301994E+01, 5.808974E+01, 2.090053E+01, 1.011493E+01,16, 5.663763E+00,0, 0.000000E+00,0, 0.000000E+00,11, 1.710397E+01, 5.350308E-01, 4.078822E+00,NULL,NULL,1,mc_qqps,54
-21042,424,20227,185426,94C2, 9.125000E+01,24,16,40,24,16,-1.997281E+01,-2.288566E+00,-1.571045E+01, 5.776083E+01, 5.687759E+01, 2.369900E+00,-2.299624E+01,-4.073037E+00,-1.827075E+01, 9.007887E+01, 5.115223E+01, 2.735586E+01, 1.247439E-01,16, 3.689385E+00,1, 0.000000E+00,0, 0.000000E+00,13, 3.157065E+01, 6.763821E-01, 1.352411E+01,NULL,NULL,1,mc_qqps,54
-21042,425,20227,185440,94C2, 9.125000E+01,18,17,35,18,17,-1.058023E+01, 1.563825E+00, 1.564682E+01, 5.044396E+01, 5.032324E+01, 2.795736E+00,-3.939565E+00, 2.972787E+00, 1.261706E+00, 8.733290E+01, 4.438935E+01, 1.846695E+01, 1.842199E+01,7, 0.000000E+00,15, 6.745212E+00,0, 0.000000E+00,6, 1.020540E+01, 4.337128E-01, 3.244408E+00,NULL,NULL,1,mc_qqps,54
-21042,426,20227,185456,94C2, 9.125000E+01,15,14,29,15,14, 5.531745E+00, 5.646417E+00,-1.862405E+01, 3.824713E+01, 3.806462E+01, 2.537641E+00,-2.404685E+00,-1.883795E+00, 4.334084E+00, 9.694556E+01, 3.483616E+01, 1.719613E+01, 4.150566E+01,2, 0.000000E+00,7, 5.866950E-01,0, 0.000000E+00,2, 1.927950E+00, 5.749391E-01, 1.353011E+00,NULL,NULL,1,mc_qqps,54
-21042,427,20227,185508,94C2, 9.125000E+01,37,11,48,37,11,-9.680326E+00,-3.774093E-01, 2.445044E+00, 5.810814E+01, 5.727761E+01, 1.548043E+00, 1.956653E+00, 1.684414E+00,-4.331309E-01, 7.702268E+01, 5.000262E+01, 1.805191E+01, 8.626357E-01,14, 7.651902E-01,0, 0.000000E+00,0, 0.000000E+00,9, 1.750204E+01, 3.476917E-01, 6.538907E+00,NULL,NULL,1,mc_qqps,54
-21042,428,20227,185521,94C2, 9.125000E+01,9,16,25,9,16,-1.475367E+00, 2.225951E+00,-3.312925E-01, 4.383510E+00, 4.147233E+00, 4.608036E-01,-1.714839E+00, 2.666777E+00,-6.224716E+00, 2.999229E+01, 3.195534E+00, 2.483175E+01, 9.264048E-01,1, 0.000000E+00,6, 0.000000E+00,0, 0.000000E+00,NULL,NULL,NULL,NULL,8, 0.000000E+00,0,mc_qqps,54
-21042,429,20227,185544,94C2, 9.125000E+01,25,15,40,25,15,-6.146015E+00,-2.652142E+01, 2.304008E+01, 6.105931E+01, 6.042197E+01, 2.416879E+00,-2.721499E+00,-1.795111E+01, 1.638375E+01, 8.845461E+01, 5.044170E+01, 2.437309E+01, 0.000000E+00,14, 0.000000E+00,0, 0.000000E+00,0, 0.000000E+00,14, 2.699217E+01, 3.464256E-01, 5.364267E+00,NULL,NULL,1,mc_qqps,54
-21042,430,20227,185558,94C2, 9.125000E+01,44,24,68,44,24,-2.075832E+00, 8.314287E+00, 2.703082E+00, 5.767533E+01, 5.690982E+01, 1.293405E+00,-3.911368E+00, 1.611956E+01, 9.856409E+00, 9.993665E+01, 4.059939E+01, 3.736834E+01, 7.766572E-01,26, 4.907928E+00,1, 0.000000E+00,0, 0.000000E+00,18, 3.564760E+01, 3.589684E-01, 5.588380E+00,NULL,NULL,1,mc_qqps,54
-21042,431,20227,185616,94C2, 9.125000E+01,31,6,37,31,6,-2.881618E+00, 4.359188E+00,-3.964796E+00, 7.606413E+01, 7.560423E+01, 2.438846E+00, 4.063061E+00,-4.797654E+00, 4.876326E+00, 9.708552E+01, 7.427398E+01, 9.660658E+00, 8.645137E+00,8, 6.648664E-01,1, 0.000000E+00,0, 0.000000E+00,3, 7.600683E+00, 8.016469E-01, 4.011107E+00,NULL,NULL,1,mc_qqps,54
-21042,432,20227,185628,94C2, 9.125000E+01,29,12,41,29,12, 6.776203E+00, 4.531440E+00, 1.671408E+00, 7.033230E+01, 6.990062E+01, 2.410366E+00, 1.823443E+00,-7.795392E-01,-1.769958E+00, 8.805868E+01, 6.259825E+01, 9.168983E+00, 6.464850E+00,13, 2.627483E+00,1, 0.000000E+00,0, 0.000000E+00,7, 9.663988E+00, 5.613750E-01, 2.187777E+00,NULL,NULL,1,mc_qqps,54
-21042,433,20227,185646,94C2, 9.125000E+01,40,9,49,40,9, 3.136952E+00,-3.651958E+00,-9.036019E+00, 5.800131E+01, 5.724519E+01, 1.431130E+00, 7.222239E+00,-5.345749E+00,-1.023685E+01, 6.967873E+01, 5.372163E+01, 8.309653E+00, 1.961081E+00,11, 4.900782E-01,2, 0.000000E+00,0, 0.000000E+00,7, 8.808915E+00, 3.092175E-01, 2.685189E+00,NULL,NULL,1,mc_qqps,54
-21042,434,20227,185702,94C2, 9.125000E+01,31,10,41,31,10, 9.075322E+00,-2.486502E+01, 1.245563E-02, 6.203874E+01, 6.164584E+01, 1.988575E+00, 4.206761E-01,-2.375957E+00,-6.362908E-01, 8.821151E+01, 5.967480E+01, 2.401915E+01, 2.210366E+00,18, 7.600183E+00,0, 0.000000E+00,0, 0.000000E+00,9, 2.401915E+01, 4.413564E-01, 1.307424E+01,NULL,NULL,1,mc_qqps,54
-21042,435,20227,185717,94C2, 9.125000E+01,32,17,49,32,17, 2.310075E+00, 2.882845E-01, 7.488362E-01, 7.036632E+01, 6.990089E+01, 2.184403E+00, 3.448659E+00,-4.721402E-01, 7.046725E-01, 9.556592E+01, 6.715601E+01, 2.366196E+01, 1.129856E+00,19, 5.199380E+00,0, 0.000000E+00,0, 0.000000E+00,13, 2.137037E+01, 5.226399E-01, 5.437606E+00,NULL,NULL,1,mc_qqps,54
-21042,436,20227,185731,94C2, 9.125000E+01,67,8,75,67,8,-2.598124E+02, 2.773784E+02, 9.778613E+01, 4.560033E+02, 4.541011E+02, 6.777628E+00,-2.595483E+02, 2.769871E+02, 9.678123E+01, 4.627374E+02, 5.527406E+01, 5.268620E+00, 4.693828E-01,10, 2.846641E+00,3, 0.000000E+00,0, 0.000000E+00,4, 5.084036E+00, 4.640118E-01, 2.072852E+00,NULL,NULL,1,mc_qqps,54
-21042,437,20227,185747,94C2, 9.125000E+01,27,15,42,27,15,-2.383664E+00, 5.058106E-01,-2.398287E+00, 5.010978E+01, 4.963387E+01, 1.838291E+00, 2.881460E+00, 9.854664E+00, 5.337975E-01, 9.541725E+01, 4.876545E+01, 2.996541E+01, 1.534206E+01,16, 2.323934E+00,0, 0.000000E+00,0, 0.000000E+00,12, 2.490956E+01, 5.928186E-01, 5.765297E+00,NULL,NULL,1,mc_qqps,54
-21042,438,20227,185802,94C2, 9.125000E+01,22,22,44,22,22,-2.756721E+00, 3.344916E+00, 4.002591E+00, 4.966724E+01, 4.934691E+01, 2.243041E+00, 5.800690E-01, 4.200939E+00, 3.867670E+00, 7.511990E+01, 4.724986E+01, 2.055764E+01, 2.589263E+00,22, 2.427537E+00,0, 0.000000E+00,0, 0.000000E+00,16, 2.081028E+01, 3.921865E-01, 3.689426E+00,1, 0.000000E+00,1,mc_qqps,54
-21042,439,20227,185816,94C2, 9.125000E+01,19,10,29,19,10, 1.235068E+01, 1.579168E+00,-1.096673E+01, 7.384631E+01, 7.357355E+01, 3.872292E+00, 1.260763E+01, 3.088585E+00,-1.147760E+01, 1.242924E+02, 7.018655E+01, 3.070914E+01, 1.976925E+01,8, 3.091885E+00,0, 0.000000E+00,0, 0.000000E+00,6, 2.128746E+01, 5.131750E-01, 1.532996E+01,NULL,NULL,1,mc_qqps,54
-21042,440,20227,185831,94C2, 9.125000E+01,19,10,29,19,10, 3.224273E-01, 1.182862E+00,-2.276857E+00, 7.130708E+01, 7.110223E+01, 3.742223E+00, 2.577657E-01, 3.933341E+00,-2.216131E+00, 8.095424E+01, 7.051472E+01, 8.225847E+00, 8.558583E-01,13, 1.354780E+01,0, 0.000000E+00,0, 0.000000E+00,6, 7.207401E+00, 5.654598E-01, 2.803344E+00,NULL,NULL,1,mc_qqps,54
-21042,441,20227,185843,94C2, 9.125000E+01,33,8,41,33,8, 1.053523E+01, 1.668679E+00, 3.770242E+00, 7.131689E+01, 7.041044E+01, 2.133650E+00,-4.205759E+00,-1.889063E+00,-2.197247E+00, 9.280527E+01, 6.467008E+01, 1.986313E+01, 1.625261E+00,11, 2.886428E+00,0, 0.000000E+00,0, 0.000000E+00,5, 9.631288E+00, 7.524035E-01, 4.626078E+00,NULL,NULL,1,mc_qqps,54
-21042,442,20227,185859,94C2, 9.125000E+01,18,8,26,18,8,-5.343759E+00, 3.983895E-01,-5.474201E+00, 5.741063E+01, 5.723609E+01, 3.179783E+00, 4.307991E+00, 7.426187E-01, 1.620521E+00, 9.008638E+01, 5.545750E+01, 1.622114E+01, 1.343032E+01,7, 7.996046E+00,0, 0.000000E+00,0, 0.000000E+00,5, 1.926010E+01, 5.365092E-01, 1.242024E+01,NULL,NULL,1,mc_qqps,54
-21042,443,20227,185912,94C2, 9.125000E+01,45,11,56,45,11,-1.415727E+01,-2.004066E+01, 6.979554E+00, 8.152367E+01, 8.023876E+01, 1.783084E+00,-7.189569E+00,-1.825722E+01, 5.876910E+00, 1.034781E+02, 4.686635E+01, 1.390105E+01, 7.299436E+00,13, 1.340030E+00,0, 0.000000E+00,0, 0.000000E+00,8, 1.435224E+01, 5.238870E-01, 3.753918E+00,1, 0.000000E+00,1,mc_qqps,54
-21042,444,20227,185929,94C2, 9.125000E+01,26,15,41,26,15, 2.321923E+00, 1.531149E+00, 6.413621E+00, 6.470643E+01, 6.446636E+01, 2.479475E+00,-4.447199E+00,-2.789088E+00, 3.168371E+00, 9.578734E+01, 5.600670E+01, 3.022142E+01, 1.844670E-01,19, 5.634453E+00,0, 0.000000E+00,0, 0.000000E+00,12, 2.005263E+01, 6.750255E-01, 5.537984E+00,1, 0.000000E+00,1,mc_qqps,54
-21042,445,20227,185950,94C2, 9.125000E+01,41,12,53,41,12, 1.889927E+01, 2.149293E+01,-2.638348E+01, 2.920004E+02, 2.912951E+02, 7.104759E+00, 1.768682E+01, 1.992193E+01,-1.940940E+01, 3.063423E+02, 7.069798E+00, 1.434193E+01, 0.000000E+00,0, 0.000000E+00,21, 7.997291E+00,0, 0.000000E+00,NULL,NULL,NULL,NULL,1, 0.000000E+00,0,mc_qqps,54
-21042,446,20227,190010,94C2, 9.125000E+01,49,10,59,49,10, 1.529154E+00,-3.124800E+00,-2.375024E-01, 7.915231E+01, 7.836652E+01, 1.599317E+00, 1.272014E+00, 9.699525E-01, 5.379537E-01, 9.600623E+01, 7.239680E+01, 1.544209E+01, 1.497906E+00,10, 5.817971E+00,3, 0.000000E+00,0, 0.000000E+00,5, 7.379709E+00, 5.789258E-01, 2.905764E+00,NULL,NULL,1,mc_qqps,54
-21042,447,20227,190028,94C2, 9.125000E+01,50,13,63,50,13, 5.988109E+00,-1.754661E+00, 3.384614E+00, 7.775023E+01, 7.638452E+01, 1.527690E+00, 3.181328E+00,-1.924945E+00, 2.916961E+00, 1.094271E+02, 6.575687E+01, 2.357264E+01, 7.777211E+00,18, 3.048256E+00,0, 0.000000E+00,0, 0.000000E+00,10, 2.364435E+01, 3.601658E-01, 6.782509E+00,NULL,NULL,1,mc_qqps,54
-21042,448,20227,190043,94C2, 9.125000E+01,21,12,33,21,12,-1.596242E+00, 8.257177E-02,-3.624169E+00, 2.652231E+01, 2.622861E+01, 1.248981E+00,-1.857758E+00, 7.251983E-01,-4.167462E+00, 5.675645E+01, 2.118664E+01, 1.106318E+01, 1.435849E+01,3, 0.000000E+00,5, 0.000000E+00,0, 0.000000E+00,3, 1.198706E+01, 1.507658E+00, 5.666938E+00,1, 0.000000E+00,1,mc_qqps,54
-21042,449,20227,190104,94C2, 9.125000E+01,14,17,31,14,17,-6.496579E+00, 2.104181E+00, 1.160246E+01, 3.463221E+01, 3.433340E+01, 2.452386E+00,-7.942147E+00, 4.296462E+00, 2.093072E+01, 6.260770E+01, 1.203598E+01, 9.281106E+00, 1.533418E+01,4, 1.732501E+00,10, 1.438585E+01,0, 0.000000E+00,2, 3.360204E+00, 8.052496E-01, 2.554955E+00,1, 0.000000E+00,1,mc_qqps,54
-21042,450,20227,190116,94C2, 9.125000E+01,26,6,32,26,6,-7.161049E+00, 7.338495E+00,-7.420429E+00, 9.037077E+01, 9.012329E+01, 3.466280E+00,-8.110431E+00, 7.050709E+00,-7.842059E+00, 1.245129E+02, 8.038528E+01, 6.417980E+00, 2.523941E+01,8, 1.161113E-01,0, 0.000000E+00,0, 0.000000E+00,3, 8.903995E+00, 1.876962E+00, 4.541018E+00,NULL,NULL,1,mc_qqps,54
-21042,451,20227,190129,94C2, 9.125000E+01,34,13,47,34,13,-2.473723E+00,-9.506575E-01, 1.280072E+00, 7.620666E+01, 7.556009E+01, 2.222356E+00, 1.819037E+00, 8.377070E-01, 1.508344E+00, 9.157572E+01, 6.898434E+01, 1.380109E+01, 1.567968E+00,15, 1.583198E+01,2, 0.000000E+00,0, 0.000000E+00,8, 1.153133E+01, 4.173330E-01, 3.029423E+00,NULL,NULL,1,mc_qqps,54
-21042,452,20227,190143,94C2, 9.125000E+01,23,13,36,23,13, 1.099417E+00, 2.081214E+00, 2.189243E+01, 3.729747E+01, 3.681791E+01, 1.600778E+00, 5.697547E+00, 6.574723E+00, 2.027118E+01, 5.431610E+01, 3.214582E+01, 1.523184E+01, 0.000000E+00,7, 4.347050E-02,5, 0.000000E+00,0, 0.000000E+00,5, 7.066765E+00, 9.373355E-01, 1.786780E+00,4, 0.000000E+00,1,mc_qqps,54
-21042,453,20227,190202,94C2, 9.125000E+01,37,15,52,37,15, 2.228994E-01, 1.557140E+00, 7.495708E+00, 6.762553E+01, 6.703634E+01, 1.811793E+00, 2.832877E+00,-7.364536E-01,-4.530883E-01, 8.053066E+01, 4.502175E+01, 1.109606E+01, 1.809074E+00,2, 0.000000E+00,16, 6.792715E-01,0, 0.000000E+00,1, 2.695070E+00, 2.695070E+00, 2.695070E+00,2, 0.000000E+00,1,mc_qqps,54
-21042,454,20227,190221,94C2, 9.125000E+01,33,17,50,33,17, 6.807882E-01, 1.111728E+00, 1.204015E+01, 4.411677E+01, 4.334517E+01, 1.313490E+00, 2.362611E+00,-2.869506E-01, 3.536748E+00, 6.861920E+01, 3.457153E+01, 1.247594E+01, 1.203264E+01,4, 0.000000E+00,14, 6.292559E+00,0, 0.000000E+00,2, 1.609130E+00, 5.149172E-01, 1.094213E+00,NULL,NULL,1,mc_qqps,54
-21042,455,20227,190236,94C2, 9.125000E+01,12,6,18,12,6,-1.294886E+00, 5.933653E-01,-3.185147E-01, 2.526956E+01, 2.508884E+01, 2.090737E+00, 9.884339E-01, 3.386899E+00, 1.361625E+01, 4.126109E+01, 5.115990E+00, 6.642080E+00, 9.349450E+00,0, 0.000000E+00,6, 0.000000E+00,0, 0.000000E+00,NULL,NULL,NULL,NULL,1, 0.000000E+00,0,mc_qqps,54
-21042,456,20227,190249,94C2, 9.125000E+01,41,15,56,41,15, 8.783633E+00,-9.166826E+00, 3.016152E+01, 8.614139E+01, 8.539868E+01, 2.082895E+00, 5.514552E+00,-1.173632E+01, 1.882772E+01, 1.122599E+02, 5.102674E+01, 1.213465E+01, 1.336772E+01,8, 6.335847E-01,10, 7.486449E-01,0, 0.000000E+00,5, 5.773275E+00, 6.145565E-01, 2.156016E+00,NULL,NULL,1,mc_qqps,54
-21042,457,20227,190302,94C2, 9.125000E+01,17,4,21,17,4,-2.107673E+01, 1.803630E+01, 1.262007E+01, 5.572013E+01, 5.553657E+01, 3.266857E+00,-1.370521E+01, 1.218335E+01, 7.971492E+00, 6.815578E+01, 5.509067E+01, 4.181615E-01, 1.201747E+01,7, 5.707783E+00,0, 0.000000E+00,0, 0.000000E+00,1, 4.181615E-01, 4.181615E-01, 4.181615E-01,NULL,NULL,1,mc_qqps,54
-21042,458,20227,190317,94C2, 9.125000E+01,34,13,47,34,13,-6.273219E+00,-2.063913E-01,-1.335564E+00, 5.770358E+01, 5.710524E+01, 1.679566E+00,-4.661084E+00, 7.119370E-02,-2.578312E+00, 8.012714E+01, 5.687789E+01, 1.521697E+01, 2.803789E+00,16, 3.642671E+00,0, 0.000000E+00,0, 0.000000E+00,9, 1.914994E+01, 4.640094E-01, 7.096618E+00,NULL,NULL,1,mc_qqps,54
-21042,459,20227,190334,94C2, 9.125000E+01,20,21,41,20,21, 1.816925E+00, 1.191837E+00,-1.914506E+00, 4.682144E+01, 4.651252E+01, 2.325626E+00,-3.461933E-01, 1.589895E+00,-4.327655E+00, 7.572475E+01, 3.611139E+01, 2.619490E+01, 3.120693E+00,4, 8.326649E-01,20, 1.026537E+01,0, 0.000000E+00,1, 9.787841E-01, 9.787841E-01, 9.787841E-01,NULL,NULL,1,mc_qqps,54
-21042,460,20227,190346,94C2, 9.125000E+01,20,12,32,20,12,-2.050914E+00,-3.884199E+00,-1.607446E+00, 7.405620E+01, 7.375380E+01, 3.687690E+00,-3.329224E+00,-1.878764E+00,-1.975020E+00, 8.657490E+01, 7.254502E+01, 5.504590E+00, 1.564637E+00,15, 6.140840E+00,0, 0.000000E+00,0, 0.000000E+00,9, 9.911124E+00, 2.236285E-01, 1.801958E+00,NULL,NULL,1,mc_qqps,54
-21042,461,20227,190358,94C2, 9.125000E+01,17,7,24,17,7,-7.881206E+00,-1.757619E+01, 6.352005E+00, 5.333006E+01, 5.312820E+01, 3.125188E+00,-8.432981E+00,-1.737336E+01, 6.793072E+00, 6.725320E+01, 5.227068E+01, 1.238404E+01, 0.000000E+00,11, 3.386260E+00,0, 0.000000E+00,0, 0.000000E+00,6, 1.361266E+01, 4.842907E-01, 4.465489E+00,1, 0.000000E+00,1,mc_qqps,54
-21042,462,20227,190407,94C2, 9.125000E+01,51,13,64,51,13,-1.081562E+01, 1.685120E+01, 1.322431E+00, 5.827732E+01, 5.700364E+01, 1.117718E+00,-1.013398E+01, 1.603422E+01, 4.148368E-01, 6.941823E+01, 4.868184E+01, 1.114091E+01, 0.000000E+00,14, 8.378636E-01,2, 0.000000E+00,0, 0.000000E+00,9, 8.612256E+00, 4.983066E-01, 2.373593E+00,2, 0.000000E+00,1,mc_qqps,54
-21042,463,20227,190424,94C2, 9.125000E+01,18,8,26,18,8,-8.814746E-02,-2.928297E+00, 3.687761E+00, 5.774492E+01, 5.736185E+01, 3.186769E+00, 5.303350E+00, 1.555917E+01,-9.482380E+00, 8.117927E+01, 5.115429E+01, 1.866032E+01, 8.074343E-01,9, 2.827012E+00,0, 0.000000E+00,0, 0.000000E+00,6, 2.065237E+01, 1.072520E+00, 1.085883E+01,NULL,NULL,1,mc_qqps,54
-21042,464,20227,190432,94C2, 9.125000E+01,13,11,24,13,11, 5.130317E-01, 6.705732E+00, 6.061560E+00, 5.255775E+01, 5.232345E+01, 4.024881E+00, 2.924762E+00, 1.104666E+00,-1.019197E+00, 7.154851E+01, 5.175615E+01, 5.900125E+00, 8.674051E+00,8, 3.066476E-01,1, 0.000000E+00,0, 0.000000E+00,6, 9.862427E+00, 5.432380E-01, 3.066362E+00,NULL,NULL,1,mc_qqps,54
-21042,465,20227,190447,94C2, 9.125000E+01,16,20,36,16,20,-1.249175E+01, 5.968556E+00,-3.651832E+00, 4.298530E+01, 4.273960E+01, 2.671225E+00,-5.796099E+00, 3.777067E+00,-7.940617E-01, 9.280376E+01, 3.925019E+01, 3.583656E+01, 1.161903E+01,17, 1.150582E+01,0, 0.000000E+00,0, 0.000000E+00,14, 3.083084E+01, 7.832729E-01, 5.246287E+00,1, 0.000000E+00,1,mc_qqps,54
-21042,466,20227,190459,94C2, 9.125000E+01,29,17,46,29,17,-1.218234E+01, 1.659530E+01,-3.543956E+00, 5.156511E+01, 5.091364E+01, 1.755643E+00,-5.384856E-02,-3.229282E+00, 5.949849E-01, 9.363855E+01, 4.839256E+01, 2.084008E+01, 1.689654E+01,16, 1.730724E+00,0, 0.000000E+00,0, 0.000000E+00,13, 2.453861E+01, 5.244416E-01, 4.907721E+00,NULL,NULL,1,mc_qqps,54
-21042,467,20227,190513,94C2, 9.125000E+01,37,21,58,37,21, 1.634052E+01,-1.090122E+01, 3.197700E+02, 3.642785E+02, 3.633801E+02, 9.821084E+00, 1.253337E+01,-9.642598E+00, 3.051914E+02, 3.998113E+02, 1.726996E+01, 3.207897E+01, 2.341183E+00,7, 0.000000E+00,15, 2.154156E+00,0, 0.000000E+00,7, 6.931984E+00, 4.430083E-01, 2.053849E+00,1, 0.000000E+00,1,mc_qqps,54
-21042,468,20227,190534,94C2, 9.125000E+01,17,10,27,17,10,-1.261039E+00,-6.652367E+00,-4.921138E+00, 7.540672E+01, 7.520847E+01, 4.424027E+00, 3.377448E+00, 1.078675E+01, 1.062705E+01, 1.139218E+02, 6.524072E+01, 1.769535E+01, 1.987477E+01,13, 2.994570E+00,0, 0.000000E+00,0, 0.000000E+00,8, 1.803765E+01, 6.732895E-01, 7.390811E+00,NULL,NULL,1,mc_qqps,54
-21042,469,20227,190548,94C2, 9.125000E+01,20,11,31,20,11,-1.217918E+00, 4.003839E+00, 3.286770E+00, 6.457159E+01, 6.423465E+01, 3.211732E+00, 6.524141E+00,-6.002566E+00,-8.338438E+00, 9.827305E+01, 6.313036E+01, 3.252552E+01, 0.000000E+00,13, 7.244396E+00,0, 0.000000E+00,0, 0.000000E+00,8, 2.203634E+01, 5.664812E-01, 1.368861E+01,NULL,NULL,1,mc_qqps,54
-21042,470,20227,190601,94C2, 9.125000E+01,16,12,28,16,12,-2.557594E+01,-6.627095E+00,-5.159020E+00, 5.331964E+01, 5.306832E+01, 3.316770E+00, 7.893512E-01,-3.624947E-01, 9.510888E-01, 9.175538E+01, 5.080422E+01, 2.745646E+01, 0.000000E+00,16, 1.810064E+01,0, 0.000000E+00,0, 0.000000E+00,11, 3.048411E+01, 6.087634E-01, 7.026839E+00,NULL,NULL,1,mc_qqps,54
-21042,471,20227,190612,94C2, 9.125000E+01,35,11,46,35,11, 7.328484E+00, 4.543489E+00,-4.379216E+00, 8.170702E+01, 8.117149E+01, 2.319185E+00,-4.644081E-01,-7.432457E+00,-2.837670E+00, 1.010533E+02, 7.411087E+01, 1.788960E+01, 7.453520E-01,16, 3.739182E+00,0, 0.000000E+00,0, 0.000000E+00,8, 1.783718E+01, 5.045329E-01, 6.629122E+00,NULL,NULL,1,mc_qqps,54
-21042,472,20227,190628,94C2, 9.125000E+01,39,13,52,39,13, 4.797072E+00,-1.388806E+00,-1.655830E+01, 9.970325E+01, 9.908262E+01, 2.540580E+00, 4.566637E+00,-9.549841E-01,-1.562000E+01, 1.121331E+02, 6.228880E+01, 1.242985E+01, 0.000000E+00,0, 0.000000E+00,22, 1.113957E+01,0, 0.000000E+00,NULL,NULL,NULL,NULL,NULL,NULL,1,mc_qqps,54
-21042,473,20227,190644,94C2, 9.125000E+01,22,12,34,22,12,-7.215031E+00,-5.120309E-01, 6.930136E+00, 5.886645E+01, 5.852808E+01, 2.660367E+00, 5.726427E-02, 8.966681E-01, 2.208044E+00, 7.593289E+01, 5.337296E+01, 1.587069E+01, 0.000000E+00,3, 0.000000E+00,16, 5.949954E+00,0, 0.000000E+00,3, 8.389201E+00, 1.119889E+00, 6.073573E+00,NULL,NULL,1,mc_qqps,54
-21042,474,20227,190700,94C2, 9.125000E+01,37,11,48,37,11,-1.170866E+02,-2.387105E+01, 1.430470E+02, 2.613955E+02, 2.606372E+02, 7.044250E+00,-1.159167E+02,-2.382166E+01, 1.476682E+02, 2.727488E+02, 6.580251E+01, 8.224220E+00, 2.374205E+00,4, 1.906884E-01,6, 0.000000E+00,0, 0.000000E+00,3, 3.401124E+00, 7.548399E-01, 1.643160E+00,2, 0.000000E+00,1,mc_qqps,54
-21042,475,20227,190719,94C2, 9.125000E+01,43,14,57,43,14,-1.461526E+01, 1.124726E+00,-2.839537E+01, 8.300680E+01, 8.206400E+01, 1.908465E+00,-1.056694E+01,-2.277471E-01,-2.232306E+01, 1.089814E+02, 7.328685E+01, 2.275294E+01, 1.866405E+00,12, 1.978770E-01,4, 0.000000E+00,0, 0.000000E+00,9, 1.806739E+01, 5.326094E-01, 5.933006E+00,NULL,NULL,1,mc_qqps,54
-21042,476,20227,190740,94C2, 9.125000E+01,23,12,35,23,12, 3.134178E+00,-6.501602E-01,-3.281021E+00, 6.258387E+01, 6.225668E+01, 2.706812E+00, 4.784557E+00,-1.053060E+00, 3.286854E+00, 8.983708E+01, 2.586808E+01, 2.699061E+01, 2.625931E-01,0, 0.000000E+00,10, 0.000000E+00,0, 0.000000E+00,NULL,NULL,NULL,NULL,NULL,NULL,1,mc_qqps,54
-21042,477,20227,190754,94C2, 9.125000E+01,32,11,43,32,11,-7.286007E+00, 1.571791E+00,-8.734584E-01, 5.555299E+01, 5.502386E+01, 1.719496E+00,-6.128983E+00, 2.221866E+00, 2.766290E+00, 6.686308E+01, 5.221049E+01, 1.044273E+01, 0.000000E+00,8, 2.229871E+00,6, 0.000000E+00,0, 0.000000E+00,3, 4.087496E+00, 8.673503E-01, 1.632235E+00,2, 0.000000E+00,1,mc_qqps,54
-21042,478,20227,190812,94C2, 9.125000E+01,33,9,42,33,9, 1.063838E+00,-4.738027E+00,-5.315532E+00, 5.536386E+01, 5.469559E+01, 1.657442E+00,-2.158587E+00, 2.133396E+00, 2.422539E+00, 8.177890E+01, 4.784322E+01, 2.496841E+01, 1.530685E+00,7, 2.218467E+00,0, 0.000000E+00,0, 0.000000E+00,5, 2.280052E+01, 2.720086E+00, 7.023017E+00,NULL,NULL,1,mc_qqps,54
-21042,479,20227,190829,94C2, 9.125000E+01,31,15,46,31,15, 6.541809E+00,-9.018395E+00, 1.907524E+01, 6.602394E+01, 6.538470E+01, 2.109184E+00, 6.731981E+00,-1.008356E+01, 1.987779E+01, 1.144589E+02, 5.548163E+01, 2.907285E+01, 1.887481E+01,3, 0.000000E+00,14, 1.741888E+01,0, 0.000000E+00,2, 1.348312E+00, 5.136479E-01, 8.346639E-01,NULL,NULL,1,mc_qqps,54
-21042,480,20227,190842,94C2, 9.125000E+01,51,14,65,51,14, 7.250714E+00, 5.875900E+00,-1.059928E+00, 6.517292E+01, 6.390909E+01, 1.253119E+00, 3.829072E+00, 9.874916E-02,-1.019796E+00, 8.363229E+01, 4.849232E+01, 1.503617E+01, 2.982667E+00,18, 1.650010E+00,1, 0.000000E+00,0, 0.000000E+00,10, 1.320295E+01, 4.739426E-01, 4.139580E+00,NULL,NULL,1,mc_qqps,54
-21042,481,20227,190902,94C2, 9.125000E+01,33,15,48,33,15, 1.896925E+01,-6.938396E+00, 1.872742E+01, 6.212056E+01, 6.078788E+01, 1.842057E+00, 1.253095E+01,-5.030218E+00, 1.235942E+01, 9.614725E+01, 5.169170E+01, 1.245742E+01, 8.021872E+00,8, 0.000000E+00,0, 0.000000E+00,0, 0.000000E+00,8, 2.587512E+01, 6.527156E-01, 1.275265E+01,NULL,NULL,1,mc_qqps,54
-21042,482,20227,190916,94C2, 9.125000E+01,41,12,53,41,12, 1.517975E+01, 8.176672E+00,-1.676675E+01, 6.837590E+01, 6.742270E+01, 1.644456E+00, 1.679365E+01, 5.902314E+00,-2.372950E+01, 8.572019E+01, 5.246942E+01, 1.203644E+01, 9.539368E-01,6, 0.000000E+00,8, 0.000000E+00,0, 0.000000E+00,4, 9.016639E+00, 9.201976E-01, 4.353909E+00,NULL,NULL,1,mc_qqps,54
-21042,483,20227,190934,94C2, 9.125000E+01,41,19,60,41,19,-8.089436E-01,-8.682176E+00,-5.063341E-01, 4.097205E+01, 3.932917E+01, 9.592479E-01,-2.812623E-01,-2.042040E+01, 2.103875E+00, 8.632195E+01, 3.217030E+01, 3.503751E+01, 1.032096E+01,19, 4.154817E+00,1, 0.000000E+00,0, 0.000000E+00,12, 2.743032E+01, 5.248364E-01, 5.970300E+00,NULL,NULL,1,mc_qqps,54
-21042,484,20227,190949,94C2, 9.125000E+01,29,12,41,29,12, 6.481087E+00, 1.198512E+00, 3.616536E+00, 5.526368E+01, 5.485078E+01, 1.891406E+00, 2.905939E+01, 3.542779E+00, 1.256357E+01, 1.096407E+02, 4.420914E+01, 4.095888E+01, 9.225758E+00,11, 6.507958E-02,0, 0.000000E+00,0, 0.000000E+00,7, 2.708666E+01, 1.000848E+00, 1.268379E+01,NULL,NULL,1,mc_qqps,54
-21042,485,20227,191003,94C2, 9.125000E+01,32,9,41,32,9,-9.065989E+00, 3.434906E+00,-7.814596E+00, 6.855391E+01, 6.792197E+01, 2.122561E+00, 5.416545E+00, 1.840121E+00,-2.260312E+00, 9.012973E+01, 5.169188E+01, 1.417940E+01, 6.909199E+00,12, 2.589184E+00,1, 0.000000E+00,0, 0.000000E+00,7, 1.380880E+01, 4.872236E-01, 7.424828E+00,NULL,NULL,1,mc_qqps,54
-21042,486,20227,191017,94C2, 9.125000E+01,12,16,28,12,16,-7.926707E+00,-3.812875E-02, 3.504294E+00, 4.693825E+01, 4.682437E+01, 3.902031E+00, 6.115258E+00,-3.083260E+00,-2.494750E+00, 8.647108E+01, 4.718130E+01, 3.128072E+01, 5.159005E+00,19, 2.332272E+01,0, 0.000000E+00,0, 0.000000E+00,14, 3.437384E+01, 4.121935E-01, 6.654556E+00,NULL,NULL,1,mc_qqps,54
-21042,487,20227,191029,94C2, 9.125000E+01,38,13,51,38,13, 5.706757E-03,-1.863873E+00,-1.104227E+00, 4.855321E+01, 4.771563E+01, 1.255674E+00,-8.760104E-01,-1.751513E+00,-7.125657E+00, 7.860157E+01, 3.638175E+01, 2.088133E+01, 6.860580E+00,9, 1.934774E+00,7, 0.000000E+00,0, 0.000000E+00,5, 1.707392E+01, 5.194864E-01, 8.145762E+00,NULL,NULL,1,mc_qqps,54
-21042,488,20227,191047,94C2, 9.125000E+01,20,5,25,20,5,-6.434548E+01, 3.774263E+01, 2.459507E+01, 1.293612E+02, 1.291140E+02, 6.455701E+00,-6.529162E+01, 3.869408E+01, 2.481194E+01, 1.360123E+02, 3.845922E+01, 3.153567E+00, 9.114057E-01,10, 5.201126E-01,0, 0.000000E+00,0, 0.000000E+00,4, 5.739701E+00, 7.104730E-01, 2.384827E+00,NULL,NULL,1,mc_qqps,54
-21042,489,20227,191058,94C2, 9.125000E+01,8,10,18,8,10, 3.197490E+00, 1.614346E+01, 2.633107E+00, 3.145944E+01, 3.141002E+01, 3.926252E+00,-1.211205E+00,-3.380801E+00, 5.432872E-01, 8.038336E+01, 3.171450E+01, 4.371099E+01, 5.212925E+00,13, 3.652680E+01,0, 0.000000E+00,0, 0.000000E+00,8, 4.371099E+01, 1.049829E+00, 2.387325E+01,NULL,NULL,1,mc_qqps,54
-21042,490,20227,191106,94C2, 9.125000E+01,13,15,28,13,15,-1.437037E+00, 1.844438E+00, 6.719626E+00, 3.342031E+01, 3.309407E+01, 2.545698E+00, 3.532007E+00,-2.680432E+00,-1.336833E-01, 6.762231E+01, 2.957398E+01, 1.716324E+01, 1.320029E+01,10, 9.025643E-02,4, 0.000000E+00,0, 0.000000E+00,9, 1.907375E+01, 5.430163E-01, 7.685167E+00,NULL,NULL,1,mc_qqps,54
-21042,491,20227,191125,94C2, 9.125000E+01,32,17,49,32,17, 8.294937E+00, 1.515374E+01,-8.625203E+00, 5.510709E+01, 5.459389E+01, 1.706059E+00,-1.221648E+00,-4.970384E-02,-1.977273E-01, 8.396877E+01, 5.233724E+01, 2.367580E+01, 4.180663E+00,13, 4.441194E+00,3, 0.000000E+00,0, 0.000000E+00,8, 1.974105E+01, 6.217065E-01, 1.152817E+01,NULL,NULL,1,mc_qqps,54
-21042,492,20227,191141,94C2, 9.125000E+01,26,8,34,26,8, 6.999541E-02,-9.579130E+00,-6.688087E+00, 5.952297E+01, 5.887963E+01, 2.264601E+00, 1.932710E-01,-1.363443E+01,-7.419121E+00, 7.466064E+01, 5.592784E+01, 1.084746E+01, 2.264254E+00,10, 2.296899E-01,1, 0.000000E+00,0, 0.000000E+00,4, 1.138793E+01, 6.007143E-01, 6.418028E+00,NULL,NULL,1,mc_qqps,54
-21042,493,20227,191154,94C2, 9.125000E+01,20,13,33,20,13,-2.720549E+00,-1.324886E+00, 3.183630E-01, 2.372625E+01, 2.339782E+01, 1.169891E+00,-5.870895E+00,-4.484510E+00, 1.360508E+00, 6.820761E+01, 2.026229E+01, 3.144672E+01, 1.120904E+01,13, 8.541479E-02,0, 0.000000E+00,0, 0.000000E+00,11, 3.327231E+01, 4.755312E-01, 1.239905E+01,NULL,NULL,1,mc_qqps,54
-21042,494,20227,191205,94C2, 9.125000E+01,26,20,46,26,20, 8.597237E-01, 1.220417E+01, 8.310327E+00, 6.038592E+01, 5.987545E+01, 2.302902E+00, 3.071918E+00, 1.229444E+01, 9.653678E+00, 9.079150E+01, 5.031279E+01, 2.323812E+01, 4.784618E+00,22, 8.111433E+00,0, 0.000000E+00,0, 0.000000E+00,16, 2.333767E+01, 5.646410E-01, 3.174767E+00,NULL,NULL,1,mc_qqps,54
-21042,495,20227,191217,94C2, 9.125000E+01,5,14,19,5,14, 2.577673E-01, 1.289951E-01, 3.314517E+00, 4.071789E+00, 3.896582E+00, 7.793165E-01,-8.324577E-01, 3.246415E-01,-5.898468E+00, 5.502827E+01, 5.647160E-01, 5.095648E+01, 0.000000E+00,0, 0.000000E+00,8, 4.476941E+00,0, 0.000000E+00,NULL,NULL,NULL,NULL,7, 0.000000E+00,0,mc_qqps,54
-21042,496,20227,191301,94C2, 9.125000E+01,25,8,33,25,8, 6.828492E+00, 1.035425E+01, 2.480017E+00, 3.601553E+01, 3.539808E+01, 1.415923E+00,-1.711905E+00,-1.020534E+00, 4.219644E-01, 7.968311E+01, 3.265842E+01, 3.277411E+01, 1.090578E+01,9, 1.632001E+01,0, 0.000000E+00,0, 0.000000E+00,5, 3.203986E+01, 7.160205E-01, 1.329786E+01,NULL,NULL,1,mc_qqps,54
-21042,497,20227,191314,94C2, 9.125000E+01,26,15,41,26,15, 1.165024E+01,-2.350554E-01,-8.595133E+01, 1.373502E+02, 1.370303E+02, 5.270398E+00, 1.113495E+01,-2.541973E+00,-7.796552E+01, 1.589151E+02, 5.796402E+01, 2.033193E+01, 5.040000E-01,10, 3.460094E+00,11, 6.085296E-01,0, 0.000000E+00,6, 6.353538E+00, 7.289138E-01, 1.817515E+00,NULL,NULL,1,mc_qqps,54
-21042,498,20227,191326,94C2, 9.125000E+01,27,18,45,27,18, 1.364098E+01, 2.988918E+00, 2.992587E+01, 6.048266E+01, 6.003982E+01, 2.223697E+00, 1.479106E+01, 4.529432E+00, 3.096821E+01, 9.532173E+01, 4.408478E+01, 3.413596E+01, 0.000000E+00,5, 8.694959E-01,19, 5.304288E+00,0, 0.000000E+00,3, 2.679625E+00, 7.031059E-01, 1.160567E+00,NULL,NULL,1,mc_qqps,54
-21042,499,20227,191345,94C2, 9.125000E+01,20,16,36,20,16, 2.016259E+00, 2.073156E+00,-2.649612E+00, 4.545734E+01, 4.524385E+01, 2.262193E+00, 3.761005E-02, 1.258689E+00, 7.032938E-01, 7.163275E+01, 4.391877E+01, 1.703552E+01, 8.144947E+00,11, 3.903018E-01,5, 0.000000E+00,0, 0.000000E+00,9, 1.095574E+01, 7.585713E-01, 2.156292E+00,1, 0.000000E+00,1,mc_qqps,54
-21042,500,20227,191357,94C2, 9.125000E+01,23,15,38,23,15, 8.123944E-01,-1.583156E-01, 3.012446E+00, 6.019119E+01, 5.992921E+01, 2.605618E+00, 4.643262E+00, 1.088539E+00, 5.035268E+00, 8.435536E+01, 5.809459E+01, 2.274843E+01, 0.000000E+00,13, 5.870809E+00,3, 0.000000E+00,0, 0.000000E+00,10, 1.639609E+01, 6.022568E-01, 2.994642E+00,NULL,NULL,1,mc_qqps,54
-21042,501,20227,191417,94C2, 9.125000E+01,36,10,46,36,10,-6.315845E-01, 3.306004E-01, 1.666602E+00, 7.787933E+01, 7.735400E+01, 2.148722E+00, 2.458383E+00,-1.590548E-01,-5.959640E-01, 9.392538E+01, 6.784542E+01, 1.186814E+01, 4.180587E+00,7, 7.464919E-02,5, 0.000000E+00,0, 0.000000E+00,5, 8.848723E+00, 5.801000E-01, 3.418521E+00,NULL,NULL,1,mc_qqps,54
-21042,502,20227,191434,94C2, 9.125000E+01,25,13,38,25,13,-7.982347E+00, 1.007775E+01,-6.571516E+00, 3.393744E+01, 3.328522E+01, 1.331409E+00,-1.506150E+01, 2.285440E+01,-1.111846E+01, 6.123311E+01, 3.085206E+01, 2.150561E+01, 0.000000E+00,15, 7.660202E-01,0, 0.000000E+00,0, 0.000000E+00,9, 2.537416E+01, 4.845817E-01, 8.015553E+00,NULL,NULL,1,mc_qqps,54
-21042,503,20227,191447,94C2, 9.125000E+01,32,11,43,32,11, 7.070755E+00,-1.749670E+00,-2.873640E+01, 5.614372E+01, 5.534307E+01, 1.729471E+00, 5.386576E+00,-7.044381E-01,-2.627391E+01, 7.388043E+01, 7.321015E+00, 1.773672E+01, 0.000000E+00,2, 0.000000E+00,8, 8.048164E+00,0, 0.000000E+00,2, 2.362550E+00, 7.706291E-01, 1.591921E+00,3, 0.000000E+00,0,mc_qqps,54
-21042,504,20227,191507,94C2, 9.125000E+01,53,27,80,53,27,-1.024890E+01,-3.344113E+00,-6.498439E+00, 6.113460E+01, 5.994225E+01, 1.130986E+00,-5.077305E+00,-1.375293E+00,-3.624584E+00, 9.241064E+01, 4.498891E+01, 2.536869E+01, 3.445184E+00,30, 6.646359E+00,0, 0.000000E+00,0, 0.000000E+00,22, 2.620478E+01, 4.462290E-01, 2.488881E+00,NULL,NULL,1,mc_qqps,54
-21042,505,20227,191526,94C2, 9.125000E+01,24,11,35,24,11, 1.114052E+01, 5.385576E+00, 7.173809E+00, 2.469164E+01, 2.389822E+01, 9.957590E-01,-1.738963E+00,-1.474812E+00,-3.022385E+00, 7.770277E+01, 1.769052E+01, 1.630434E+01, 2.660906E+01,8, 3.320348E+00,0, 0.000000E+00,0, 0.000000E+00,6, 2.093909E+01, 7.762548E-01, 9.273269E+00,NULL,NULL,1,mc_qqps,54
-21042,506,20227,191541,94C2, 9.125000E+01,45,9,54,45,9, 3.762861E+00,-7.564899E+00, 5.499429E-01, 8.039728E+01, 7.927694E+01, 1.761710E+00,-1.443688E+00, 4.034591E+00,-4.977857E+00, 9.697260E+01, 7.369424E+01, 3.930265E+00, 1.166997E+01,11, 7.623992E+00,1, 0.000000E+00,0, 0.000000E+00,5, 5.216599E+00, 5.233750E-01, 1.345611E+00,NULL,NULL,1,mc_qqps,54
-21042,507,20227,191558,94C2, 9.125000E+01,33,16,49,33,16, 1.662342E+01, 1.358535E+01,-1.151738E+01, 4.659264E+01, 4.606156E+01, 1.395805E+00, 2.612313E+00, 4.294648E+00,-5.158406E+00, 8.122894E+01, 3.998834E+01, 1.853268E+01, 1.186298E+01,18, 5.361793E+00,0, 0.000000E+00,0, 0.000000E+00,12, 2.145679E+01, 4.187603E-01, 3.942256E+00,NULL,NULL,1,mc_qqps,54
-21042,508,20227,191612,94C2, 9.125000E+01,18,10,28,18,10, 4.658422E+00, 1.027424E+00, 3.819435E+00, 7.168177E+01, 7.148130E+01, 3.971183E+00, 6.061503E+00, 1.187530E+00, 7.279992E+00, 9.216360E+01, 6.281664E+01, 1.024382E+01, 1.023802E+01,4, 0.000000E+00,6, 8.518394E-01,0, 0.000000E+00,4, 7.873888E+00, 8.168537E-01, 4.243354E+00,NULL,NULL,1,mc_qqps,54
-21042,509,20227,191628,94C2, 9.125000E+01,39,22,61,39,22,-5.096081E+00, 1.108889E+01, 1.520930E+00, 5.372153E+01, 5.279816E+01, 1.353799E+00,-1.333496E+01, 4.366297E+01, 5.924933E+00, 1.263977E+02, 4.685305E+01, 5.269687E+01, 1.525601E+01,19, 5.591948E+00,0, 0.000000E+00,0, 0.000000E+00,17, 2.558791E+01, 4.008873E-01, 4.728357E+00,NULL,NULL,1,mc_qqps,54
-21042,510,20227,191645,94C2, 9.125000E+01,25,13,38,25,13,-5.072752E-01, 4.575300E-01,-1.754047E+00, 5.326020E+01, 5.282301E+01, 2.112920E+00, 1.472313E-01, 2.800025E-01,-1.258419E+00, 8.020713E+01, 4.765924E+01, 1.170816E+01, 1.414620E+01,14, 3.727779E+00,0, 0.000000E+00,0, 0.000000E+00,9, 1.159165E+01, 4.812233E-01, 4.527983E+00,NULL,NULL,1,mc_qqps,54
-21042,511,20227,191657,94C2, 9.125000E+01,27,17,44,27,17, 1.218978E+00, 4.550128E+00,-7.013711E+00, 7.027368E+01, 6.998966E+01, 2.592210E+00, 2.500690E+00,-3.243294E+00, 2.410783E+00, 8.857630E+01, 6.058301E+01, 1.532098E+01, 4.752465E-01,5, 0.000000E+00,11, 0.000000E+00,0, 0.000000E+00,5, 6.726421E+00, 6.620922E-01, 1.844301E+00,NULL,NULL,1,mc_qqps,54
-21042,512,20227,191712,94C2, 9.125000E+01,27,7,34,27,7, 9.376362E+00,-1.053123E+01, 1.293630E+00, 3.280622E+01, 3.213000E+01, 1.190000E+00,-3.904439E+00, 1.100175E+01,-1.378759E+01, 7.937199E+01, 2.662906E+01, 2.642772E+00, 4.271489E+01,8, 5.705863E-01,1, 3.946288E-01,0, 0.000000E+00,4, 3.850882E+00, 6.439279E-01, 1.229227E+00,NULL,NULL,1,mc_qqps,54
-21042,513,20227,191727,94C2, 9.125000E+01,19,11,30,19,11,-3.498647E+00,-5.899137E+00, 4.811352E-01, 4.334662E+01, 4.291690E+01, 2.258785E+00, 4.751384E+00, 1.048213E+01,-1.423379E+00, 7.517873E+01, 4.019137E+01, 2.523351E+01, 1.278828E+00,13, 1.604389E+00,0, 0.000000E+00,0, 0.000000E+00,8, 2.429942E+01, 5.278284E-01, 8.480715E+00,NULL,NULL,1,mc_qqps,54
-21042,514,20227,191742,94C2, 9.125000E+01,12,8,20,12,8, 7.067063E+00, 4.734070E+00,-3.063948E+00, 1.837811E+01, 1.822958E+01, 1.519132E+00,-1.062507E+01,-1.383089E+01, 4.367224E+00, 7.021201E+01, 1.819534E+01, 1.295270E+01, 3.888120E+01,8, 2.198919E-01,0, 0.000000E+00,0, 0.000000E+00,5, 1.271626E+01, 4.892870E-01, 5.639181E+00,NULL,NULL,1,mc_qqps,54
-21042,515,20227,191753,94C2, 9.125000E+01,24,14,38,24,14, 1.290866E+00,-4.517925E-01,-1.550074E+00, 3.653921E+01, 3.608751E+01, 1.503646E+00, 1.096469E+00,-1.018758E+00,-3.563962E+00, 5.942104E+01, 1.534732E+01, 1.618401E+01, 6.702457E+00,0, 0.000000E+00,17, 1.480387E+01,0, 0.000000E+00,NULL,NULL,NULL,NULL,1, 0.000000E+00,1,mc_qqps,54
-21042,516,20227,191808,94C2, 9.125000E+01,26,10,36,26,10,-7.282008E-01, 1.138472E+00, 2.428318E+00, 7.047905E+01, 6.988147E+01, 2.687749E+00,-6.399476E+00,-1.730432E-02, 4.091139E+00, 9.570624E+01, 5.521454E+01, 2.314697E+01, 1.074065E+00,15, 1.477501E+01,0, 0.000000E+00,0, 0.000000E+00,7, 2.157046E+01, 6.756923E-01, 1.181791E+01,NULL,NULL,1,mc_qqps,54
-21042,517,20227,191823,94C2, 9.125000E+01,44,17,61,44,17,-2.409460E+00, 7.740963E+00, 2.887584E+00, 8.380349E+01, 8.298603E+01, 1.886046E+00,-4.684127E+00, 2.438672E+01, 6.876948E+00, 1.284848E+02, 6.458547E+01, 2.473347E+01, 1.688609E+01,16, 2.398312E+00,0, 0.000000E+00,0, 0.000000E+00,11, 1.997031E+01, 4.447265E-01, 5.543977E+00,NULL,NULL,1,mc_qqps,54
-21042,518,20227,191841,94C2, 9.125000E+01,53,15,68,53,15,-5.646427E+00, 5.131863E+00, 4.711931E+00, 5.753265E+01, 5.634218E+01, 1.063060E+00, 4.812101E+00,-4.129471E+00,-3.206427E+00, 8.331838E+01, 5.012780E+01, 1.616669E+01, 8.550362E+00,17, 4.949342E+00,1, 0.000000E+00,0, 0.000000E+00,10, 1.531387E+01, 3.844324E-01, 5.146648E+00,NULL,NULL,1,mc_qqps,54
-21042,519,20227,191859,94C2, 9.125000E+01,21,10,31,21,10,-1.358990E+01, 1.674740E+01,-5.932583E+00, 6.054060E+01, 6.032539E+01, 2.872638E+00,-1.879019E+01, 2.169497E+01,-9.541844E+00, 7.951113E+01, 5.998758E+01, 1.694036E+01, 2.030159E+00,13, 6.313931E+00,0, 0.000000E+00,0, 0.000000E+00,5, 1.554488E+01, 5.871840E-01, 8.651113E+00,NULL,NULL,1,mc_qqps,54
-21042,520,20227,191910,94C2, 9.125000E+01,46,20,66,46,20, 2.752473E+00,-5.664112E+00, 5.447234E+00, 4.288483E+01, 4.159671E+01, 9.042764E-01, 2.434561E+00,-9.024639E+00, 1.465129E+01, 6.999096E+01, 3.217410E+01, 1.857891E+01, 7.512378E+00,6, 1.672995E-01,13, 1.103377E+01,0, 0.000000E+00,3, 2.217995E+00, 5.378206E-01, 1.014853E+00,3, 0.000000E+00,1,mc_qqps,54
-21042,521,20227,191935,94C2, 9.125000E+01,36,14,50,36,14,-1.200557E+01, 5.645231E-01, 1.251041E+01, 5.310588E+01, 5.238584E+01, 1.455162E+00,-3.396065E+00, 1.156027E+00, 5.124034E+00, 6.956245E+01, 4.912399E+01, 1.542926E+01, 1.027319E+00,12, 2.204986E+00,1, 0.000000E+00,0, 0.000000E+00,10, 1.206100E+01, 3.783090E-01, 3.942559E+00,NULL,NULL,1,mc_qqps,54
-21042,522,20227,191952,94C2, 9.125000E+01,24,21,45,24,21,-3.663593E+00, 1.983225E+00, 5.218827E+00, 4.422562E+01, 4.364655E+01, 1.818606E+00,-6.545177E+00, 3.563021E+00, 1.116818E+01, 8.473746E+01, 3.977340E+01, 3.332610E+01, 7.204455E+00,0, 0.000000E+00,19, 6.347694E+00,0, 0.000000E+00,NULL,NULL,NULL,NULL,NULL,NULL,1,mc_qqps,54
-21042,523,20227,192006,94C2, 9.125000E+01,19,10,29,19,10, 8.029316E+00,-1.188391E+01, 2.087248E+00, 3.063906E+01, 3.029626E+01, 1.594540E+00, 1.908292E+01,-3.896724E+01,-3.093931E+00, 6.438715E+01, 2.800806E+01, 2.601443E+01, 2.955891E+00,13, 7.075645E+00,0, 0.000000E+00,0, 0.000000E+00,6, 2.027245E+01, 5.285745E-01, 1.087508E+01,NULL,NULL,1,mc_qqps,54
-21042,524,20227,192019,94C2, 9.125000E+01,52,16,68,52,16,-1.621822E+00,-1.538105E+00, 4.801871E+00, 7.450087E+01, 7.331958E+01, 1.409992E+00,-6.384479E-01, 7.537280E-01, 7.135046E-01, 8.772863E+01, 6.835415E+01, 9.524261E+00, 3.830786E+00,9, 2.806115E+00,9, 5.473270E-01,0, 0.000000E+00,4, 2.489416E+00, 4.196735E-01, 8.105561E-01,NULL,NULL,1,mc_qqps,54
-21042,525,20227,192041,94C2, 9.125000E+01,31,17,48,31,17, 6.598078E+00, 1.378150E+01, 2.233218E+01, 5.830423E+01, 5.778022E+01, 1.863878E+00, 3.947004E+00, 1.500024E+01, 1.587452E+01, 9.744412E+01, 5.284528E+01, 2.105319E+01, 1.760834E+01,5, 1.247104E+00,13, 8.815922E-01,0, 0.000000E+00,3, 3.571259E+00, 5.226868E-01, 1.728042E+00,NULL,NULL,1,mc_qqps,54
-21042,526,20227,192055,94C2, 9.125000E+01,28,18,46,28,18, 4.776041E+00, 1.995800E-01,-5.783326E+00, 7.542442E+01, 7.504603E+01, 2.680215E+00,-1.753288E+00, 1.480616E+00, 2.095526E+00, 1.154455E+02, 6.911221E+01, 2.886916E+01, 1.116362E+01,9, 3.678139E-01,9, 0.000000E+00,0, 0.000000E+00,6, 1.664563E+01, 7.161051E-01, 5.584509E+00,NULL,NULL,1,mc_qqps,54
-21042,527,20227,192113,94C2, 9.125000E+01,43,18,61,43,18, 1.439352E+01,-4.392305E+00,-1.390817E+01, 5.992089E+01, 5.910194E+01, 1.374464E+00, 8.508392E+00,-3.768677E+00,-1.010059E+01, 9.175384E+01, 5.322172E+01, 2.290154E+01, 3.552121E+00,20, 8.654432E+00,1, 0.000000E+00,0, 0.000000E+00,14, 2.755297E+01, 4.917659E-01, 5.378418E+00,NULL,NULL,1,mc_qqps,54
-21042,528,20227,192132,94C2, 9.125000E+01,27,20,47,27,20, 1.029131E+01,-4.751397E+01, 1.214934E+02, 1.739090E+02, 1.732890E+02, 6.418113E+00, 2.655921E+01,-4.566363E+01, 1.312251E+02, 2.168886E+02, 4.361353E+01, 2.131284E+01, 1.889207E+01,15, 8.094036E+00,9, 0.000000E+00,0, 0.000000E+00,8, 1.905218E+01, 3.571715E-01, 8.709421E+00,NULL,NULL,1,mc_qqps,54
-21042,529,20227,192147,94C2, 9.125000E+01,35,19,54,35,19,-1.947938E+00,-1.150389E+01, 9.068645E+00, 5.270990E+01, 5.201155E+01, 1.486044E+00, 1.818813E+00, 2.754481E+00,-6.350002E-01, 8.736813E+01, 4.553851E+01, 3.101411E+01, 0.000000E+00,21, 2.163550E+00,1, 0.000000E+00,0, 0.000000E+00,15, 3.287872E+01, 3.796398E-01, 1.387401E+01,NULL,NULL,1,mc_qqps,54
-21042,530,20227,192205,94C2, 9.125000E+01,30,20,50,30,20,-4.369518E+00,-2.211293E-01, 8.035794E+01, 1.377865E+02, 1.374662E+02, 4.582208E+00,-1.225376E+01, 2.283670E+00, 6.505215E+01, 1.733438E+02, 5.972900E+01, 3.068403E+01, 3.766752E+00,3, 9.398693E-02,24, 1.842641E+01,0, 0.000000E+00,2, 2.501443E+00, 1.106530E+00, 1.394914E+00,NULL,NULL,1,mc_qqps,54
-21042,531,20227,192220,94C2, 9.125000E+01,12,10,22,12,10,-1.343718E+00,-2.570696E+00, 1.233204E+00, 8.028877E+00, 7.640617E+00, 6.367181E-01,-2.180221E+00,-8.130264E-01,-3.021538E+01, 6.401096E+01, 6.557631E+00, 5.508555E+01, 8.965319E-01,0, 0.000000E+00,2, 0.000000E+00,0, 0.000000E+00,NULL,NULL,NULL,NULL,5, 0.000000E+00,0,mc_qqps,54
-21042,532,20227,192319,94C2, 9.125000E+01,19,8,27,19,8,-5.836144E+00, 2.317134E+00,-7.739940E+00, 7.817066E+01, 7.800616E+01, 4.105587E+00,-5.744121E+00, 2.277636E+00,-7.232172E+00, 8.719187E+01, 7.719002E+01, 9.021214E+00, 0.000000E+00,6, 2.488028E-01,4, 0.000000E+00,0, 0.000000E+00,3, 7.303071E+00, 1.294964E+00, 4.072635E+00,NULL,NULL,1,mc_qqps,54
-21042,533,20227,192331,94C2, 9.125000E+01,30,21,51,30,21, 1.689838E+01, 9.170033E+00,-1.175397E+01, 6.514843E+01, 6.475925E+01, 2.158642E+00,-5.414162E+00, 3.112918E+00, 1.722107E+00, 9.919514E+01, 6.328018E+01, 2.730723E+01, 4.169040E+00,21, 1.263091E+01,0, 0.000000E+00,0, 0.000000E+00,15, 2.605278E+01, 4.266882E-01, 5.317751E+00,NULL,NULL,1,mc_qqps,54
-21042,534,20227,192347,94C2, 9.125000E+01,24,22,46,24,22, 5.706401E+00,-1.134702E+00,-6.010908E+00, 6.265490E+01, 6.234131E+01, 2.597554E+00,-4.634176E+00, 9.904203E-01, 4.615986E+00, 9.225777E+01, 6.110038E+01, 2.449407E+01, 3.679707E+00,9, 3.467986E-01,13, 4.556335E-01,0, 0.000000E+00,8, 1.815047E+01, 7.403159E-01, 1.086427E+01,NULL,NULL,1,mc_qqps,54
-21042,535,20227,192405,94C2, 9.125000E+01,19,21,40,19,21, 5.265213E+00, 1.954863E+00,-2.764517E+00, 5.070820E+01, 5.042660E+01, 2.654032E+00, 7.541184E+00, 8.539828E+00,-3.828188E+00, 8.255931E+01, 4.945415E+01, 2.918810E+01, 9.820154E-01,28, 2.363127E+01,0, 0.000000E+00,0, 0.000000E+00,19, 3.056499E+01, 6.916333E-01, 6.558531E+00,NULL,NULL,1,mc_qqps,54
-21042,536,20227,192417,94C2, 9.125000E+01,49,10,59,49,10,-7.470296E+00, 5.239947E+00,-4.879823E+00, 6.477920E+01, 6.316513E+01, 1.289084E+00,-1.437072E+01, 9.922008E+00,-5.725922E+00, 9.045258E+01, 5.508286E+01, 1.517283E+01, 0.000000E+00,11, 1.732908E+00,1, 0.000000E+00,0, 0.000000E+00,8, 2.409743E+01, 5.656528E-01, 9.531543E+00,1, 0.000000E+00,1,mc_qqps,54
-21042,537,20227,192436,94C2, 9.125000E+01,18,8,26,18,8,-9.501310E+00,-8.206027E+00,-1.002596E+01, 3.843787E+01, 3.809569E+01, 2.116427E+00, 1.331498E+01, 7.268003E+00, 1.033093E+01, 8.671201E+01, 3.582632E+01, 4.542080E+01, 0.000000E+00,8, 0.000000E+00,0, 0.000000E+00,0, 0.000000E+00,8, 4.827413E+01, 5.738217E-01, 3.584070E+01,NULL,NULL,1,mc_qqps,54
-21042,538,20227,192448,94C2, 9.125000E+01,22,12,34,22,12, 2.180164E+00, 3.658354E+00, 3.136566E+00, 5.278542E+01, 5.233372E+01, 2.378805E+00,-2.361937E+00,-2.162208E+00,-2.727230E+00, 8.064042E+01, 4.574149E+01, 2.644647E+01, 0.000000E+00,16, 1.918142E+01,1, 0.000000E+00,0, 0.000000E+00,10, 2.278501E+01, 5.635746E-01, 9.196654E+00,NULL,NULL,1,mc_qqps,54
-21042,539,20227,192459,94C2, 9.125000E+01,15,22,37,15,22,-1.875342E+00,-2.840191E+00, 3.432365E+00, 3.542202E+01, 3.528355E+01, 2.352237E+00,-2.173594E+00,-9.586654E-01, 1.443083E+01, 6.076038E+01, 1.974373E+01, 2.278081E+01, 2.557556E+00,0, 0.000000E+00,12, 4.309537E+00,0, 0.000000E+00,NULL,NULL,NULL,NULL,12, 0.000000E+00,1,mc_qqps,54
-21042,540,20227,192539,94C2, 9.125000E+01,27,10,37,27,10,-8.519979E+00,-1.365460E+01,-1.554081E+00, 7.450683E+01, 7.377243E+01, 2.732312E+00,-2.478427E+00, 4.355112E+00,-4.043928E-02, 9.761722E+01, 6.618758E+01, 1.142306E+01, 7.821674E+00,12, 2.147241E+00,0, 0.000000E+00,0, 0.000000E+00,7, 7.478840E+00, 4.400808E-01, 2.935916E+00,NULL,NULL,1,mc_qqps,54
-21042,541,20227,192551,94C2, 9.125000E+01,14,10,24,14,10, 1.224862E+00, 9.369740E-01, 6.167991E+00, 2.259187E+01, 2.240523E+01, 1.600373E+00, 3.196847E-01, 1.885959E+00,-8.338232E-01, 4.326578E+01, 8.754846E+00, 1.964003E+01, 1.033890E+00,0, 0.000000E+00,9, 2.697778E+00,0, 0.000000E+00,NULL,NULL,NULL,NULL,2, 0.000000E+00,0,mc_qqps,54
-21042,542,20227,192612,94C2, 9.125000E+01,34,19,53,34,19,-2.544067E+00,-4.475737E-01,-2.756116E+00, 6.375000E+01, 6.294164E+01, 1.851225E+00,-1.265517E+00, 5.721349E-01,-2.656834E+00, 8.605856E+01, 5.111472E+01, 1.117299E+01, 8.214880E+00,8, 0.000000E+00,8, 3.301713E-01,0, 0.000000E+00,7, 7.231370E+00, 2.950551E-01, 2.269857E+00,1, 0.000000E+00,1,mc_qqps,54
-21042,543,20227,192631,94C2, 9.125000E+01,16,20,36,16,20, 6.161568E+00,-4.070410E+00, 1.960243E+00, 5.378888E+01, 5.349139E+01, 3.343212E+00,-1.408048E+00, 3.918504E-01,-1.237373E-01, 8.918990E+01, 3.816424E+01, 2.524508E+01, 0.000000E+00,21, 1.725412E+01,0, 0.000000E+00,0, 0.000000E+00,17, 3.460207E+01, 3.263582E-01, 5.820997E+00,NULL,NULL,1,mc_qqps,54
-21042,544,20227,192645,94C2, 9.125000E+01,18,10,28,18,10,-4.700768E+00,-1.664685E+00,-2.932750E+00, 7.576636E+01, 7.557676E+01, 4.198709E+00, 5.170015E+00, 9.980697E+00, 3.113233E+00, 9.913612E+01, 7.040883E+01, 2.253998E+01, 8.297848E-01,13, 1.223235E+01,0, 0.000000E+00,0, 0.000000E+00,8, 1.786868E+01, 6.223103E-01, 9.427078E+00,NULL,NULL,1,mc_qqps,54
-21042,545,20227,192658,94C2, 9.125000E+01,40,12,52,40,12,-2.114484E+00,-4.205184E-01,-2.594637E+00, 8.093762E+01, 7.991593E+01, 1.997898E+00,-5.411338E+00, 3.449372E+00,-1.737755E+01, 1.009090E+02, 6.522810E+01, 4.225203E+00, 1.493543E+01,3, 0.000000E+00,13, 6.591638E+00,0, 0.000000E+00,3, 1.703596E+00, 4.436631E-01, 8.107439E-01,NULL,NULL,1,mc_qqps,54
-21042,546,20227,192715,94C2, 9.125000E+01,25,14,39,25,14,-8.017153E+00, 4.554762E+00, 2.035274E+00, 5.942181E+01, 5.889278E+01, 2.355711E+00,-6.469151E+00, 4.045675E+00, 1.811442E+00, 9.018157E+01, 5.550062E+01, 2.325109E+01, 7.061883E+00,19, 1.262580E+01,0, 0.000000E+00,0, 0.000000E+00,12, 2.369787E+01, 4.467866E-01, 6.874782E+00,NULL,NULL,1,mc_qqps,54
-21042,547,20227,192728,94C2, 9.125000E+01,24,12,36,24,12, 1.436274E+00, 2.297348E+00, 8.663111E-01, 5.936147E+01, 5.899634E+01, 2.458181E+00, 1.340538E+00,-5.586961E+00,-5.775477E+00, 7.794990E+01, 5.652418E+01, 1.206531E+01, 1.168718E+00,13, 2.967247E+00,1, 0.000000E+00,0, 0.000000E+00,8, 1.420997E+01, 9.434236E-01, 5.354401E+00,NULL,NULL,1,mc_qqps,54
-21042,548,20227,192745,94C2, 9.125000E+01,16,24,40,16,24,-2.387697E+00,-2.124147E+00, 1.327621E+02, 1.433273E+02, 1.429843E+02, 8.936520E+00,-1.115943E+00, 1.621174E+00, 1.212889E+02, 1.932710E+02, 1.092195E+01, 1.735744E+01, 3.208399E+01,2, 0.000000E+00,17, 1.599028E+00,0, 0.000000E+00,1, 5.023310E-01, 5.023310E-01, 5.023310E-01,4, 0.000000E+00,0,mc_qqps,54
-21042,549,20227,192757,94C2, 9.125000E+01,37,6,43,37,6, 3.837146E-01,-2.382347E+00,-7.121608E-02, 7.971938E+01, 7.911855E+01, 2.138339E+00,-3.355495E+00,-5.792893E+00,-4.225348E+00, 1.010872E+02, 6.926948E+01, 2.136784E+01, 0.000000E+00,5, 0.000000E+00,1, 0.000000E+00,0, 0.000000E+00,2, 6.181095E+00, 8.355133E-01, 5.345582E+00,NULL,NULL,1,mc_qqps,54
-21042,550,20227,192813,94C2, 9.125000E+01,36,10,46,36,10,-7.616902E+01,-1.314199E+01, 9.854481E+00, 1.382100E+02, 1.376042E+02, 3.822339E+00,-7.671935E+01,-1.495647E+01, 9.649378E+00, 1.439537E+02, 1.348646E+02, 3.817588E+00, 1.372768E+00,12, 1.914079E-01,1, 0.000000E+00,0, 0.000000E+00,5, 2.757527E+00, 4.284507E-01, 8.424329E-01,NULL,NULL,1,mc_qqps,54
-21042,551,20227,192830,94C2, 9.125000E+01,34,16,50,34,16, 7.872565E-01, 7.380870E+00, 9.367436E+00, 5.824182E+01, 5.762048E+01, 1.694720E+00,-5.636874E+00, 1.833469E+01, 2.068608E+01, 9.605156E+01, 5.553396E+01, 1.226797E+01, 2.463349E+01,10, 0.000000E+00,1, 0.000000E+00,0, 0.000000E+00,8, 1.141495E+01, 3.591656E-01, 4.461140E+00,1, 0.000000E+00,1,mc_qqps,54
-21042,552,20227,192849,94C2, 9.125000E+01,21,13,34,21,13, 3.763842E+00, 8.921658E+00, 1.779543E+01, 5.218177E+01, 5.171029E+01, 2.462394E+00, 1.475003E+00, 3.168339E+00, 8.493845E+00, 6.806648E+01, 4.780265E+01, 1.528386E+01, 6.008399E-01,6, 1.826167E+00,8, 0.000000E+00,0, 0.000000E+00,3, 4.198778E+00, 6.760682E-01, 1.898361E+00,NULL,NULL,1,mc_qqps,54
-21042,553,20227,192902,94C2, 9.125000E+01,33,18,51,33,18,-3.219107E+01,-2.341693E+01,-6.810213E+01, 1.345552E+02, 1.337275E+02, 4.052350E+00,-2.098878E+01,-1.772289E+01,-5.877318E+01, 1.701800E+02, 1.286844E+02, 2.229516E+01, 1.205287E+01,9, 0.000000E+00,6, 3.181311E-01,0, 0.000000E+00,8, 1.108522E+01, 6.364295E-01, 3.908832E+00,NULL,NULL,1,mc_qqps,54
-21042,554,20227,192920,94C2, 9.125000E+01,18,14,32,18,14,-2.061978E+00,-1.540584E+00, 1.007941E+00, 2.731407E+01, 2.702209E+01, 1.501227E+00, 1.138965E+01, 6.540965E+00,-1.092196E+01, 7.712677E+01, 2.437731E+01, 4.981348E+01, 0.000000E+00,13, 7.012316E-02,1, 0.000000E+00,0, 0.000000E+00,11, 4.330963E+01, 3.635062E-01, 1.318577E+01,NULL,NULL,1,mc_qqps,54
-21042,555,20227,192933,94C2, 9.125000E+01,13,17,30,13,17, 7.458810E-01, 6.916101E-01,-1.089697E+01, 1.835033E+01, 1.801166E+01, 1.385512E+00, 1.366866E+00, 5.055133E-01,-3.226572E+00, 5.567748E+01, 3.523363E+00, 3.486742E+01, 2.459730E+00,2, 0.000000E+00,12, 1.512639E+00,0, 0.000000E+00,2, 1.850936E+00, 7.929716E-01, 1.057965E+00,4, 0.000000E+00,0,mc_qqps,54
-21042,556,20227,192949,94C2, 9.125000E+01,35,9,44,35,9, 1.989000E+00,-1.930487E-02,-4.828793E-01, 6.195562E+01, 6.124306E+01, 1.749802E+00, 4.777216E-01, 4.077705E-01,-4.442753E-01, 6.882475E+01, 5.652675E+01, 5.874217E+00, 9.949031E-01,4, 0.000000E+00,5, 0.000000E+00,0, 0.000000E+00,3, 2.931469E+00, 4.353339E-01, 1.616966E+00,NULL,NULL,1,mc_qqps,54
-21042,557,20227,193011,94C2, 9.125000E+01,27,12,39,27,12, 1.457746E+00,-9.532876E-01, 2.496330E+00, 7.721953E+01, 7.681915E+01, 2.845154E+00, 2.389109E+00, 1.923888E+00,-3.008500E+00, 1.020905E+02, 4.682170E+01, 1.254101E+01, 4.744699E+00,19, 4.960239E+00,1, 0.000000E+00,0, 0.000000E+00,10, 1.951687E+01, 5.669006E-01, 5.585436E+00,NULL,NULL,1,mc_qqps,54
-21042,558,20227,193025,94C2, 9.125000E+01,27,18,45,27,18, 9.299906E+00,-3.360883E+00,-1.501853E+00, 4.588108E+01, 4.535080E+01, 1.679659E+00, 1.511803E+01,-8.059794E+00,-4.377458E+00, 8.777812E+01, 4.090855E+01, 1.832072E+01, 2.172701E+01,20, 1.874328E+00,0, 0.000000E+00,0, 0.000000E+00,14, 2.019424E+01, 3.374426E-01, 5.332354E+00,NULL,NULL,1,mc_qqps,54
-21042,559,20227,193039,94C2, 9.125000E+01,25,15,40,25,15,-1.204380E+01, 9.454894E+00, 1.777422E+01, 5.220181E+01, 5.181235E+01, 2.072494E+00,-8.280511E+00, 6.181973E+00, 1.213930E+01, 7.248602E+01, 4.622220E+01, 1.841989E+01, 1.864332E+00,10, 2.831835E-01,3, 0.000000E+00,0, 0.000000E+00,8, 1.647266E+01, 5.864668E-01, 5.547397E+00,NULL,NULL,1,mc_qqps,54
-21042,560,20227,193055,94C2, 9.125000E+01,11,17,28,11,17, 1.698250E+01, 2.495065E+00,-6.731192E+00, 4.626768E+01, 4.620406E+01, 4.200369E+00, 2.702410E+00, 1.255270E+00,-1.742034E+00, 9.784849E+01, 4.626400E+01, 4.710729E+01, 0.000000E+00,21, 2.351728E+01,0, 0.000000E+00,0, 0.000000E+00,16, 4.774954E+01, 5.336924E-01, 1.282783E+01,NULL,NULL,1,mc_qqps,54
-21042,561,20227,193107,94C2, 9.125000E+01,66,14,80,66,14, 1.499629E+00, 1.155619E+01,-4.481184E+00, 6.889342E+01, 6.565993E+01, 9.948474E-01,-6.713447E-02,-1.430123E+01,-1.617263E+00, 1.046983E+02, 5.398718E+01, 3.140594E+01, 4.398958E+00,18, 8.380994E+00,0, 0.000000E+00,0, 0.000000E+00,12, 3.074941E+01, 7.487530E-01, 7.540581E+00,NULL,NULL,1,mc_qqps,54
-21042,562,20227,193122,94C2, 9.125000E+01,19,10,29,19,10,-9.081125E+00,-5.027226E+00, 7.547803E+00, 6.035055E+01, 6.009059E+01, 3.162663E+00,-2.255796E+01,-8.200748E+00, 2.034009E+01, 8.712463E+01, 4.657972E+01, 2.257985E+01, 1.648800E+00,8, 2.154052E+00,1, 0.000000E+00,0, 0.000000E+00,7, 2.433274E+01, 9.940249E-01, 1.059984E+01,NULL,NULL,1,mc_qqps,54
-21042,563,20227,193135,94C2, 9.125000E+01,35,10,45,35,10, 1.470709E+01, 8.609560E+00,-1.079571E+01, 4.506911E+01, 4.433940E+01, 1.266840E+00, 1.394276E+01, 5.817199E+00,-1.068437E+01, 5.892385E+01, 2.893495E+01, 1.181925E+01, 2.035491E+00,6, 1.051767E+00,6, 0.000000E+00,0, 0.000000E+00,4, 5.081635E+00, 3.789024E-01, 2.709695E+00,NULL,NULL,1,mc_qqps,54
-21042,564,20227,193153,94C2, 9.125000E+01,32,21,53,32,21,-7.593677E+00,-2.639478E+00,-1.014286E+01, 4.980841E+01, 4.925429E+01, 1.539196E+00,-3.748232E+00,-3.603361E+00,-4.535805E+00, 7.405724E+01, 4.081449E+01, 1.688977E+01, 3.506863E+00,14, 5.112061E-01,7, 0.000000E+00,0, 0.000000E+00,10, 1.271952E+01, 4.583991E-01, 2.599530E+00,2, 0.000000E+00,1,mc_qqps,54
-21042,565,20227,193215,94C2, 9.125000E+01,30,9,39,30,9, 2.533150E+01, 5.295022E+01,-1.722480E+02, 2.243527E+02, 2.237667E+02, 7.458891E+00, 2.501328E+01, 5.289746E+01,-1.716217E+02, 2.327618E+02, 1.214225E+01, 8.409106E+00, 0.000000E+00,3, 0.000000E+00,11, 4.553658E+00,0, 0.000000E+00,3, 1.805323E+00, 5.558876E-01, 6.542917E-01,1, 0.000000E+00,0,mc_qqps,54
-21042,566,20227,193236,94C2, 9.125000E+01,31,13,44,31,13, 2.118446E+01,-7.245622E+00, 1.851071E+01, 5.113309E+01, 5.042271E+01, 1.626539E+00, 2.214825E+00,-6.908429E-01, 1.496626E+00, 1.076372E+02, 4.350310E+01, 4.768702E+01, 7.083650E+00,11, 1.135324E+00,3, 0.000000E+00,0, 0.000000E+00,7, 4.426222E+01, 4.028425E-01, 3.310014E+01,NULL,NULL,1,mc_qqps,54
-21042,567,20227,193250,94C2, 9.125000E+01,22,12,34,22,12,-8.047655E+00,-2.057907E+01, 1.814144E+01, 6.720875E+01, 6.681658E+01, 3.037117E+00,-2.347217E+00, 2.478922E+00,-3.453060E+00, 1.060470E+02, 6.575246E+01, 2.380342E+01, 1.276194E+01,14, 9.355436E+00,0, 0.000000E+00,0, 0.000000E+00,10, 2.484561E+01, 4.563028E-01, 8.452957E+00,NULL,NULL,1,mc_qqps,54
-21042,568,20227,193302,94C2, 9.125000E+01,33,17,50,33,17, 7.659251E+00,-1.438788E+00, 1.224972E+01, 5.978302E+01, 5.890716E+01, 1.785065E+00,-1.399104E+00, 2.266250E+00,-1.484013E-01, 9.953200E+01, 3.201831E+01, 2.221396E+01, 1.753502E+01,5, 0.000000E+00,18, 1.133726E+00,0, 0.000000E+00,3, 4.598337E+00, 9.205581E-01, 1.848582E+00,1, 0.000000E+00,1,mc_qqps,54
-21042,569,20227,193322,94C2, 9.125000E+01,13,11,24,13,11, 1.013387E+00, 8.292814E-01,-8.204476E+00, 1.520148E+01, 1.482486E+01, 1.140374E+00, 1.250817E+00,-1.595882E+00,-3.795897E+00, 5.823843E+01, 3.832668E+00, 4.283708E+01, 1.998671E-01,0, 0.000000E+00,4, 3.949792E-01,0, 0.000000E+00,NULL,NULL,NULL,NULL,5, 0.000000E+00,0,mc_qqps,54
-21042,570,20227,193410,94C2, 9.125000E+01,32,16,48,32,16, 7.369386E-01,-2.718225E+00, 2.909853E+00, 1.724898E+02, 1.720995E+02, 5.378109E+00, 3.106042E-01,-1.662463E+00, 4.056212E+00, 1.865194E+02, 4.264630E+01, 1.201461E+01, 2.014983E+00,1, 0.000000E+00,19, 1.449935E+01,0, 0.000000E+00,1, 7.883499E-01, 7.883499E-01, 7.883499E-01,4, 0.000000E+00,1,mc_qqps,54
-21042,571,20227,193428,94C2, 9.125000E+01,19,16,35,19,16,-2.979073E+00,-2.846527E+00, 2.611927E+00, 5.313870E+01, 5.279161E+01, 2.778506E+00, 1.692598E+00, 1.019792E+01,-9.054714E+00, 9.663041E+01, 5.045573E+01, 3.940567E+01, 2.189870E+00,18, 4.963682E+00,0, 0.000000E+00,0, 0.000000E+00,12, 4.004913E+01, 1.028962E+00, 1.027882E+01,NULL,NULL,1,mc_qqps,54
-21042,572,20227,193439,94C2, 9.125000E+01,30,5,35,30,5,-3.700329E-01, 2.946516E-01,-6.281639E-01, 6.533660E+01, 6.485703E+01, 2.161901E+00, 1.221172E-01, 3.685220E+00,-3.887266E+00, 7.877932E+01, 6.120753E+01, 1.055817E+01, 6.497543E-01,7, 2.105938E+00,1, 0.000000E+00,0, 0.000000E+00,3, 1.262640E+01, 2.470769E+00, 6.067823E+00,NULL,NULL,1,mc_qqps,54
-21042,573,20227,193457,94C2, 9.125000E+01,21,12,33,21,12,-8.635887E+00, 4.153990E+00,-4.850544E+00, 5.806236E+01, 5.749852E+01, 2.738025E+00, 8.898027E+00,-2.432439E+00, 4.195751E+00, 9.517327E+01, 5.500723E+01, 7.886933E+00, 2.855523E+01,9, 2.138031E+00,1, 0.000000E+00,0, 0.000000E+00,7, 8.082212E+00, 3.927602E-01, 2.462417E+00,NULL,NULL,1,mc_qqps,54
-21042,574,20227,193513,94C2, 9.125000E+01,64,17,81,64,17,-8.968114E+00,-4.727052E+00, 6.517075E+00, 6.401714E+01, 6.185630E+01, 9.665047E-01,-7.392624E+00,-3.386567E+00, 8.224509E+00, 1.029812E+02, 4.490717E+01, 1.996671E+01, 1.525773E+01,14, 2.398811E+00,0, 0.000000E+00,0, 0.000000E+00,9, 2.261610E+01, 8.914594E-01, 7.217835E+00,1, 0.000000E+00,1,mc_qqps,54
-21042,575,20227,193535,94C2, 9.125000E+01,41,18,59,41,18, 3.625157E+00, 3.030695E+00,-3.946308E-01, 6.571910E+01, 6.488438E+01, 1.582546E+00, 9.811820E+00,-5.212679E-01, 1.632317E+00, 1.071418E+02, 6.328903E+01, 1.820147E+01, 1.173897E+01,23, 9.259421E+00,0, 0.000000E+00,0, 0.000000E+00,13, 2.643798E+01, 3.491133E-01, 4.793820E+00,NULL,NULL,1,mc_qqps,54
-21042,576,20227,193549,94C2, 9.125000E+01,36,17,53,36,17,-3.125878E+00, 1.350279E-01,-4.712595E-01, 6.248583E+01, 6.201036E+01, 1.722510E+00,-1.543780E+01, 3.476649E+00,-4.919172E+00, 8.945291E+01, 4.809418E+01, 2.098746E+01, 1.262082E+00,19, 5.573717E-01,0, 0.000000E+00,0, 0.000000E+00,13, 1.903925E+01, 4.715602E-01, 4.281133E+00,NULL,NULL,1,mc_qqps,54
-21042,577,20227,193603,94C2, 9.125000E+01,40,18,58,40,18,-1.305418E+01,-4.829112E+00,-1.465139E+01, 3.964147E+01, 3.866960E+01, 9.667400E-01,-2.048019E+01,-1.083026E+01,-1.218933E+01, 6.797113E+01, 2.495233E+01, 2.136514E+01, 6.982374E+00,10, 1.372952E+00,3, 3.651309E-01,0, 0.000000E+00,9, 1.739762E+01, 6.973687E-01, 4.779090E+00,1, 0.000000E+00,1,mc_qqps,54
-21042,578,20227,193624,94C2, 9.125000E+01,40,10,50,40,10, 4.030056E+00,-7.408759E+00,-1.060615E+01, 6.160290E+01, 6.103398E+01, 1.525849E+00, 2.199540E+00,-7.603831E+00,-1.284244E+01, 8.369833E+01, 3.918951E+01, 1.648012E+01, 3.986287E+00,7, 2.127464E-01,10, 0.000000E+00,0, 0.000000E+00,3, 3.480543E+00, 5.639495E-01, 1.854147E+00,NULL,NULL,1,mc_qqps,54
-21042,579,20227,193640,94C2, 9.125000E+01,38,18,56,38,18, 3.086895E+00, 2.966624E+00,-2.645876E+01, 1.119726E+02, 1.114918E+02, 2.933994E+00, 3.823395E+00, 4.514488E+00,-2.435924E+01, 1.301561E+02, 2.653611E+01, 1.661984E+01, 1.563604E+00,0, 0.000000E+00,24, 1.092984E+01,0, 0.000000E+00,NULL,NULL,NULL,NULL,NULL,NULL,1,mc_qqps,54
-21042,580,20227,193701,94C2, 9.125000E+01,37,13,50,37,13, 1.232996E+01, 8.094364E+00,-9.111494E+01, 1.577888E+02, 1.569688E+02, 4.242400E+00, 1.451236E+01, 8.738801E+00,-9.684579E+01, 1.718607E+02, 4.303649E+01, 1.128893E+01, 2.865612E+00,0, 0.000000E+00,15, 3.154372E+00,0, 0.000000E+00,NULL,NULL,NULL,NULL,NULL,NULL,1,mc_qqps,54
-21042,581,20227,193719,94C2, 9.125000E+01,45,21,66,45,21, 3.923553E+00,-4.995948E+00, 9.716363E-01, 7.698592E+01, 7.612316E+01, 1.691626E+00, 9.050996E-01, 3.886164E+00,-3.938912E-01, 1.006247E+02, 5.709108E+01, 1.534747E+01, 4.132107E+00,24, 7.064427E+00,0, 0.000000E+00,0, 0.000000E+00,16, 1.903580E+01, 3.671820E-01, 4.032802E+00,NULL,NULL,1,mc_qqps,54
-21042,582,20227,193734,94C2, 9.125000E+01,27,11,38,27,11,-2.048575E+00,-3.229598E+00, 2.781210E+00, 6.494048E+01, 6.454465E+01, 2.390543E+00, 5.887939E+00, 4.114291E+00,-8.597201E+00, 9.368320E+01, 5.743070E+01, 1.906787E+01, 3.039545E+00,13, 7.891080E+00,0, 0.000000E+00,0, 0.000000E+00,8, 2.436418E+01, 8.164774E-01, 1.267731E+01,NULL,NULL,1,mc_qqps,54
-21042,583,20227,193750,94C2, 9.125000E+01,20,10,30,20,10,-4.494441E+00,-4.965610E+00, 2.762577E+00, 8.589272E+01, 8.562851E+01, 4.281425E+00,-5.405410E+00,-5.930015E+00, 4.585251E+00, 9.753021E+01, 7.410688E+01, 8.528861E+00, 2.638421E+00,10, 2.902820E+00,0, 0.000000E+00,0, 0.000000E+00,7, 9.004938E+00, 4.760775E-01, 2.399817E+00,NULL,NULL,1,mc_qqps,54
-21042,584,20227,193805,94C2, 9.125000E+01,18,6,24,18,6, 5.996709E+00,-1.625906E+01,-1.667487E+01, 4.884185E+01, 4.849503E+01, 2.694168E+00, 3.274196E+00,-6.446531E+00,-6.871657E+00, 6.430012E+01, 4.447229E+01, 9.914604E-01, 1.383519E+01,4, 1.856218E+01,0, 0.000000E+00,0, 0.000000E+00,2, 1.075257E+00, 4.436376E-01, 6.316189E-01,NULL,NULL,1,mc_qqps,54
-21042,585,20227,193817,94C2, 9.125000E+01,32,18,50,32,18, 4.990620E+00, 6.897372E-01, 1.293645E+00, 5.125329E+01, 5.055017E+01, 1.579693E+00, 5.978357E+00, 5.305353E+00, 4.295289E-01, 9.022535E+01, 4.371075E+01, 2.988332E+01, 7.790940E+00,19, 7.270948E-01,2, 0.000000E+00,0, 0.000000E+00,14, 2.993471E+01, 4.481256E-01, 1.200304E+01,NULL,NULL,1,mc_qqps,54
-21042,586,20227,193832,94C2, 9.125000E+01,24,15,39,24,15,-7.785684E+00,-1.172076E+00, 8.258547E+00, 6.811816E+01, 6.771255E+01, 2.821356E+00, 2.995288E+00,-2.847594E+00,-2.364848E+00, 8.835818E+01, 6.613156E+01, 1.595150E+01, 3.086611E+00,10, 7.692719E-01,3, 0.000000E+00,0, 0.000000E+00,8, 1.341997E+01, 3.921539E-01, 4.280705E+00,NULL,NULL,1,mc_qqps,54
-21042,587,20227,193844,94C2, 9.125000E+01,29,11,40,29,11, 2.107696E+00, 1.837626E+00, 4.296045E+00, 8.123330E+01, 8.079751E+01, 2.786121E+00,-7.044747E-01, 1.818031E+00,-2.931486E+00, 9.947993E+01, 5.839630E+01, 1.824662E+01, 0.000000E+00,1, 0.000000E+00,16, 9.391992E+00,0, 0.000000E+00,1, 1.351140E+00, 1.351140E+00, 1.351140E+00,NULL,NULL,1,mc_qqps,54
-21042,588,20227,193902,94C2, 9.125000E+01,35,19,54,35,19, 2.070086E+00, 3.875677E+00,-1.398799E+01, 2.578703E+01, 2.457594E+01, 7.021698E-01, 3.900252E+00, 5.954606E+00,-3.929852E+00, 7.325819E+01, 1.192852E+01, 4.405054E+01, 3.657938E+00,2, 0.000000E+00,8, 2.536769E+00,0, 0.000000E+00,2, 4.350039E+00, 1.364097E+00, 2.985942E+00,7, 0.000000E+00,0,mc_qqps,54
-21042,589,20227,194009,94C2, 9.125000E+01,16,14,30,16,14, 3.762674E+00, 7.963877E+00,-2.021466E+01, 3.960598E+01, 3.941871E+01, 2.463669E+00, 2.921280E+00, 4.643063E+00,-1.465953E+01, 6.642967E+01, 3.286356E+01, 2.380186E+01, 3.021840E+00,4, 0.000000E+00,9, 0.000000E+00,0, 0.000000E+00,2, 8.097892E+00, 9.610393E-01, 7.136852E+00,3, 0.000000E+00,1,mc_qqps,54
-21042,590,20227,194024,94C2, 9.125000E+01,35,13,48,35,13,-1.744223E-01,-4.416600E-02, 4.883075E+00, 5.465826E+01, 5.402481E+01, 1.543566E+00, 9.000883E+00, 8.451467E-01, 3.234761E+00, 8.836933E+01, 4.952098E+01, 3.054063E+01, 3.709528E+00,13, 3.663223E-01,0, 0.000000E+00,0, 0.000000E+00,8, 2.460554E+01, 9.091690E-01, 1.013274E+01,NULL,NULL,1,mc_qqps,54
-21042,591,20227,194041,94C2, 9.125000E+01,22,14,36,22,14,-4.495235E+00,-3.643081E+00,-8.694030E+00, 6.472417E+01, 6.453087E+01, 2.933221E+00,-1.773269E+00,-2.359714E+00,-3.758132E+00, 8.267542E+01, 6.298347E+01, 1.740972E+01, 0.000000E+00,4, 6.536080E-01,17, 1.297949E+01,0, 0.000000E+00,3, 2.028740E+00, 5.415223E-01, 8.035855E-01,NULL,NULL,1,mc_qqps,54
-21042,592,20227,194054,94C2, 9.125000E+01,22,15,37,22,15,-2.499482E+00, 4.892954E+00, 1.036434E+00, 6.867213E+01, 6.829292E+01, 3.104224E+00,-1.038110E+01, 7.169149E+00,-3.888632E+00, 1.130124E+02, 6.633399E+01, 2.141470E+01, 1.661466E+01,17, 1.057142E+00,1, 0.000000E+00,0, 0.000000E+00,11, 2.138775E+01, 6.154816E-01, 6.310886E+00,NULL,NULL,1,mc_qqps,54
