SWIFTJ0001.0-0708   43.37 43.62 43.43 43.24 43.54 43.60
SWIFTJ0001.6-7701   43.41 43.91 43.62 43.48 43.86 43.92
SWIFTJ0002.5+0323   42.85 43.24 42.85 42.78 43.11 43.17
SWIFTJ0003.3+2737   42.79 43.67 43.05 43.19 43.61 43.67
SWIFTJ0005.0+7021   43.90 44.45 44.02 44.09 44.37 44.43
SWIFTJ0006.2+2012   42.97 43.46 43.24 43.04 43.34 43.40
SWIFTJ0009.4-0037   43.01 44.07 43.60 43.65 44.13 44.19
SWIFTJ0010.5+1057   44.18 44.79 44.18 44.31 44.72 44.78
SWIFTJ0017.1+8134   47.22 47.71 47.23 47.33 47.68 47.74
SWIFTJ0021.2-1909   44.38 44.59 44.40 44.19 44.50 44.55
SWIFTJ0025.8+6818   41.35 42.77 43.14 42.57 43.00 43.06
SWIFTJ0026.5-5308   43.69 44.12 43.69 43.68 44.07 44.13
SWIFTJ0029.2+1319   44.40 44.83 44.40 44.43 44.78 44.84
SWIFTJ0030.0-5904   41.28 43.43 43.12 43.07 43.53 43.59
SWIFTJ0033.6+6127   44.26 44.58 44.30 44.19 44.50 44.56
SWIFTJ0034.5-7904   43.99 43.96 43.99 43.65 43.88 43.94
SWIFTJ0034.6-0422   44.26 45.27 44.66 44.89 45.25 45.30
SWIFTJ0036.0+5951   45.18 44.66 45.15 44.31 44.64 44.70
SWIFTJ0036.3+4540   43.50 43.92 43.50 43.47 43.84 43.90
SWIFTJ0038.4+2337   42.52 43.42 42.77 43.02 43.36 43.42
SWIFTJ0042.9+3016A  43.16 43.70 43.23 43.41 43.65 43.71
SWIFTJ0042.9+3016B  44.25 44.73 44.26 44.10 44.50 44.56
SWIFTJ0042.9-1135   42.08 42.86 42.28 42.52 42.80 42.86
SWIFTJ0042.9-2332   42.65 43.72 43.21 43.33 43.71 43.76
SWIFTJ0046.2-4008   44.30 45.11 44.68 44.81 45.09 45.15
SWIFTJ0048.8+3155   43.13 43.89 43.44 43.48 43.84 43.90
SWIFTJ0051.6+2928   42.99 43.46 42.99 43.07 43.40 43.45
SWIFTJ0051.9+1724   44.12 44.46 44.12 44.08 44.39 44.45
SWIFTJ0054.9+2524   44.65 44.95 44.63 44.52 44.87 44.92
SWIFTJ0059.4+3150   42.75 43.17 42.74 42.78 43.08 43.13
SWIFTJ0100.9-4750   43.18 43.94 43.27 43.51 43.88 43.94
SWIFTJ0101.5-0308   43.21 44.08 43.21 43.65 44.04 44.10
SWIFTJ0103.8-6437   44.32 44.89 44.32 44.37 44.85 44.90
SWIFTJ0105.5-4213   41.80 43.40 43.46 43.14 43.55 43.60
SWIFTJ0105.6-3433   43.58 43.81 43.62 43.50 43.74 43.80
SWIFTJ0105.7-1414   43.77 44.14 43.78 43.78 44.05 44.11
SWIFTJ0106.2-4704   42.25 42.78 42.49 42.46 42.83 42.89
SWIFTJ0106.8+0639   42.82 43.78 43.41 43.32 43.77 43.83
SWIFTJ0107.7-1137B  42.72 43.74 43.33 43.35 43.74 43.80
SWIFTJ0109.0+1320   43.31 44.37 44.15 44.05 44.42 44.48
SWIFTJ0111.4-3808   41.45 42.81 43.77 42.98 43.32 43.38
SWIFTJ0113.8+1313   43.30 43.98 43.56 43.54 43.92 43.97
SWIFTJ0113.8-1450   43.47 44.25 43.47 43.82 44.17 44.23
SWIFTJ0114.4-5522   41.79 42.75 42.17 42.31 42.71 42.77
SWIFTJ0114.5-3236   41.85 42.66 42.40 42.25 42.66 42.72
SWIFTJ0116.3+3104   42.15 42.87 42.19 42.48 42.77 42.82
SWIFTJ0122.0-2818   44.07 44.73 44.07 44.12 44.59 44.65
SWIFTJ0122.8+5003   42.10 43.08 43.98 43.04 43.38 43.44
SWIFTJ0122.9+3420   45.55 45.49 45.55 45.13 45.48 45.54
SWIFTJ0123.8-3504   43.24 43.71 43.26 43.21 43.63 43.69
SWIFTJ0123.9-5846   44.15 44.41 44.16 43.98 44.36 44.42
SWIFTJ0124.5+3350   42.52 43.24 42.66 42.79 43.16 43.22
SWIFTJ0126.0+3511   44.60 45.48 44.60 45.07 45.39 45.45
SWIFTJ0126.2+1517   43.87 44.62 43.89 44.17 44.56 44.62
SWIFTJ0127.5+1910   42.69 42.96 42.70 42.63 42.88 42.94
SWIFTJ0128.0-1850   43.61 43.99 43.61 43.48 43.92 43.97
SWIFTJ0128.4+1631   42.50 43.71 42.92 43.24 43.61 43.67
SWIFTJ0128.9-6039   43.87 45.06 45.23 44.85 45.23 45.29
SWIFTJ0130.0-4218   41.88 43.13 43.68 43.06 43.42 43.48
SWIFTJ0130.2-4552   43.34 44.27 43.34 43.76 44.16 44.21
SWIFTJ0131.8-3307   41.74 42.95 42.81 42.51 42.92 42.98
SWIFTJ0134.1-3625   42.56 44.07 43.94 43.81 44.27 44.33
SWIFTJ0134.8-0430   44.11 44.54 44.11 44.04 44.48 44.54
SWIFTJ0138.6-4001   42.74 43.99 43.67 43.69 44.09 44.15
SWIFTJ0138.8+2925   43.44 43.94 43.44 43.59 43.84 43.90
SWIFTJ0140.6-5321   43.83 44.21 43.86 43.81 44.12 44.18
SWIFTJ0142.0+3922   43.83 44.31 43.83 43.81 44.27 44.32
SWIFTJ0149.2+2153B  41.00 42.21 41.48 41.70 42.07 42.13
SWIFTJ0149.9-5019   42.77 43.42 42.78 42.89 43.34 43.39
SWIFTJ0151.3-3610   43.12 43.33 43.12 42.94 43.29 43.34
SWIFTJ0152.8-0329   42.37 43.18 42.75 42.78 43.14 43.20
SWIFTJ0154.9-2707   44.58 44.98 44.63 44.53 44.87 44.93
SWIFTJ0155.4+0228   43.45 44.27 43.45 43.90 44.19 44.25
SWIFTJ0157.2+4715   43.62 43.94 43.62 43.46 43.88 43.94
SWIFTJ0200.3+2428   41.82 42.94 42.14 42.41 42.88 42.93
SWIFTJ0201.0-0648   42.12 43.52 43.02 43.22 43.60 43.66
SWIFTJ0202.4+6824A  41.67 42.56 41.73 41.93 42.42 42.48
SWIFTJ0202.4+6824B  42.08 42.60 42.08 41.97 42.54 42.60
SWIFTJ0203.1-2359   44.68 44.95 44.65 44.57 44.86 44.92
SWIFTJ0206.2-0019   43.60 44.14 43.60 43.63 44.05 44.11
SWIFTJ0207.0+2931   44.39 44.71 44.41 44.27 44.66 44.72
SWIFTJ0208.2+4452   42.56 43.05 42.57 42.65 42.97 43.03
SWIFTJ0208.5-1738   44.29 44.60 44.36 44.20 44.54 44.60
SWIFTJ0209.5-1010D1 41.27 42.76 41.80 41.78 42.25 42.30
SWIFTJ0209.5-1010D2 41.52 42.81 42.07 42.22 42.62 42.67
SWIFTJ0209.7+5226   43.95 44.46 43.96 44.04 44.40 44.46
SWIFTJ0211.1-4944   43.02 43.63 43.25 43.25 43.62 43.68
SWIFTJ0213.7+5147   43.77 43.66 43.76 43.40 43.79 43.85
SWIFTJ0214.6-0049   42.70 43.42 42.70 42.95 43.33 43.39
SWIFTJ0214.9-6432   43.88 44.21 43.88 43.74 44.14 44.20
SWIFTJ0215.6-1301   44.14 44.90 44.50 44.44 44.83 44.89
SWIFTJ0216.3+5128   45.69 46.05 45.74 45.61 46.01 46.06
SWIFTJ0218.0+7348   47.16 47.92 47.16 47.40 47.91 47.97
SWIFTJ0222.3+2509   43.62 44.17 43.66 43.56 44.08 44.14
SWIFTJ0222.6+5222   44.79 44.96 44.80 44.66 44.92 44.97
SWIFTJ0223.4+4551   43.42 44.11 43.66 43.65 44.08 44.14
SWIFTJ0225.0+1847   47.54 47.82 47.52 47.30 47.77 47.83
SWIFTJ0225.0-2312   44.76 45.20 44.76 44.81 45.14 45.20
SWIFTJ0225.8-6315   43.51 44.07 43.51 43.62 43.98 44.04
SWIFTJ0226.4-2821   43.62 44.05 43.69 43.57 43.99 44.05
SWIFTJ0227.0+2346   42.63 43.43 42.80 43.08 43.28 43.34
SWIFTJ0228.1+3118   43.25 43.58 43.41 43.17 43.53 43.58
SWIFTJ0230.2-0900   42.49 42.90 42.49 42.40 42.78 42.84
SWIFTJ0231.6-3645   41.77 43.10 42.82 42.69 43.13 43.19
SWIFTJ0232.8+2020   44.68 45.10 44.68 44.68 45.10 45.15
SWIFTJ0234.1+3233   42.65 43.26 42.76 42.76 43.20 43.26
SWIFTJ0234.6-0848   43.78 44.14 43.78 43.75 44.07 44.12
SWIFTJ0235.3-2934   43.57 44.28 43.56 43.71 44.17 44.22
SWIFTJ0238.2-5213   43.79 44.15 43.79 43.67 44.08 44.13
SWIFTJ0238.5-6119   43.53 43.93 43.63 43.39 43.86 43.92
SWIFTJ0238.8-4039   43.80 44.08 43.80 43.69 44.03 44.09
SWIFTJ0241.3-0816   41.46 42.21 41.62 41.73 42.12 42.18
SWIFTJ0241.6+0711   42.89 43.25 42.90 42.89 43.19 43.25
SWIFTJ0242.0+0516   42.90 44.14 43.55 43.66 44.12 44.17
SWIFTJ0242.2+0531   43.71 44.06 43.70 43.66 44.05 44.11
SWIFTJ0242.6+0000   41.19 42.05 42.93 42.39 42.76 42.82
SWIFTJ0243.9+5324   42.73 43.40 42.88 43.10 43.34 43.39
SWIFTJ0244.7-2433   42.51 43.05 42.52 42.61 42.95 43.01
SWIFTJ0244.8+6227   44.02 44.71 44.04 44.29 44.65 44.71
SWIFTJ0245.2+1047   42.37 44.18 42.37 43.72 44.17 44.23
SWIFTJ0249.1+2627   43.47 44.43 44.10 44.02 44.44 44.50
SWIFTJ0250.4+4648   42.77 43.31 42.86 42.89 43.26 43.32
SWIFTJ0250.7+4142   41.15 42.94 42.80 42.69 43.12 43.18
SWIFTJ0251.3+5441   41.41 43.15 43.02 42.92 43.36 43.42
SWIFTJ0251.6-1639   41.03 42.67 42.74 42.49 42.90 42.96
SWIFTJ0252.3+4312   42.99 43.90 43.34 43.50 43.87 43.93
SWIFTJ0252.7-0822   42.55 43.22 42.83 42.80 43.18 43.24
SWIFTJ0255.2-0011   42.80 44.22 43.70 43.89 44.31 44.37
SWIFTJ0256.4-3212   42.38 43.26 42.57 42.82 43.19 43.25
SWIFTJ0300.0-1048   43.65 43.64 43.68 43.17 43.57 43.63
SWIFTJ0304.1-0108   41.62 43.18 43.69 43.21 43.62 43.68
SWIFTJ0308.2-2258   42.18 43.52 43.96 43.69 44.10 44.16
SWIFTJ0308.5-7251   42.92 43.33 42.92 42.91 43.27 43.33
SWIFTJ0311.1+3241   44.30 44.52 44.31 44.21 44.47 44.53
SWIFTJ0311.5-2045   43.81 44.41 43.81 43.93 44.31 44.37
SWIFTJ0311.8-7653   44.48 45.27 44.48 44.81 45.24 45.30
SWIFTJ0311.9+5032   43.74 43.98 43.75 43.58 43.92 43.97
SWIFTJ0312.9+4121   44.48 44.93 44.50 44.39 44.83 44.89
SWIFTJ0317.2+0116   42.83 43.23 43.07 42.80 43.17 43.23
SWIFTJ0318.7+6828   44.14 44.54 44.23 44.06 44.46 44.51
SWIFTJ0319.7+4132   44.58 43.72 43.98 43.36 43.69 43.75
SWIFTJ0324.8+3410   42.90 44.42 42.90 43.91 44.35 44.41
SWIFTJ0324.9+4044   43.19 44.00 43.31 43.49 43.91 43.97
SWIFTJ0325.0-4154   43.49 43.82 43.49 43.45 43.73 43.79
SWIFTJ0326.0-5633   43.10 43.89 43.10 43.40 43.77 43.83
SWIFTJ0328.4-2846   43.56 44.60 44.52 44.21 44.61 44.67
SWIFTJ0331.3+0538   43.61 43.73 43.62 43.38 43.69 43.75
SWIFTJ0331.4-0510   41.68 42.67 41.74 42.25 42.56 42.62
SWIFTJ0333.3+3720   43.78 44.25 43.79 43.82 44.18 44.24
SWIFTJ0333.6-3607   42.07 42.63 42.32 42.23 42.55 42.60
SWIFTJ0334.4-1515   42.94 43.54 42.94 43.10 43.48 43.54
SWIFTJ0335.4+1907   44.44 45.09 44.44 44.60 45.04 45.10
SWIFTJ0336.6+3217   46.80 47.44 46.81 46.87 47.38 47.44
SWIFTJ0342.0-2115   43.01 43.32 43.01 42.87 43.27 43.33
SWIFTJ0345.2-3935   43.25 43.66 43.67 43.30 43.62 43.68
SWIFTJ0347.0-3027   43.83 44.30 43.83 43.94 44.22 44.28
SWIFTJ0349.2-1159   43.65 43.60 43.65 43.19 43.57 43.62
SWIFTJ0350.1-5019   42.18 43.80 44.44 43.88 44.28 44.34
SWIFTJ0351.7-4030   43.62 44.00 43.62 43.60 43.92 43.98
SWIFTJ0353.4-6830   44.47 44.46 44.47 44.08 44.49 44.55
SWIFTJ0353.7+3711   42.45 43.06 42.53 42.66 43.01 43.06
SWIFTJ0354.2+0250   43.29 43.58 43.30 43.24 43.51 43.57
SWIFTJ0356.9-4041   43.43 44.42 43.55 43.93 44.26 44.32
SWIFTJ0357.5-6255   43.33 44.58 44.84 44.39 44.77 44.83
SWIFTJ0359.0-3015A  43.28 44.30 43.58 43.99 44.28 44.34
SWIFTJ0359.0-3015B  43.22 44.36 43.32 43.60 44.13 44.19
SWIFTJ0359.7+5058   46.69 47.26 46.73 46.65 47.18 47.24
SWIFTJ0402.4-1807   42.92 43.60 43.01 43.07 43.52 43.58
SWIFTJ0404.0-3604   46.73 46.99 46.73 46.55 46.96 47.02
SWIFTJ0405.3-3707   43.19 43.88 43.19 43.31 43.81 43.87
SWIFTJ0405.5-1307   45.53 46.03 45.54 45.65 46.15 46.21
SWIFTJ0407.4+0339   43.61 44.71 44.30 44.43 44.77 44.83
SWIFTJ0413.8+1112   45.28 45.60 45.28 45.14 45.49 45.55
SWIFTJ0414.8-0754   43.22 43.85 43.26 43.53 43.74 43.80
SWIFTJ0418.3+3800   44.48 44.81 44.53 44.36 44.76 44.81
SWIFTJ0420.0-5457   41.23 42.07 41.23 41.63 41.99 42.05
SWIFTJ0422.7-5611   43.17 43.96 43.35 43.49 43.89 43.95
SWIFTJ0423.5+0414   42.90 44.04 43.82 43.85 44.16 44.22
SWIFTJ0426.2-5711   44.59 44.83 44.60 44.50 44.77 44.83
SWIFTJ0427.6-1201   41.99 43.49 43.41 43.24 43.67 43.73
SWIFTJ0428.2-6704B  43.08 43.51 43.08 43.18 43.47 43.52
SWIFTJ0429.6-2114   43.68 44.16 43.68 43.59 44.04 44.10
SWIFTJ0433.0+0521   43.97 44.37 43.98 43.93 44.31 44.37
SWIFTJ0433.5-5846   43.30 44.44 43.61 43.96 44.38 44.44
SWIFTJ0436.3-1022   43.30 43.71 43.31 43.31 43.63 43.69
SWIFTJ0437.4-4713   43.59 43.96 43.59 43.47 43.89 43.94
SWIFTJ0438.2-1048   43.32 43.77 43.39 43.33 43.69 43.74
SWIFTJ0440.2-5941   43.35 44.00 43.42 43.59 43.89 43.95
SWIFTJ0440.9+2741   43.07 43.85 43.08 43.41 43.78 43.83
SWIFTJ0441.2-2704   44.08 44.23 44.08 43.87 44.17 44.23
SWIFTJ0441.8-0823   43.20 43.67 43.22 43.25 43.63 43.69
SWIFTJ0443.9+2856   43.27 43.68 43.29 43.11 43.52 43.58
SWIFTJ0444.1+2813   42.55 43.18 42.67 42.70 43.06 43.12
SWIFTJ0445.0-2816   44.41 45.00 44.42 44.51 44.91 44.97
SWIFTJ0446.4+1828   41.90 42.88 42.85 42.62 42.95 43.01
SWIFTJ0450.7-5813   43.99 44.62 43.99 44.14 44.55 44.61
SWIFTJ0451.4-0346   42.84 43.25 42.84 42.75 43.17 43.23
SWIFTJ0452.2+4933   43.66 44.08 43.68 43.61 43.99 44.05
SWIFTJ0453.4+0404   42.38 43.75 44.00 43.55 43.93 43.99
SWIFTJ0454.6-4315   43.83 44.33 43.89 43.89 44.20 44.26
SWIFTJ0456.3-7532   42.01 43.19 42.12 42.75 43.17 43.23
SWIFTJ0459.9+2703   43.53 44.33 43.76 43.93 44.29 44.34
SWIFTJ0501.9-3239   42.78 43.23 42.96 42.77 43.17 43.23
SWIFTJ0502.1+0332   42.51 42.94 42.53 42.53 42.84 42.90
SWIFTJ0503.0+2302   43.98 44.19 43.98 43.83 44.15 44.21
SWIFTJ0504.6-7345   43.21 43.60 43.22 43.14 43.56 43.62
SWIFTJ0505.8-2351   43.33 44.23 43.48 43.73 44.15 44.21
SWIFTJ0507.7+6732   45.93 45.56 45.95 45.17 45.53 45.59
SWIFTJ0508.1+1727   42.55 43.25 42.62 42.87 43.16 43.22
SWIFTJ0510.7+1629   43.24 43.81 43.52 43.38 43.76 43.82
SWIFTJ0512.1-1830   43.30 43.75 43.38 43.29 43.70 43.76
SWIFTJ0513.8+6627   42.04 42.77 42.11 42.38 42.69 42.75
SWIFTJ0515.3+1854   42.39 43.57 42.77 43.07 43.58 43.64
SWIFTJ0516.2-0009   43.81 44.23 43.80 43.82 44.16 44.21
SWIFTJ0516.3+1928   42.35 43.34 42.52 42.96 43.23 43.29
SWIFTJ0516.4-1034   42.90 43.41 42.90 43.07 43.39 43.44
SWIFTJ0519.5-3140   44.06 44.39 44.06 43.88 44.36 44.42
SWIFTJ0519.5-4545   43.44 44.04 43.44 43.62 43.98 44.03
SWIFTJ0521.0-2522   43.10 43.74 43.40 43.23 43.54 43.59
SWIFTJ0524.1-1210   43.18 44.01 43.39 43.60 43.94 44.00
SWIFTJ0525.1-2339   46.76 47.71 46.76 47.10 47.68 47.74
SWIFTJ0525.3-4600   45.97 47.18 45.97 46.52 47.07 47.13
SWIFTJ0526.2-2118   42.74 43.39 43.23 42.96 43.34 43.40
SWIFTJ0528.1-3933   42.58 43.53 42.54 43.08 43.42 43.47
SWIFTJ0530.8+1333   46.75 47.65 46.71 47.02 47.52 47.57
SWIFTJ0532.9+1343   42.43 43.32 42.47 42.78 43.18 43.24
SWIFTJ0533.9-1318   42.32 43.54 43.14 43.16 43.56 43.62
SWIFTJ0535.4+4013   42.38 43.21 42.40 42.71 43.11 43.17
SWIFTJ0539.9-2839   46.91 47.92 46.91 47.26 47.84 47.90
SWIFTJ0543.9-2749   41.66 42.64 42.46 42.22 42.59 42.65
SWIFTJ0544.4+5909   43.73 44.43 43.80 43.92 44.36 44.42
SWIFTJ0544.4-4328   43.08 43.52 43.23 43.21 43.49 43.55
SWIFTJ0547.3+5042   42.70 43.85 43.14 43.50 43.82 43.88
SWIFTJ0548.4-4748   43.02 43.65 43.51 43.38 43.64 43.69
SWIFTJ0550.7-3212A  44.60 44.26 44.60 43.92 44.25 44.31
SWIFTJ0552.2-0727   42.52 43.63 42.69 43.14 43.57 43.63
SWIFTJ0552.5+5929   43.69 44.10 43.69 43.77 44.00 44.06
SWIFTJ0554.8+4625   43.62 44.10 43.79 43.67 44.04 44.10
SWIFTJ0555.5+3946   46.59 47.69 46.62 47.12 47.60 47.65
SWIFTJ0557.9-3822   44.05 43.89 44.08 43.53 43.82 43.88
SWIFTJ0559.8-5028   44.86 45.07 44.93 44.60 44.91 44.97
SWIFTJ0600.7+0008   43.85 44.71 44.20 44.43 44.68 44.74
SWIFTJ0601.9-8636   40.93 42.46 42.78 42.23 42.68 42.73
SWIFTJ0602.2+2829   43.67 44.21 43.68 43.81 44.13 44.19
SWIFTJ0602.5+6518   42.09 43.10 42.52 42.64 43.05 43.11
SWIFTJ0606.0-2755   44.08 44.36 44.11 44.03 44.29 44.35
SWIFTJ0609.5-6245A  43.90 44.79 43.90 44.36 44.71 44.77
SWIFTJ0609.5-6245B  43.10 43.99 43.10 43.48 43.88 43.93
SWIFTJ0615.8+7101   42.40 43.76 43.67 43.56 44.00 44.06
SWIFTJ0623.3-6438   44.12 44.68 44.12 44.22 44.64 44.70
SWIFTJ0623.8+6445   43.72 44.09 43.72 43.74 44.01 44.06
SWIFTJ0623.8-3215   41.90 43.44 43.31 43.19 43.63 43.69
SWIFTJ0623.9-6058   43.20 44.02 43.63 43.62 44.02 44.08
SWIFTJ0626.6-3702   43.12 43.62 43.10 43.15 43.52 43.57
SWIFTJ0630.7+6342   42.42 42.57 42.44 42.21 42.50 42.56
SWIFTJ0632.8+6343   42.44 43.64 43.32 43.25 43.76 43.82
SWIFTJ0634.7-7445   43.81 44.53 43.83 44.09 44.45 44.50
SWIFTJ0635.8-7514   45.93 46.44 45.93 45.94 46.41 46.47
SWIFTJ0640.1-4328   43.26 44.20 43.49 43.68 44.13 44.19
SWIFTJ0640.4-2554   43.41 43.72 43.44 43.32 43.65 43.71
SWIFTJ0641.3+3257   43.22 44.25 43.48 43.76 44.19 44.25
SWIFTJ0645.9+5303   42.59 43.55 42.62 43.13 43.45 43.51
SWIFTJ0651.9+7426   42.97 43.68 43.09 43.23 43.61 43.66
SWIFTJ0654.6+0700   43.07 43.37 43.08 42.99 43.32 43.38
SWIFTJ0655.8+3957   42.66 43.14 42.67 42.72 43.08 43.14
SWIFTJ0656.4-4921   42.19 43.68 43.48 43.33 43.77 43.83
SWIFTJ0659.3+2406   43.73 44.40 43.97 44.02 44.34 44.40
SWIFTJ0701.3-3235   42.96 43.53 42.98 43.20 43.47 43.53
SWIFTJ0707.1+6433   43.85 44.30 43.85 43.79 44.14 44.20
SWIFTJ0709.0-4642   43.29 43.85 43.36 43.43 43.78 43.84
SWIFTJ0709.4-3559   44.29 44.79 44.38 44.30 44.72 44.78
SWIFTJ0710.3+5908   45.23 44.96 45.23 44.60 44.89 44.95
SWIFTJ0714.2+3518   41.22 42.97 43.07 42.89 43.33 43.38
SWIFTJ0714.3+4541   43.28 43.81 43.42 43.47 43.73 43.79
SWIFTJ0718.1+4403   43.95 44.34 43.95 43.91 44.29 44.35
SWIFTJ0725.7-0055   44.25 44.83 44.25 44.23 44.73 44.79
SWIFTJ0725.8+3000   42.02 42.90 43.29 42.75 43.09 43.15
SWIFTJ0726.5+3659   44.61 45.00 44.61 44.65 44.92 44.98
SWIFTJ0726.6-3552   42.33 43.66 42.61 42.98 43.57 43.62
SWIFTJ0727.4-2408   44.30 44.88 44.34 44.36 44.81 44.87
SWIFTJ0733.2+4558   44.27 44.75 44.27 44.35 44.69 44.75
SWIFTJ0736.9+5846   43.40 43.51 43.40 43.16 43.44 43.50
SWIFTJ0739.7-3142   42.18 43.60 42.45 43.16 43.51 43.57
SWIFTJ0742.3+8024   43.87 44.61 44.00 44.16 44.53 44.58
SWIFTJ0742.5+4948   42.93 43.72 43.11 43.31 43.64 43.70
SWIFTJ0743.0+6513   42.21 43.54 43.82 43.17 43.53 43.59
SWIFTJ0743.3-2546   43.06 43.40 43.09 42.97 43.34 43.40
SWIFTJ0744.0+2914   41.71 42.99 42.44 42.61 43.03 43.08
SWIFTJ0746.3+2548   47.00 48.10 47.00 47.40 47.99 48.05
SWIFTJ0747.5+6057   43.12 43.46 43.12 43.07 43.40 43.46
SWIFTJ0747.6-7326   42.60 43.64 43.18 43.28 43.66 43.71
SWIFTJ0752.2+1937   44.25 44.71 44.30 44.31 44.59 44.65
SWIFTJ0753.1+4559   43.26 43.99 43.26 43.44 43.88 43.93
SWIFTJ0756.3-4137   42.47 43.02 42.50 42.62 42.95 43.00
SWIFTJ0759.8-3844   43.74 44.27 43.76 43.85 44.20 44.25
SWIFTJ0800.1+2638   42.80 43.72 42.81 43.22 43.63 43.69
SWIFTJ0800.5+2327   43.19 43.83 43.25 43.32 43.71 43.77
SWIFTJ0801.9-4946   43.49 43.91 43.49 43.51 43.84 43.90
SWIFTJ0803.4+0842   43.47 43.94 43.47 43.59 43.88 43.94
SWIFTJ0804.2+0507   42.59 43.35 43.13 42.98 43.34 43.40
SWIFTJ0804.6+1045   42.38 43.61 42.63 43.10 43.60 43.65
SWIFTJ0805.1-0110   43.35 44.43 43.78 43.95 44.43 44.49
SWIFTJ0805.2+6145   46.73 47.72 46.75 47.09 47.65 47.71
SWIFTJ0807.9+3859   41.57 43.07 43.26 42.96 43.37 43.42
SWIFTJ0810.9+7602   44.45 44.58 44.45 44.25 44.52 44.58
SWIFTJ0814.3+0423   43.05 43.72 43.33 43.30 43.68 43.74
SWIFTJ0817.8+0251   44.07 44.57 44.07 44.19 44.48 44.54
SWIFTJ0818.1+0120   44.02 44.61 44.02 44.11 44.53 44.58
SWIFTJ0819.2-2259   42.80 43.52 42.82 42.98 43.43 43.49
SWIFTJ0823.4-0457   42.44 43.69 43.02 43.25 43.70 43.76
SWIFTJ0830.1+4154   44.44 44.73 44.49 44.46 44.65 44.71
SWIFTJ0830.4-6723   42.93 43.35 43.53 43.08 43.46 43.52
SWIFTJ0832.5+3703   43.91 44.54 43.99 44.12 44.47 44.53
SWIFTJ0838.4-3557   43.43 43.82 43.49 43.43 43.76 43.81
SWIFTJ0839.6-1213   45.11 45.44 45.11 45.01 45.39 45.45
SWIFTJ0840.2+2947   42.85 44.21 43.74 43.91 44.32 44.38
SWIFTJ0841.4+7052   47.45 48.09 47.45 47.52 48.01 48.06
SWIFTJ0842.0+0759   44.37 44.84 44.38 44.45 44.79 44.85
SWIFTJ0843.5+3551   42.69 43.88 43.47 43.56 43.93 43.99
SWIFTJ0845.0-3531   44.41 44.80 44.48 44.38 44.73 44.79
SWIFTJ0845.3+1420   43.56 44.22 43.57 43.76 44.14 44.19
SWIFTJ0855.6+6425   42.98 43.72 43.44 43.31 43.70 43.76
SWIFTJ0855.7-2856   43.78 44.04 43.81 43.72 43.95 44.01
SWIFTJ0856.0+7812   40.73 41.82 41.36 41.42 41.82 41.87
SWIFTJ0859.5+4457   41.35 41.85 41.48 41.51 41.78 41.84
SWIFTJ0902.0+6007   41.58 42.52 41.82 42.03 42.46 42.52
SWIFTJ0902.7-4814   43.59 44.02 43.66 43.54 43.94 44.00
SWIFTJ0902.7-6816   41.20 42.91 43.03 43.14 43.64 43.70
SWIFTJ0902.8-7414   43.26 44.41 43.93 43.99 44.45 44.51
SWIFTJ0904.3+5538   43.27 43.68 43.31 43.22 43.63 43.68
SWIFTJ0909.0+0358   46.75 47.57 46.75 47.05 47.61 47.66
SWIFTJ0911.2+4533   42.56 43.42 43.16 43.14 43.46 43.52
SWIFTJ0917.2-6221   43.83 44.40 43.97 44.02 44.33 44.39
SWIFTJ0917.2-6457   43.91 44.36 43.92 43.90 44.30 44.35
SWIFTJ0918.5+1618   43.32 43.81 43.33 43.42 43.75 43.81
SWIFTJ0919.2+5528   43.38 44.52 44.54 44.22 44.62 44.68
SWIFTJ0920.1+3712   41.63 42.39 41.78 41.99 42.33 42.39
SWIFTJ0920.8-0805   43.05 43.55 43.24 43.18 43.49 43.55
SWIFTJ0923.6-2136   43.55 43.99 43.55 43.51 43.97 44.02
SWIFTJ0923.7+2255   43.45 43.98 43.45 43.49 43.91 43.97
SWIFTJ0924.2-3141   42.67 43.91 44.14 43.66 44.04 44.10
SWIFTJ0925.0+5218   44.01 44.21 43.99 43.78 44.16 44.21
SWIFTJ0925.2-8423   43.50 43.92 43.58 43.53 43.89 43.95
SWIFTJ0926.1+6931   42.15 43.52 42.15 43.15 43.44 43.50
SWIFTJ0926.2+1244   43.24 43.49 43.25 43.08 43.42 43.48
SWIFTJ0927.3+2301   42.77 43.40 42.77 42.81 43.29 43.35
SWIFTJ0929.7+6232   42.13 43.13 42.38 42.69 43.02 43.08
SWIFTJ0934.7-2156   41.62 43.09 43.50 43.23 43.67 43.73
SWIFTJ0935.5+2616   44.36 44.70 44.36 44.32 44.63 44.69
SWIFTJ0935.9+6120   41.87 43.46 44.23 43.72 44.07 44.12
SWIFTJ0936.2-6553   42.38 43.65 42.44 43.22 43.55 43.60
SWIFTJ0942.2+2344   42.41 43.15 42.43 42.56 43.03 43.08
SWIFTJ0945.6-1420   41.98 42.55 42.00 42.11 42.46 42.52
SWIFTJ0947.6-3057   43.15 43.51 43.20 43.12 43.45 43.50
SWIFTJ0947.7+0726   44.14 44.63 44.26 44.19 44.57 44.63
SWIFTJ0950.5+7318   42.90 44.09 43.78 43.71 44.16 44.22
SWIFTJ0951.9-0649   42.49 42.96 42.50 42.47 42.88 42.93
SWIFTJ0952.3-6234   44.82 45.46 45.04 45.02 45.42 45.48
SWIFTJ0955.5+6907   38.36 38.53 38.36 38.14 38.50 38.56
SWIFTJ0959.5-2248   41.55 43.07 42.72 42.82 43.23 43.29
SWIFTJ0959.7-3112   43.39 43.74 43.39 43.33 43.68 43.74
SWIFTJ0959.9+1303   42.80 43.23 42.80 42.88 43.10 43.16
SWIFTJ1001.7+5543   39.96 42.00 41.30 42.00 42.47 42.53
SWIFTJ1001.8+2848   44.05 44.81 44.44 44.57 44.83 44.89
SWIFTJ1003.4-3726   42.28 43.13 42.28 42.76 43.05 43.11
SWIFTJ1005.9-2305   42.41 42.73 42.43 42.26 42.68 42.74
SWIFTJ1008.6-0955   43.84 44.01 43.84 43.54 43.91 43.97
SWIFTJ1009.3-4250   42.89 43.95 43.42 43.53 43.95 44.00
SWIFTJ1013.5-3601   42.55 43.57 43.45 43.17 43.56 43.61
SWIFTJ1017.0-0404   43.19 43.75 43.26 43.23 43.65 43.71
SWIFTJ1020.5-0237B  43.31 43.71 43.31 43.33 43.64 43.70
SWIFTJ1021.7-0327   43.32 43.90 43.33 43.39 43.76 43.82
SWIFTJ1023.5+1952   42.09 42.57 42.10 42.14 42.50 42.55
SWIFTJ1029.8-3821   41.31 42.79 41.55 42.33 42.69 42.75
SWIFTJ1031.5+5051   45.73 45.38 45.73 45.18 45.54 45.60
SWIFTJ1031.5-4205   41.71 43.15 43.27 42.86 43.24 43.30
SWIFTJ1031.7-3451   41.82 43.34 43.12 43.03 43.42 43.48
SWIFTJ1031.9-1418   44.48 44.77 44.48 44.37 44.71 44.77
SWIFTJ1032.7-2835   41.87 42.71 42.07 42.28 42.64 42.70
SWIFTJ1033.6+7303   42.45 43.14 42.59 42.67 43.10 43.16
SWIFTJ1033.8+5257   42.50 43.89 44.33 43.80 44.17 44.23
SWIFTJ1038.8-4942   43.56 44.34 43.61 43.81 44.19 44.25
SWIFTJ1040.7-4619   43.02 43.35 43.15 42.94 43.26 43.31
SWIFTJ1042.4+0046   43.81 44.43 43.83 43.89 44.34 44.40
SWIFTJ1043.4+1105   43.53 43.87 43.53 43.35 43.77 43.83
SWIFTJ1044.1+7024   42.75 43.52 43.15 43.14 43.52 43.58
SWIFTJ1044.8+3812   42.77 43.33 42.89 42.71 43.18 43.24
SWIFTJ1046.8+2556   42.51 43.26 42.71 42.80 43.23 43.29
SWIFTJ1048.4-2511   41.02 42.96 42.63 42.57 43.02 43.08
SWIFTJ1049.4+2258   42.60 43.90 43.73 43.63 44.03 44.09
SWIFTJ1051.2-1704A  42.22 43.19 42.39 42.58 43.07 43.13
SWIFTJ1051.2-1704B  42.29 42.45 42.31 42.18 42.41 42.46
SWIFTJ1052.8+1043   43.46 44.47 43.73 44.05 44.39 44.45
SWIFTJ1059.8+6507   43.52 44.28 43.61 43.78 44.20 44.26
SWIFTJ1100.9+1104   43.03 43.60 43.02 43.03 43.50 43.55
SWIFTJ1103.4+3731   43.67 44.09 43.67 43.63 44.01 44.06
SWIFTJ1103.5-2329   45.62 45.10 45.62 44.72 45.10 45.16
SWIFTJ1104.4+3812   45.42 44.51 45.42 44.18 44.52 44.58
SWIFTJ1105.7+5854A  42.61 43.48 42.92 43.13 43.46 43.52
SWIFTJ1105.7+5854B  44.31 44.71 44.31 44.29 44.66 44.72
SWIFTJ1106.5+7234   42.67 43.31 42.72 42.85 43.23 43.29
SWIFTJ1110.6-2832   42.72 42.95 42.72 42.65 42.87 42.93
SWIFTJ1113.6+0936   42.70 43.38 42.70 42.97 43.26 43.32
SWIFTJ1114.3+2020   41.89 43.17 43.26 42.71 43.14 43.20
SWIFTJ1114.3+7944   42.73 43.56 42.90 42.99 43.49 43.55
SWIFTJ1115.3+5423   43.47 44.04 43.59 44.06 44.38 44.43
SWIFTJ1120.8-4316   43.84 44.06 43.84 43.64 44.03 44.09
SWIFTJ1125.6+5423   43.01 43.29 43.02 42.86 43.23 43.28
SWIFTJ1126.7+3514   43.10 43.37 43.17 42.81 43.22 43.28
SWIFTJ1127.5+1906   44.10 44.65 44.12 44.22 44.56 44.62
SWIFTJ1130.1-1447   46.49 47.25 46.49 46.70 47.23 47.28
SWIFTJ1131.9-1233   45.64 46.32 45.64 45.89 46.26 46.32
SWIFTJ1132.7+5301   40.58 41.46 40.61 41.02 41.41 41.47
SWIFTJ1132.9+1019A  43.24 43.84 43.25 43.43 43.76 43.82
SWIFTJ1132.9+1019B  45.12 45.95 45.12 45.15 45.60 45.66
SWIFTJ1136.0+2132   43.16 43.43 43.18 43.08 43.37 43.43
SWIFTJ1136.7+6738   44.86 44.71 44.85 44.32 44.73 44.79
SWIFTJ1136.7-6007   42.27 42.96 42.31 42.51 42.91 42.97
SWIFTJ1138.9+2529A  42.37 43.12 43.03 42.71 43.09 43.15
SWIFTJ1138.9+2529B  44.46 44.86 44.63 44.51 44.82 44.88
SWIFTJ1139.0-2323   43.07 43.44 43.08 42.97 43.36 43.42
SWIFTJ1139.0-3743   43.21 43.58 43.43 43.14 43.52 43.58
SWIFTJ1139.1+5913   43.81 44.24 43.81 43.81 44.18 44.24
SWIFTJ1139.8+3157   42.06 42.50 42.11 41.94 42.40 42.45
SWIFTJ1141.3+2156   43.80 44.24 43.81 43.68 44.12 44.17
SWIFTJ1142.2+1021   42.59 43.13 42.59 42.72 43.07 43.13
SWIFTJ1143.7+7942   41.80 42.41 41.80 42.04 42.32 42.38
SWIFTJ1144.1+3652   42.73 43.71 42.73 43.16 43.59 43.65
SWIFTJ1145.2+5905   42.05 42.55 42.11 42.13 42.46 42.52
SWIFTJ1145.6-1819   43.63 44.12 43.63 43.70 44.05 44.11
SWIFTJ1145.6-6956   44.82 45.43 44.83 44.87 45.32 45.37
SWIFTJ1148.3+0901   43.75 44.12 43.78 43.73 44.06 44.12
SWIFTJ1148.7+2941   42.80 43.47 42.90 42.95 43.40 43.46
SWIFTJ1149.3+5307   43.86 44.12 43.86 43.81 44.06 44.12
SWIFTJ1149.3-0414   43.69 44.28 43.69 43.86 44.21 44.27
SWIFTJ1152.1-1122   43.66 43.94 43.62 43.57 43.86 43.92
SWIFTJ1152.6-0512   41.94 43.05 42.08 42.62 42.95 43.00
SWIFTJ1153.6+4931   45.30 45.68 45.31 45.18 45.62 45.67
SWIFTJ1157.8+5529   41.22 41.60 41.22 41.16 41.56 41.62
SWIFTJ1158.9+4234   42.13 43.46 43.05 43.02 43.48 43.54
SWIFTJ1159.7-2002   45.40 46.06 45.40 45.61 45.96 46.02
SWIFTJ1200.2-5350   43.16 43.92 43.23 43.53 43.85 43.91
SWIFTJ1200.8+0650   43.18 43.79 43.38 43.41 43.73 43.79
SWIFTJ1201.2-0341   42.71 42.98 42.71 42.63 42.92 42.97
SWIFTJ1202.5+3332   40.17 40.83 40.50 40.37 40.77 40.82
SWIFTJ1203.0+4433   41.31 41.66 41.33 41.31 41.59 41.65
SWIFTJ1204.5+2019   42.43 43.52 42.90 43.02 43.50 43.56
SWIFTJ1204.8+2758   44.59 44.89 44.59 44.49 44.82 44.87
SWIFTJ1204.9+3105   42.53 43.27 42.58 42.73 43.09 43.15
SWIFTJ1205.8+4959   43.04 43.97 43.04 43.48 43.85 43.90
SWIFTJ1206.2+5243   39.94 41.68 41.66 41.59 42.04 42.09
SWIFTJ1207.5+3355   43.38 44.33 43.51 43.66 44.15 44.21
SWIFTJ1209.4+4340   41.01 41.77 41.23 41.30 41.73 41.79
SWIFTJ1209.5+4702   42.81 43.47 42.98 43.03 43.43 43.48
SWIFTJ1210.1-4637   42.82 43.62 42.82 43.06 43.45 43.50
SWIFTJ1210.5+3924   42.05 43.11 42.31 42.64 43.04 43.10
SWIFTJ1210.7+3819   42.56 43.39 42.72 43.02 43.31 43.37
SWIFTJ1211.3-3935   43.71 44.28 43.74 43.80 44.20 44.26
SWIFTJ1212.9+0702   40.34 42.26 41.92 41.91 42.38 42.44
SWIFTJ1213.1+3239A  41.93 43.21 42.80 42.76 43.22 43.28
SWIFTJ1213.1+3239B  46.14 47.35 46.14 46.78 47.29 47.35
SWIFTJ1213.9-0531   43.57 44.09 43.58 43.69 44.01 44.07
SWIFTJ1214.3+2933   43.40 44.18 43.89 43.77 44.14 44.20
SWIFTJ1217.2-2611   43.11 43.71 43.58 43.28 43.64 43.70
SWIFTJ1217.3+0714   41.60 42.66 41.60 42.23 42.58 42.64
SWIFTJ1218.5+2952   42.69 42.91 42.71 42.58 42.84 42.90
SWIFTJ1219.4+4720   40.35 41.15 40.64 40.68 41.05 41.11
SWIFTJ1221.3+3012   45.09 44.89 45.09 44.64 45.02 45.07
SWIFTJ1222.4+0414   45.96 47.04 45.96 46.39 46.94 47.00
SWIFTJ1222.4+7520   43.93 44.29 43.92 43.91 44.27 44.33
SWIFTJ1223.7+0238   43.10 43.45 43.10 43.00 43.40 43.45
SWIFTJ1224.9+2122   45.33 46.20 45.33 45.68 46.07 46.13
SWIFTJ1225.8+1240   42.50 43.64 43.05 43.23 43.65 43.70
SWIFTJ1229.1+0202   45.88 46.46 45.88 45.94 46.39 46.45
SWIFTJ1231.4+5758   41.50 42.28 42.75 42.10 42.43 42.48
SWIFTJ1232.0-4219   44.13 44.57 44.12 44.08 44.48 44.54
SWIFTJ1232.0-4802   43.13 43.44 43.13 42.91 43.31 43.37
SWIFTJ1232.1+2009   43.60 44.11 43.60 43.62 43.94 44.00
SWIFTJ1235.6-3954   42.36 43.77 43.51 43.54 43.91 43.96
SWIFTJ1238.6+0928   43.27 44.29 43.92 43.89 44.30 44.36
SWIFTJ1238.9-2720   42.74 44.13 43.92 43.76 44.20 44.26
SWIFTJ1239.3-1611   42.81 44.11 42.95 43.63 44.01 44.07
SWIFTJ1239.6-0519   42.81 43.20 42.81 42.73 43.14 43.20
SWIFTJ1240.2+3457A  42.75 43.59 43.54 43.32 43.70 43.75
SWIFTJ1240.2+3457B  42.16 42.93 42.16 42.36 42.85 42.91
SWIFTJ1240.9+2735   43.19 43.72 43.28 43.37 43.67 43.73
SWIFTJ1240.9-3331   43.66 44.05 43.67 43.57 44.01 44.07
SWIFTJ1241.6-5748   43.13 43.80 43.27 43.30 43.73 43.79
SWIFTJ1246.6+5435   41.75 43.23 42.48 42.85 43.29 43.35
SWIFTJ1248.2-5828   42.84 43.23 42.92 42.87 43.12 43.18
SWIFTJ1252.3-1323   42.34 42.82 42.34 42.39 42.75 42.81
SWIFTJ1253.5-4137   41.24 42.94 43.16 42.97 43.39 43.45
SWIFTJ1255.0-2657   43.66 44.12 43.66 43.70 44.07 44.13
SWIFTJ1256.2-0551   45.90 46.53 45.90 45.94 46.45 46.51
SWIFTJ1300.1+1635   43.50 44.34 43.52 43.73 44.22 44.28
SWIFTJ1302.9+1620   43.87 44.26 44.01 43.88 44.19 44.25
SWIFTJ1303.8+5345   43.72 43.82 43.73 43.40 43.75 43.80
SWIFTJ1304.3-0532   40.55 41.86 41.25 41.34 41.83 41.89
SWIFTJ1304.3-1022   41.93 42.78 42.34 42.32 42.76 42.82
SWIFTJ1305.4-1034   44.81 45.49 44.81 45.03 45.47 45.53
SWIFTJ1305.4-4928   40.13 42.35 42.07 42.62 43.07 43.13
SWIFTJ1306.4-4025A  42.67 43.22 42.88 42.83 43.18 43.24
SWIFTJ1306.4-4025B  42.32 42.98 42.33 42.43 42.84 42.89
SWIFTJ1309.2+1139   42.45 43.88 43.17 43.52 43.92 43.97
SWIFTJ1310.7+0834   42.86 43.83 43.28 43.45 43.79 43.84
SWIFTJ1310.9-5553   44.17 44.93 44.20 44.38 44.90 44.95
SWIFTJ1313.1-1108   43.34 43.61 43.34 43.21 43.54 43.60
SWIFTJ1313.6+3650B  40.90 41.01 40.89 40.65 40.95 41.01
SWIFTJ1315.8+4420   43.34 43.72 43.57 43.38 43.68 43.73
SWIFTJ1316.9-7155   43.77 44.28 43.78 43.88 44.21 44.26
SWIFTJ1321.2+0859   42.73 43.54 43.49 43.13 43.52 43.58
SWIFTJ1322.2-1641   42.24 43.28 43.41 43.03 43.36 43.42
SWIFTJ1325.4-4301   42.12 43.00 42.39 42.54 42.96 43.02
SWIFTJ1331.2-2524   42.48 43.34 42.48 42.73 43.22 43.28
SWIFTJ1331.6-0504   46.73 47.49 46.73 46.77 47.35 47.40
SWIFTJ1332.0-7754   41.28 42.56 42.26 42.20 42.64 42.70
SWIFTJ1333.5-3401   42.35 42.85 42.79 42.62 42.90 42.95
SWIFTJ1334.8-2328D1 43.07 43.66 43.24 43.16 43.60 43.66
SWIFTJ1334.8-2328D2 42.89 43.69 42.86 42.95 43.44 43.50
SWIFTJ1335.8-3416   42.69 42.92 42.74 42.58 42.85 42.91
SWIFTJ1336.0+0304   42.81 43.22 42.89 42.79 43.10 43.16
SWIFTJ1337.7-1253   45.70 45.97 45.70 45.63 46.08 46.13
SWIFTJ1338.2+0433   43.05 44.13 43.11 43.63 44.04 44.10
SWIFTJ1341.2+3023   42.96 43.85 43.55 43.52 43.86 43.92
SWIFTJ1341.2-1439   43.62 43.99 43.62 43.60 43.92 43.98
SWIFTJ1341.5+6742   41.59 42.33 41.94 41.89 42.27 42.33
SWIFTJ1341.9+3537   41.22 41.57 41.26 41.02 41.42 41.48
SWIFTJ1344.7+1934   42.17 43.50 42.82 43.06 43.54 43.60
SWIFTJ1345.5+4139   41.91 42.50 41.93 41.96 42.40 42.46
SWIFTJ1346.4+1924   43.71 44.27 43.71 43.92 44.24 44.30
SWIFTJ1347.1+7325   44.75 45.12 44.75 44.80 45.06 45.12
SWIFTJ1347.4-6033   43.19 43.60 43.25 43.17 43.51 43.57
SWIFTJ1347.7+0212   43.27 44.26 43.27 43.93 44.18 44.24
SWIFTJ1349.3-3018   43.74 44.22 43.83 43.80 44.16 44.21
SWIFTJ1349.7+0209   43.18 43.60 43.19 43.14 43.56 43.61
SWIFTJ1351.5-1814   42.58 42.77 42.59 42.39 42.73 42.79
SWIFTJ1352.8+6917   43.41 43.92 43.41 43.46 43.85 43.91
SWIFTJ1353.7-1122   43.45 44.23 43.83 43.77 44.20 44.26
SWIFTJ1354.1-3748   43.56 44.15 43.76 43.69 44.09 44.15
SWIFTJ1354.5+1326   43.15 43.97 43.59 43.59 43.93 43.99
SWIFTJ1355.6+3524   43.81 44.30 44.15 43.99 44.35 44.41
SWIFTJ1355.9+1822   42.62 43.81 43.09 43.35 43.84 43.90
SWIFTJ1356.1+3832   43.15 44.10 43.15 43.68 44.02 44.08
SWIFTJ1356.6-1932   43.41 43.68 43.42 43.28 43.63 43.69
SWIFTJ1408.1-3024   42.92 43.34 43.00 43.00 43.25 43.30
SWIFTJ1410.9-4229   42.92 43.51 43.06 43.19 43.42 43.48
SWIFTJ1412.9-6522   40.74 42.07 42.63 42.01 42.37 42.43
SWIFTJ1413.2-0312   42.90 43.31 42.99 42.91 43.24 43.30
SWIFTJ1416.9-1158   44.26 44.63 44.26 44.29 44.57 44.63
SWIFTJ1416.9-4640   42.94 44.51 44.71 44.40 44.80 44.86
SWIFTJ1417.7+2539   45.35 45.11 45.35 44.78 45.17 45.23
SWIFTJ1417.7+6143   44.02 44.40 44.02 44.02 44.33 44.39
SWIFTJ1417.9+2507   43.10 43.72 43.14 43.25 43.64 43.70
SWIFTJ1419.0-2639   43.34 43.66 43.47 43.23 43.60 43.66
SWIFTJ1421.4+4747   43.95 44.38 43.95 43.99 44.31 44.37
SWIFTJ1424.2+2435   42.57 43.09 42.69 42.66 43.03 43.09
SWIFTJ1427.5+1949   44.26 44.61 44.26 44.18 44.55 44.61
SWIFTJ1428.7+4234   45.29 44.98 45.29 44.60 44.94 45.00
SWIFTJ1429.2+0118   44.19 44.53 44.19 44.10 44.44 44.50
SWIFTJ1431.2+2816   43.10 43.73 43.10 43.22 43.56 43.62
SWIFTJ1432.8-4412   40.33 41.80 42.43 42.49 42.98 43.04
SWIFTJ1433.9+0528   42.85 43.35 43.06 42.93 43.31 43.37
SWIFTJ1434.9+4837   43.10 43.57 43.07 43.20 43.50 43.55
SWIFTJ1436.4+5846   43.49 43.77 43.49 43.36 43.71 43.77
SWIFTJ1436.8-1615   44.54 45.00 44.55 44.52 44.93 44.99
SWIFTJ1439.2+1417   43.67 44.27 43.75 43.71 44.16 44.22
SWIFTJ1441.4+5341   42.69 43.68 43.26 43.16 43.50 43.56
SWIFTJ1442.5-1715   41.43 43.23 42.86 42.87 43.30 43.36
SWIFTJ1445.6+2702   42.16 43.45 44.57 44.26 44.65 44.71
SWIFTJ1446.7-6416   43.51 43.98 43.48 43.44 43.84 43.90
SWIFTJ1448.7-4009   44.05 44.70 44.19 44.35 44.66 44.72
SWIFTJ1451.0-5540A  42.58 43.47 42.59 42.99 43.41 43.47
SWIFTJ1453.3+2558   43.78 44.13 43.78 43.66 44.03 44.09
SWIFTJ1454.9-5133   42.72 43.09 42.74 42.71 43.02 43.08
SWIFTJ1457.8-4308   42.16 43.22 42.64 42.92 43.22 43.28
SWIFTJ1458.9+7143   45.67 46.49 45.67 45.95 46.42 46.48
SWIFTJ1504.2+1025   43.47 44.04 43.67 43.61 44.01 44.07
SWIFTJ1506.7+0353A  43.11 43.75 43.11 43.30 43.66 43.72
SWIFTJ1506.7+0353B  43.10 43.71 43.15 43.22 43.66 43.72
SWIFTJ1508.8-0013   43.70 44.13 43.75 43.66 44.09 44.15
SWIFTJ1512.0-2119   43.59 44.16 43.59 43.75 44.08 44.14
SWIFTJ1512.8-0906   45.45 46.40 45.45 45.76 46.32 46.38
SWIFTJ1513.8-8125   44.04 44.52 44.10 44.05 44.44 44.50
SWIFTJ1515.0+4205   41.92 42.52 42.22 42.11 42.48 42.54
SWIFTJ1519.6+6538   42.82 43.76 42.98 43.35 43.71 43.77
SWIFTJ1521.8+0334   44.04 44.80 44.04 44.39 44.71 44.77
SWIFTJ1523.5+6340   44.67 44.97 44.67 44.58 44.89 44.95
SWIFTJ1530.0-1300   44.20 44.62 44.20 44.20 44.56 44.62
SWIFTJ1533.2-0836   43.07 43.58 43.24 43.16 43.52 43.58
SWIFTJ1535.9+5751   43.17 43.67 43.18 43.27 43.58 43.64
SWIFTJ1542.0-1410   43.93 44.52 43.90 44.14 44.36 44.41
SWIFTJ1546.3+6928   42.52 43.66 43.08 43.23 43.66 43.72
SWIFTJ1547.5+2050   45.16 45.19 45.16 44.90 45.16 45.22
SWIFTJ1548.5-1344   43.30 43.80 43.33 43.36 43.72 43.78
SWIFTJ1553.6+2347   44.02 44.55 44.03 44.19 44.47 44.53
SWIFTJ1553.6+2606   43.88 44.84 43.88 44.42 44.71 44.77
SWIFTJ1557.8-7913   44.54 44.96 44.71 44.57 44.98 45.04
SWIFTJ1605.9-7250   43.82 44.72 44.12 44.35 44.71 44.76
SWIFTJ1607.2+4834   44.15 44.73 44.15 44.13 44.60 44.66
SWIFTJ1607.4+8502   44.59 45.08 44.59 44.56 45.01 45.07
SWIFTJ1613.2-6043   42.42 43.24 42.42 42.83 43.20 43.26
SWIFTJ1614.0+6544   44.21 44.73 44.19 44.32 44.67 44.73
SWIFTJ1617.8+3223   44.62 45.14 44.65 44.61 45.05 45.11
SWIFTJ1618.7-5930   43.17 43.78 43.18 43.25 43.72 43.78
SWIFTJ1621.2+8104   42.93 43.59 43.22 43.12 43.54 43.60
SWIFTJ1625.9+4349   46.14 46.77 46.23 46.30 46.79 46.84
SWIFTJ1626.5-2951   45.69 46.67 45.66 46.10 46.60 46.66
SWIFTJ1626.7+8530   43.73 44.09 43.73 43.60 44.01 44.06
SWIFTJ1628.1+5145   43.69 44.48 44.04 44.11 44.45 44.51
SWIFTJ1629.9+6722   42.86 43.31 42.86 42.71 43.13 43.19
SWIFTJ1630.5+3925   42.40 43.43 43.42 43.04 43.42 43.48
SWIFTJ1631.7+2353   43.21 43.89 43.23 43.55 43.83 43.89
SWIFTJ1635.0-5804   40.96 42.71 42.65 42.31 42.71 42.76
SWIFTJ1643.1+3951   45.67 46.47 45.67 45.80 46.37 46.43
SWIFTJ1643.2+7036   40.99 42.76 42.82 42.75 43.19 43.25
SWIFTJ1648.0-3037   43.42 44.00 43.43 43.56 43.93 43.99
SWIFTJ1650.5+0434   42.95 43.76 43.07 43.27 43.67 43.73
SWIFTJ1652.0-5915A  41.61 42.56 44.09 43.87 44.26 44.31
SWIFTJ1652.0-5915B  41.16 42.05 41.20 41.59 42.00 42.06
SWIFTJ1652.3+5554   42.93 43.46 43.09 43.08 43.42 43.47
SWIFTJ1652.9+0223   42.44 44.00 44.75 44.25 44.62 44.68
SWIFTJ1653.2+2352   43.73 44.48 44.06 44.17 44.45 44.51
SWIFTJ1654.0+3946   44.13 44.07 44.13 43.69 44.03 44.09
SWIFTJ1656.1-5200   44.08 44.49 44.10 44.06 44.44 44.49
SWIFTJ1656.3-3302   46.96 48.03 46.95 47.46 47.94 47.99
SWIFTJ1708.6+2155   43.63 44.10 43.63 43.66 44.11 44.17
SWIFTJ1717.1-6249   41.41 42.48 41.84 42.12 42.45 42.51
SWIFTJ1719.7+4900   42.81 43.38 42.82 42.98 43.30 43.36
SWIFTJ1721.7+4316   44.12 44.79 44.12 44.31 44.72 44.77
SWIFTJ1723.2+3418   45.02 45.36 45.02 44.98 45.30 45.36
SWIFTJ1723.5+3630   43.49 43.87 43.45 43.35 43.75 43.80
SWIFTJ1731.3+1442   43.59 44.29 43.59 43.90 44.21 44.26
SWIFTJ1737.5-2908   43.73 44.08 43.87 43.67 44.03 44.09
SWIFTJ1737.7-5956B  42.65 43.16 42.62 42.69 43.09 43.15
SWIFTJ1741.9-1211   43.59 44.15 44.03 43.71 44.11 44.17
SWIFTJ1742.1-6054   45.37 45.79 45.37 45.23 45.67 45.72
SWIFTJ1742.2+1833   44.64 45.05 44.65 44.57 45.00 45.06
SWIFTJ1743.4+6253   42.58 43.40 42.86 42.95 43.27 43.33
SWIFTJ1745.4+2906   44.34 44.81 44.35 44.35 44.75 44.81
SWIFTJ1747.7-2253   42.97 43.98 43.02 43.58 43.97 44.03
SWIFTJ1747.8+6837A  42.64 43.54 42.64 43.12 43.39 43.45
SWIFTJ1747.8+6837B  43.29 43.71 43.29 43.33 43.63 43.69
SWIFTJ1748.8-3257   43.09 43.52 43.12 43.07 43.47 43.53
SWIFTJ1800.3+6637   42.05 43.49 43.27 43.15 43.59 43.65
SWIFTJ1802.8-1455   43.24 44.06 43.26 43.60 43.99 44.05
SWIFTJ1807.9+1124   43.99 44.58 44.01 44.02 44.49 44.55
SWIFTJ1816.0+4236   43.28 43.88 43.35 43.42 43.77 43.83
SWIFTJ1821.6+5953   43.66 44.54 43.90 43.96 44.44 44.50
SWIFTJ1822.0+6421   45.66 45.75 45.77 45.38 45.72 45.77
SWIFTJ1824.2+1845   43.57 44.29 43.64 43.82 44.20 44.26
SWIFTJ1824.3-5624   42.70 43.44 43.04 43.04 43.40 43.46
SWIFTJ1826.1-0710   43.46 43.82 43.50 43.44 43.75 43.81
SWIFTJ1826.8+3254   42.71 43.30 42.99 42.85 43.26 43.32
SWIFTJ1829.4+4846   45.82 46.51 45.83 45.86 46.34 46.40
SWIFTJ1830.8+0928   41.51 42.40 41.81 42.06 42.44 42.50
SWIFTJ1833.7-2105   46.95 47.85 46.99 47.21 47.80 47.86
SWIFTJ1835.0+3240   44.48 44.84 44.60 44.32 44.72 44.78
SWIFTJ1836.9-5924   43.36 43.12 43.39 42.74 43.11 43.17
SWIFTJ1838.4-6524   42.94 43.64 43.38 43.30 43.62 43.68
SWIFTJ1842.0+7945   44.50 44.87 44.52 44.43 44.82 44.87
SWIFTJ1844.5-6221   43.04 43.26 43.11 42.86 43.19 43.25
SWIFTJ1845.4+7211   43.28 43.75 43.36 43.39 43.68 43.74
SWIFTJ1848.0-7832   43.92 44.35 43.92 43.95 44.28 44.34
SWIFTJ1856.1+1539   44.31 44.71 44.32 44.33 44.66 44.72
SWIFTJ1856.2-7829   43.54 43.99 43.57 43.54 43.92 43.98
SWIFTJ1856.5-7851   42.51 43.32 42.51 42.86 43.24 43.30
SWIFTJ1856.6-5443   43.78 44.07 43.78 43.65 44.03 44.08
SWIFTJ1903.9+3349   42.37 43.00 42.61 42.51 42.94 42.99
SWIFTJ1905.4+4231   42.69 43.29 42.69 42.92 43.21 43.26
SWIFTJ1913.3-5010   43.40 44.25 43.89 43.79 44.21 44.27
SWIFTJ1919.4-2958   44.76 45.08 44.76 44.75 45.01 45.07
SWIFTJ1921.1-5842   43.81 44.21 43.82 43.81 44.15 44.21
SWIFTJ1925.0+5041   43.92 44.05 43.89 43.68 43.96 44.02
SWIFTJ1926.9+4140   43.01 43.38 43.01 43.01 43.33 43.38
SWIFTJ1928.0+7356   45.20 45.55 45.20 45.09 45.53 45.59
SWIFTJ1930.5+3414   43.34 44.41 43.96 44.06 44.41 44.47
SWIFTJ1933.9+3258   44.01 44.23 44.09 43.82 44.17 44.23
SWIFTJ1937.5-0613   42.74 42.74 42.75 42.44 42.70 42.76
SWIFTJ1938.1-5108   43.53 43.75 43.54 43.39 43.68 43.74
SWIFTJ1940.4-3015   43.87 44.14 43.87 43.71 44.07 44.13
SWIFTJ1942.6-1024   42.24 42.76 42.31 42.31 42.69 42.75
SWIFTJ1947.3+4447   43.71 44.21 43.90 43.83 44.16 44.22
SWIFTJ1952.4+0237   43.31 44.45 44.08 44.07 44.51 44.57
SWIFTJ1959.4+4044   44.21 45.00 44.37 44.56 44.94 45.00
SWIFTJ1959.6+6507   44.69 44.25 44.68 43.90 44.26 44.32
SWIFTJ2001.0-1811   43.20 43.82 43.30 43.40 43.71 43.76
SWIFTJ2006.5+5619   42.92 43.65 43.59 43.35 43.70 43.76
SWIFTJ2007.0-3433   42.91 43.40 42.89 43.03 43.34 43.40
SWIFTJ2009.0-6103   43.07 43.42 43.11 43.00 43.34 43.40
SWIFTJ2009.6-4851   44.17 44.12 44.16 43.56 43.93 43.99
SWIFTJ2010.7+4801   42.20 43.28 42.42 42.80 43.22 43.28
SWIFTJ2011.5-1544   46.32 47.03 46.32 46.46 46.97 47.02
SWIFTJ2015.2+2526   42.29 43.88 44.58 44.12 44.50 44.56
SWIFTJ2018.4-5539   43.48 44.43 44.02 44.04 44.43 44.49
SWIFTJ2018.8+4041   42.37 43.12 42.55 42.69 43.05 43.11
SWIFTJ2021.9+4400   42.26 42.95 42.56 42.51 42.89 42.95
SWIFTJ2027.1-0220   42.43 43.39 43.48 43.19 43.58 43.63
SWIFTJ2028.5+2543D1 41.27 43.56 42.81 42.66 43.06 43.12
SWIFTJ2028.5+2543D2 42.05 43.52 43.13 43.27 43.38 43.44
SWIFTJ2030.2-7532   44.06 44.62 44.35 44.23 44.57 44.62
SWIFTJ2033.4+2147   45.07 45.40 45.09 44.97 45.33 45.39
SWIFTJ2035.2+2604   43.45 43.79 43.47 43.40 43.71 43.77
SWIFTJ2035.6-5013   41.31 42.29 41.60 41.88 42.23 42.28
SWIFTJ2040.2-5126   42.69 43.89 43.29 43.60 43.95 44.01
SWIFTJ2042.3+7507   44.83 45.15 44.87 44.74 45.09 45.15
SWIFTJ2044.0+2832   43.63 44.03 43.64 43.64 43.97 44.03
SWIFTJ2044.2-1045   43.98 44.42 44.08 43.99 44.35 44.41
SWIFTJ2052.0-5704   42.38 43.32 43.08 42.96 43.35 43.41
SWIFTJ2056.0-4713   46.34 47.15 46.34 46.53 47.05 47.10
SWIFTJ2102.6-2810   42.09 43.73 43.74 43.50 43.91 43.97
SWIFTJ2109.1-0942   43.19 43.50 43.20 43.19 43.44 43.50
SWIFTJ2109.2+3531   44.69 45.11 44.71 44.80 45.06 45.11
SWIFTJ2114.4+8206   44.34 44.79 44.35 44.32 44.72 44.78
SWIFTJ2116.3+2512   44.32 44.76 44.32 44.38 44.69 44.75
SWIFTJ2118.9+3336   43.56 43.89 43.56 43.53 43.82 43.87
SWIFTJ2123.6+2506   43.95 44.59 44.16 44.19 44.57 44.63
SWIFTJ2124.6+5057   43.49 44.01 43.69 43.60 43.99 44.05
SWIFTJ2127.4+5654   43.06 43.26 43.09 42.91 43.19 43.25
SWIFTJ2129.1-1538   47.55 48.06 47.55 47.55 47.98 48.04
SWIFTJ2132.0-3343   43.39 43.92 43.39 43.45 43.86 43.92
SWIFTJ2134.9-2729   43.67 44.25 43.68 43.82 44.19 44.25
SWIFTJ2135.5-6222   43.92 44.38 43.92 43.96 44.32 44.38
SWIFTJ2136.8-6444   43.69 44.17 44.03 43.65 44.05 44.10
SWIFTJ2137.8-1433   44.78 45.23 44.78 44.76 45.14 45.20
SWIFTJ2138.8-3207   42.55 43.39 42.55 42.98 43.30 43.36
SWIFTJ2139.7+5951   44.36 44.53 44.39 44.19 44.50 44.56
SWIFTJ2145.5+1101   44.48 45.17 44.48 44.72 45.09 45.15
SWIFTJ2148.0+0657   46.25 46.92 46.25 46.40 46.91 46.97
SWIFTJ2148.3-3454   41.25 42.98 42.13 42.52 42.93 42.98
SWIFTJ2150.2-1855   44.47 44.82 44.47 44.41 44.77 44.82
SWIFTJ2152.0-3030   47.31 48.17 47.31 47.58 48.10 48.15
SWIFTJ2156.1+4728   43.10 43.50 43.12 43.09 43.43 43.49
SWIFTJ2157.2-6942   43.05 43.41 43.05 42.97 43.38 43.43
SWIFTJ2157.4-0615   44.84 45.04 44.84 44.66 44.99 45.05
SWIFTJ2200.9+1032   43.19 43.69 43.25 43.27 43.62 43.68
SWIFTJ2201.9+5057   46.46 47.28 46.46 46.70 47.23 47.29
SWIFTJ2201.9-3152   42.54 43.46 42.76 42.85 43.26 43.32
SWIFTJ2202.8+4218   43.84 44.50 43.83 44.02 44.42 44.48
SWIFTJ2203.0+3146   45.06 45.60 45.06 45.07 45.54 45.59
SWIFTJ2204.7+0337   43.63 44.21 43.80 43.83 44.14 44.20
SWIFTJ2207.3+1013   42.06 43.27 44.41 43.56 43.94 44.00
SWIFTJ2209.1-2747   42.65 43.32 42.65 42.68 43.10 43.16
SWIFTJ2209.4-4711   41.94 42.50 41.95 42.05 42.43 42.49
SWIFTJ2211.7+1843   43.98 44.31 43.98 43.80 44.21 44.27
SWIFTJ2214.2-2557   42.95 43.92 43.43 43.61 43.93 43.99
SWIFTJ2217.0+1413   43.56 44.07 43.71 43.70 44.01 44.07
SWIFTJ2219.7+2614   44.03 44.47 44.05 43.99 44.45 44.51
SWIFTJ2223.8+1143   42.64 43.43 42.60 43.03 43.34 43.39
SWIFTJ2223.9-0207   43.74 44.56 44.32 44.24 44.62 44.67
SWIFTJ2226.8+3628   42.15 43.30 42.15 42.72 43.21 43.27
SWIFTJ2229.7-0831   46.48 47.31 46.48 46.67 47.19 47.25
SWIFTJ2229.9+6646   44.28 44.85 44.32 44.30 44.76 44.82
SWIFTJ2232.5+1141   46.08 46.94 46.08 46.39 46.95 47.00
SWIFTJ2234.8-2542   42.37 43.33 43.07 42.88 43.33 43.39
SWIFTJ2235.9+3358   42.17 43.62 43.14 43.29 43.70 43.76
SWIFTJ2235.9-2602   42.29 42.43 42.33 41.99 42.34 42.39
SWIFTJ2236.7-1233   43.19 43.60 43.18 43.07 43.54 43.60
SWIFTJ2237.0+2543   42.54 43.15 42.82 42.77 43.12 43.17
SWIFTJ2240.2+0801   43.03 43.37 43.03 43.00 43.31 43.37
SWIFTJ2242.4-3711   41.43 43.30 43.44 43.18 43.59 43.65
SWIFTJ2246.0+3941   43.58 44.73 44.15 44.37 44.70 44.76
SWIFTJ2248.7-5109   44.06 44.36 44.06 43.98 44.31 44.37
SWIFTJ2248.8+1725   43.38 44.32 43.44 43.91 44.23 44.28
SWIFTJ2250.7-0854   43.41 44.07 43.42 43.69 43.96 44.02
SWIFTJ2251.8-3210   45.11 45.26 45.11 44.85 45.23 45.29
SWIFTJ2251.9+2215   47.17 47.69 47.19 47.13 47.70 47.75
SWIFTJ2253.9+1608   47.02 47.56 47.02 46.97 47.48 47.53
SWIFTJ2254.1-1734   44.56 44.99 44.59 44.56 44.93 44.98
SWIFTJ2254.2+1147A  41.26 43.36 41.56 42.92 43.26 43.32
SWIFTJ2254.2+1147B  42.73 43.50 43.14 43.09 43.45 43.51
SWIFTJ2256.5+0526   43.64 44.01 43.64 43.68 43.94 44.00
SWIFTJ2258.9+4054   41.76 43.09 42.62 42.70 43.17 43.23
SWIFTJ2259.7+2458   43.45 43.84 43.46 43.42 43.77 43.83
SWIFTJ2301.4-5916   44.53 44.64 44.53 44.29 44.53 44.59
SWIFTJ2302.1+1557   41.97 42.15 41.97 41.71 42.05 42.11
SWIFTJ2303.1-1837   44.35 44.60 44.35 44.16 44.66 44.72
SWIFTJ2303.3+0852   43.18 43.60 43.19 43.21 43.53 43.59
SWIFTJ2304.8-0843   44.18 44.77 44.18 44.34 44.70 44.75
SWIFTJ2304.9+1220   40.62 42.45 42.07 41.99 42.44 42.50
SWIFTJ2307.1+0433   43.05 43.78 43.05 43.27 43.72 43.78
SWIFTJ2307.9+2245   41.75 43.59 43.48 43.35 43.79 43.85
SWIFTJ2308.1+4014   43.72 44.17 43.74 43.73 44.10 44.16
SWIFTJ2318.4-4223   41.14 42.68 43.48 42.86 43.23 43.29
SWIFTJ2318.9+0013   43.65 44.00 43.65 43.57 43.94 44.00
SWIFTJ2320.8+6434   43.75 44.14 43.80 43.81 44.07 44.13
SWIFTJ2322.5-0646   42.35 43.47 43.02 43.07 43.55 43.61
SWIFTJ2325.5-3827   42.87 43.65 42.87 43.22 43.57 43.63
SWIFTJ2325.6+2157   44.09 44.82 44.09 44.37 44.77 44.82
SWIFTJ2327.4+1525   43.25 43.71 43.25 43.33 43.68 43.74
SWIFTJ2327.5+0938   46.29 47.53 46.29 46.84 47.42 47.48
SWIFTJ2328.9+0328   41.30 43.00 43.50 43.12 43.51 43.57
SWIFTJ2330.5+7124   42.65 43.55 42.88 43.07 43.44 43.50
SWIFTJ2333.9-2342   43.57 43.91 43.57 43.45 43.81 43.86
SWIFTJ2341.8+3033   41.87 43.13 42.94 42.85 43.26 43.31
SWIFTJ2343.9+0537   43.25 43.94 43.78 43.57 43.97 44.03
SWIFTJ2344.6-4246   45.81 46.18 45.94 45.64 46.12 46.18
SWIFTJ2346.8+5143   43.68 43.63 43.74 43.26 43.63 43.68
SWIFTJ2351.9-0109   44.57 45.18 44.57 44.64 45.08 45.13
SWIFTJ2352.2+5845   44.27 44.91 44.36 44.43 44.85 44.91
SWIFTJ2359.0-3038   45.02 45.16 45.02 44.71 45.11 45.17
SWIFTJ2359.3-6058   43.90 44.51 44.14 44.07 44.44 44.50
