SWIFTJ0001.0-0708      7.3   13.0    8.4   5.4   10.8   12.3
SWIFTJ0001.6-7701      3.2   10.1    5.2   3.7    9.0   10.3
SWIFTJ0002.5+0323      4.8   11.7    4.8   4.0    8.7    9.9
SWIFTJ0003.3+2737      1.7   13.0    3.1   4.3   11.2   12.8
SWIFTJ0005.0+7021      3.6   12.7    4.7   5.6   10.6   12.1
SWIFTJ0006.2+2012      6.0   18.4   11.2   7.0   14.2   16.2
SWIFTJ0009.4-0037      0.8    9.3    3.1   3.5   10.6   12.1
SWIFTJ0010.5+1057      7.7   31.4    7.7  10.5   26.8   30.6
SWIFTJ0017.1+8134      3.3   10.1    3.4   4.3    9.6   11.0
SWIFTJ0021.2-1909     10.6   17.3   11.2   6.9   14.0   16.0
SWIFTJ0025.8+6818      0.7   18.2   42.6  11.6   31.0   35.4
SWIFTJ0026.5-5308      5.3   14.2    5.3   5.1   12.7   14.5
SWIFTJ0029.2+1319      4.6   12.5    4.6   5.0   11.1   12.7
SWIFTJ0030.0-5904      0.1   14.2    6.9   6.2   17.8   20.3
SWIFTJ0033.6+6127      6.7   14.1    7.4   5.8   11.8   13.5
SWIFTJ0034.5-7904      7.2    6.7    7.3   3.3    5.7    6.5
SWIFTJ0034.6-0422      1.6   16.4    4.0   6.9   15.6   17.8
SWIFTJ0036.0+5951     81.2   24.8   75.9  11.0   23.7   27.1
SWIFTJ0036.3+4540      5.9   15.6    6.0   5.5   13.0   14.9
SWIFTJ0038.4+2337      2.4   19.0    4.3   7.6   16.6   19.0
SWIFTJ0042.9+3016A     2.2    7.7    2.6   3.9    6.8    7.8
SWIFTJ0042.9+3016B     3.4   10.3    3.5   2.4    6.1    7.0
SWIFTJ0042.9-1135      1.5    8.9    2.4   4.1    7.9    9.0
SWIFTJ0042.9-2332      4.0   47.7   14.7  19.3   45.7   52.2
SWIFTJ0046.2-4008      2.0   13.0    4.8   6.5   12.5   14.3
SWIFTJ0048.8+3155     27.1  156.0   54.8  60.2  139.3  159.2
SWIFTJ0051.6+2928      3.3    9.8    3.3   4.0    8.4    9.6
SWIFTJ0051.9+1724     13.6   29.7   13.6  12.3   25.2   28.8
SWIFTJ0052.3-2730      2.0    8.2    3.1   3.3    8.3    9.5
SWIFTJ0054.9+2524      6.8   13.7    6.5   5.1   11.2   12.8
SWIFTJ0057.0+6405      2.4   10.2    2.3   2.7    8.4    9.6
SWIFTJ0059.4+3150     11.2   30.0   11.1  12.2   23.9   27.3
SWIFTJ0100.9-4750      2.8   16.3    3.5   6.1   14.1   16.1
SWIFTJ0101.5-0308      1.4   10.3    1.4   3.9    9.6   11.0
SWIFTJ0103.8-6437      3.0   11.3    3.0   3.4   10.1   11.5
SWIFTJ0105.5-4213      0.3   12.0   13.7   6.6   16.7   19.1
SWIFTJ0105.6-3433      5.1    8.6    5.5   4.2    7.3    8.3
SWIFTJ0105.7-1414      5.6   13.1    5.7   5.7   10.6   12.1
SWIFTJ0106.2-4704      2.1    7.2    3.7   3.4    8.0    9.1
SWIFTJ0106.8+0639      1.7   15.4    6.6   5.4   15.2   17.4
SWIFTJ0107.7-1137B     1.0   10.5    4.1   4.3   10.5   12.0
SWIFTJ0109.0+1320      2.4   27.8   16.5  13.3   30.9   35.3
SWIFTJ0111.4-3808      0.9   20.7  188.1  30.3   67.0   76.6
SWIFTJ0113.8+1313      3.5   16.5    6.3   6.1   14.4   16.5
SWIFTJ0113.8+2515      2.5    9.9    2.6   3.6    8.1    9.3
SWIFTJ0113.8-1450      4.5   27.2    4.5  10.2   22.7   25.9
SWIFTJ0114.4-5522      1.9   17.5    4.5   6.3   15.7   17.9
SWIFTJ0114.5-3236      2.2   14.3    7.9   5.5   14.3   16.3
SWIFTJ0116.3+3104      2.3   12.0    2.5   4.9    9.4   10.7
SWIFTJ0116.5-1235      4.4    9.8    4.1   3.6    7.9    9.0
SWIFTJ0122.0-2818      3.3   15.1    3.3   3.7   11.0   12.6
SWIFTJ0122.8+5003      1.3   12.6   99.4  11.5   24.9   28.5
SWIFTJ0122.9+3420     15.2   13.4   15.1   5.8   13.0   14.9
SWIFTJ0123.8-3504     21.4   63.2   22.4  19.7   52.3   59.8
SWIFTJ0123.9-5846     27.3   49.5   27.4  18.4   44.2   50.5
SWIFTJ0124.5+3350      3.9   20.4    5.4   7.2   17.0   19.4
SWIFTJ0126.0+3511      1.3    9.8    1.3   3.8    7.9    9.0
SWIFTJ0126.2+1517      2.4   13.4    2.5   4.8   11.8   13.5
SWIFTJ0127.5+1910      7.2   13.3    7.3   6.2   11.2   12.8
SWIFTJ0128.0-1850      8.3   19.7    8.3   6.1   16.7   19.1
SWIFTJ0128.4+1631      0.9   14.7    2.4   5.0   11.7   13.4
SWIFTJ0128.9-6039      0.6    9.4   13.8   5.7   13.9   15.9
SWIFTJ0130.0-4218      0.5    8.9   31.5   7.6   17.4   19.9
SWIFTJ0130.2-4552      0.8    6.7    0.8   2.1    5.2    5.9
SWIFTJ0131.8-3307      0.9   14.4   10.6   5.3   13.6   15.5
SWIFTJ0134.1-3625      1.7   55.0   41.1  30.1   87.4   99.9
SWIFTJ0134.8-0430      8.6   22.7    8.6   7.2   20.0   22.9
SWIFTJ0136.5+3906     11.4   11.9   11.2   2.7    6.1    7.0
SWIFTJ0138.6-4001      3.8   68.7   32.4  34.3   85.9   98.2
SWIFTJ0138.8+2925      2.0    6.3    2.0   2.8    5.0    5.7
SWIFTJ0140.6-5321      5.2   12.4    5.6   5.0   10.1   11.5
SWIFTJ0142.0+3922      4.5   13.6    4.5   4.3   12.4   14.2
SWIFTJ0149.2+2153A     0.6    8.7    0.9   3.4    8.2    9.4
SWIFTJ0149.2+2153B     0.5    8.2    1.5   2.5    5.9    6.7
SWIFTJ0149.9-5019      2.8   12.5    2.9   3.7   10.4   11.9
SWIFTJ0151.3-3610      5.1    8.2    5.1   3.4    7.5    8.6
SWIFTJ0152.8-0329      3.5   22.9    8.4   9.0   20.9   23.9
SWIFTJ0154.9-2707      6.1   15.3    6.8   5.4   11.8   13.5
SWIFTJ0155.4+0228      1.7   11.3    1.7   4.8    9.4   10.7
SWIFTJ0157.2+4715      7.5   16.0    7.6   5.3   13.9   15.9
SWIFTJ0200.3+2428      1.1   14.4    2.3   4.3   12.5   14.3
SWIFTJ0201.0-0648      3.2   80.1   25.2  40.0   96.2  109.9
SWIFTJ0202.4+6824A     1.5   11.5    1.7   2.7    8.4    9.6
SWIFTJ0202.4+6824B     2.3    7.7    2.3   1.8    6.7    7.7
SWIFTJ0203.1-2359      5.9   10.8    5.5   4.5    8.9   10.2
SWIFTJ0206.2-0019      9.5   33.0    9.6  10.3   27.0   30.9
SWIFTJ0207.0+2931      8.2   17.1    8.5   6.2   15.3   17.5
SWIFTJ0208.2+4452      3.4   10.5    3.5   4.2    8.8   10.1
SWIFTJ0208.5-1738      4.5    9.1    5.3   3.6    7.9    9.0
SWIFTJ0209.5-1010D1    0.5   15.4    1.7   1.6    4.7    5.4
SWIFTJ0209.5-1010D2    0.8   15.4    2.8   4.0    9.9   11.3
SWIFTJ0209.7+5226     15.9   51.3   16.1  19.5   45.1   51.5
SWIFTJ0211.1-4944      1.9    7.9    3.3   3.3    7.6    8.7
SWIFTJ0213.7+5147     10.3    8.0   10.0   4.4   10.9   12.5
SWIFTJ0214.6-0049      3.2   16.7    3.2   5.6   13.5   15.4
SWIFTJ0214.9-6432      5.7   12.2    5.7   4.2   10.4   11.9
SWIFTJ0215.6-1301      2.4   13.9    5.5   4.8   11.8   13.5
SWIFTJ0216.3+5128      8.2   19.0    9.3   6.9   17.0   19.4
SWIFTJ0218.0+7348      6.0   34.5    6.0  10.5   33.7   38.5
SWIFTJ0222.3+2509      4.5   15.8    4.9   3.9   12.9   14.7
SWIFTJ0222.6+5222      5.6    8.3    5.7   4.2    7.5    8.6
SWIFTJ0223.4+4551      3.0   14.7    5.2   5.1   13.7   15.7
SWIFTJ0225.0+1847     16.4   31.7   16.0   9.5   28.0   32.0
SWIFTJ0225.0-2312      3.8   10.4    3.8   4.2    9.1   10.4
SWIFTJ0225.8-6315      4.0   14.8    4.0   5.2   11.9   13.6
SWIFTJ0226.4-2821      4.9   13.1    5.8   4.4   11.6   13.3
SWIFTJ0227.0+2346      1.7   10.8    2.5   4.8    7.6    8.7
SWIFTJ0228.1+3118     28.5   60.5   40.6  23.7   53.5   61.1
SWIFTJ0230.2-0900      5.0   12.9    5.0   4.1    9.8   11.2
SWIFTJ0231.6-3645      0.9   19.2   10.2   7.5   20.7   23.7
SWIFTJ0232.8+2020      9.3   24.5    9.1   9.3   24.0   27.4
SWIFTJ0234.1+3233      7.6   31.2    9.7   9.8   27.1   31.0
SWIFTJ0234.6-0848     13.8   31.9   13.9  12.8   26.8   30.6
SWIFTJ0235.3-2934      4.5   23.0    4.4   6.2   17.8   20.3
SWIFTJ0238.2-5213     12.9   29.6   12.9   9.8   24.8   28.3
SWIFTJ0238.5-6119      4.9   12.3    6.2   3.6   10.5   12.0
SWIFTJ0238.8-4039      6.9   13.4    7.0   5.4   11.8   13.5
SWIFTJ0241.3-0816      5.2   29.5    7.5   9.7   24.0   27.4
SWIFTJ0241.6+0711      4.7   10.9    4.8   4.7    9.3   10.6
SWIFTJ0242.0+0516      0.7   12.2    3.1   4.0   11.5   13.1
SWIFTJ0242.2+0531      4.5   10.0    4.4   4.0   10.0   11.4
SWIFTJ0242.6+0000      4.9   35.1  268.3  77.2  180.3  206.0
SWIFTJ0243.9+5324      1.8    8.4    2.5   4.2    7.2    8.2
SWIFTJ0244.7-2433      2.6    9.1    2.7   3.3    7.2    8.2
SWIFTJ0244.8+6227     18.4   90.5   19.3  34.5   78.4   89.6
SWIFTJ0245.2+1047      0.2   12.8    0.2   4.5   12.5   14.3
SWIFTJ0249.1+2627      3.7   34.0   16.0  13.1   35.2   40.2
SWIFTJ0250.4+4648      5.7   20.0    7.1   7.6   17.7   20.2
SWIFTJ0250.7+4142      0.3   18.6   13.4  10.3   28.3   32.3
SWIFTJ0251.3+5441      0.5   27.1   20.1  16.1   44.6   51.0
SWIFTJ0251.6-1639      0.4   17.4   20.3  11.5   29.6   33.8
SWIFTJ0252.1-6758      0.7    8.0    0.7   2.4    7.8    8.9
SWIFTJ0252.3+4312      1.6   13.1    3.6   5.1   12.1   13.8
SWIFTJ0252.7-0822      5.6   26.1   10.7   9.9   23.7   27.1
SWIFTJ0255.2-0011      3.3   88.4   26.4  40.5  108.3  123.7
SWIFTJ0256.4-3212      4.0   30.7    6.3  11.1   26.2   29.9
SWIFTJ0259.9+4419      2.3   12.5    2.3   3.8   10.5   12.0
SWIFTJ0300.0-1048     18.4   17.6   19.7   6.1   15.3   17.5
SWIFTJ0304.1-0108      1.0   36.6  117.8  38.7  100.2  114.5
SWIFTJ0308.2-2258      0.5   10.9   30.1  16.2   41.6   47.5
SWIFTJ0308.5-7251      4.8   12.4    4.8   4.7   10.8   12.3
SWIFTJ0311.1+3241      4.9    8.1    5.0   3.9    7.2    8.2
SWIFTJ0311.5-2045      6.0   24.0    6.0   7.9   18.9   21.6
SWIFTJ0311.8-7653      2.1   13.0    2.1   4.5   12.2   13.9
SWIFTJ0311.9+5032      5.9   10.3    6.1   4.1    8.9   10.2
SWIFTJ0312.9+4121      6.3   17.7    6.5   5.1   14.1   16.1
SWIFTJ0317.2+0116      5.2   13.3    9.1   4.9   11.5   13.1
SWIFTJ0318.7+6828      7.0   17.8    8.6   5.8   14.5   16.6
SWIFTJ0319.7+4132    534.4   73.4  132.8  32.3   69.3   79.2
SWIFTJ0324.8+3410      0.9   29.9    0.9   9.2   25.4   29.0
SWIFTJ0324.9+4044      3.0   19.4    3.9   5.9   15.6   17.8
SWIFTJ0325.0-4154      3.8    8.2    3.8   3.5    6.7    7.7
SWIFTJ0326.0-5633      1.4    8.6    1.4   2.8    6.6    7.5
SWIFTJ0328.4-2846      1.2   13.2   10.9   5.4   13.5   15.4
SWIFTJ0331.3+0538      8.3   11.0    8.4   4.9   10.0   11.4
SWIFTJ0331.4-0510      1.3   12.8    1.5   4.9   10.0   11.4
SWIFTJ0333.3+3720      8.2   24.4    8.5   9.1   20.9   23.9
SWIFTJ0333.6-3607     17.4   64.1   30.9  25.3   52.5   60.0
SWIFTJ0334.4-1515      3.1   12.5    3.1   4.5   10.7   12.2
SWIFTJ0335.4+1907      3.0   13.6    3.0   4.4   12.1   13.8
SWIFTJ0336.6+3217     10.1   43.8   10.3  11.8   38.4   43.9
SWIFTJ0342.0-2115     21.6   44.5   21.6  15.9   39.4   45.0
SWIFTJ0345.2-3935      4.0   10.4   10.7   4.5    9.4   10.7
SWIFTJ0347.0-3027      3.1    9.2    3.1   4.0    7.7    8.8
SWIFTJ0349.2-1159     18.6   16.6   18.5   6.5   15.4   17.6
SWIFTJ0350.1-5019      0.5   20.9   92.2  25.3   64.1   73.2
SWIFTJ0351.7-4030      5.1   12.1    5.1   4.8   10.2   11.7
SWIFTJ0353.4-6830     15.7   15.5   15.5   6.4   16.4   18.7
SWIFTJ0353.7+3711      3.8   15.3    4.5   6.2   13.6   15.5
SWIFTJ0354.2+0250      6.7   12.9    6.8   5.9   11.1   12.7
SWIFTJ0356.9-4041      2.0   19.6    2.6   6.2   13.4   15.3
SWIFTJ0357.5-6255      0.7   12.5   22.8   8.1   19.3   22.1
SWIFTJ0357.6+4153      5.6   13.5    7.8   5.7   10.8   12.3
SWIFTJ0359.0-3015A     0.8    8.4    1.6   4.1    8.0    9.1
SWIFTJ0359.0-3015B     0.8   11.0    1.0   1.9    6.5    7.4
SWIFTJ0359.7+5058      5.4   20.0    6.0   5.0   16.8   19.2
SWIFTJ0402.4-1807      5.3   25.2    6.5   7.4   21.1   24.1
SWIFTJ0404.0-3604      6.2   11.4    6.2   4.1   10.7   12.2
SWIFTJ0405.3-3707      2.2   10.8    2.2   2.9    9.2   10.5
SWIFTJ0405.5-1307      3.1    9.9    3.2   4.1   13.1   15.0
SWIFTJ0407.4+0339      2.2   27.6   10.6  14.3   31.9   36.5
SWIFTJ0413.3+1659      2.9   16.6    4.5   5.4   16.7   19.1
SWIFTJ0413.8+1112      6.5   13.7    6.5   4.8   10.6   12.1
SWIFTJ0414.8-0754      5.0   21.0    5.4  10.2   16.4   18.7
SWIFTJ0418.3+3800     55.5  116.8   61.5  41.3  103.9  118.7
SWIFTJ0420.0-5457      3.1   21.4    3.1   7.7   17.6   20.1
SWIFTJ0422.7-5611      3.4   21.2    5.2   7.2   17.9   20.5
SWIFTJ0423.5+0414      1.7   23.9   14.1  15.1   31.1   35.5
SWIFTJ0426.2-5711     14.3   24.8   14.4  11.6   21.5   24.6
SWIFTJ0427.6-1201      0.4   12.8   10.6   7.2   19.3   22.1
SWIFTJ0428.2-6704A     1.2   14.8    1.6   3.0   10.0   11.4
SWIFTJ0428.2-6704B     1.2    3.2    1.2   1.5    2.9    3.3
SWIFTJ0429.6-2114      4.0   12.1    4.0   3.3    9.3   10.6
SWIFTJ0433.0+0521     36.9   94.4   38.2  33.9   81.7   93.4
SWIFTJ0433.5-5846      0.8   11.0    1.6   3.6    9.6   11.0
SWIFTJ0436.3-1022      6.9   17.8    7.0   7.1   14.7   16.8
SWIFTJ0437.4-4713      5.9   13.6    5.9   4.4   11.6   13.3
SWIFTJ0438.2-1048      6.7   19.0    8.0   6.9   15.7   17.9
SWIFTJ0440.2-5941      2.8   12.5    3.3   4.8    9.7   11.1
SWIFTJ0440.9+2741      3.5   21.4    3.6   7.8   17.9   20.5
SWIFTJ0441.2-2704      7.0    9.9    7.1   4.3    8.6    9.8
SWIFTJ0441.8-0823      3.5   10.2    3.6   3.9    9.4   10.7
SWIFTJ0443.9+2856     17.8   45.5   18.7  12.4   31.4   35.9
SWIFTJ0444.1+2813     12.5   53.0   16.4  17.6   40.8   46.6
SWIFTJ0445.0-2816      4.8   18.4    4.9   6.0   15.0   17.1
SWIFTJ0446.4+1828      1.5   14.3   13.2   7.9   16.6   19.0
SWIFTJ0449.6-5515      0.7    8.6    1.3   2.8    6.1    7.0
SWIFTJ0450.7-5813      5.0   21.2    5.0   7.1   18.0   20.6
SWIFTJ0451.4-0346     12.2   31.1   12.2  10.0   26.0   29.7
SWIFTJ0452.2+4933     23.7   63.2   25.1  21.5   51.4   58.7
SWIFTJ0453.4+0404      1.2   28.1   50.5  17.7   42.5   48.6
SWIFTJ0454.6-4315      3.5   10.9    4.0   4.0    8.2    9.4
SWIFTJ0456.3-7532      1.4   21.3    1.8   7.6   20.0   22.9
SWIFTJ0459.7+3502      3.6   15.7    4.8   5.7   12.2   13.9
SWIFTJ0459.9+2703      3.9   24.8    6.7  10.0   22.5   25.7
SWIFTJ0501.9-3239     17.3   49.3   26.0  17.0   42.2   48.2
SWIFTJ0502.1+0332      5.7   15.3    5.9   5.9   12.2   13.9
SWIFTJ0503.0+2302     12.3   19.8   12.3   8.7   18.1   20.7
SWIFTJ0504.6-7345      3.4    8.5    3.5   2.9    7.7    8.8
SWIFTJ0505.6-6735      1.0   11.8    6.7   6.8   13.1   15.0
SWIFTJ0505.8-2351      7.7   60.8   10.8  19.4   51.2   58.5
SWIFTJ0507.7+6732     23.8   10.0   24.5   4.1    9.5   10.9
SWIFTJ0508.1+1727      5.2   26.0    6.0  10.7   21.0   24.0
SWIFTJ0510.7+1629     24.0   90.6   46.1  33.7   80.8   92.3
SWIFTJ0512.1-1830      4.9   13.7    5.9   4.7   12.2   13.9
SWIFTJ0513.8+6627      2.2   11.8    2.6   4.8    9.8   11.2
SWIFTJ0515.3+1854      2.0   29.8    4.8   9.6   30.8   35.2
SWIFTJ0516.2-0009     27.0   69.9   25.9  27.5   59.5   68.0
SWIFTJ0516.3+1928      2.2   21.6    3.3   9.1   16.8   19.2
SWIFTJ0516.4-1034      4.2   13.6    4.2   6.3   13.0   14.9
SWIFTJ0519.5-3140     16.2   34.2   16.2  10.7   32.3   36.9
SWIFTJ0519.5-4545      9.8   38.6    9.8  14.6   33.5   38.3
SWIFTJ0521.0-2522      2.9   12.5    5.8   3.9    7.9    9.0
SWIFTJ0524.1-1210      2.7   18.3    4.4   7.1   15.7   17.9
SWIFTJ0525.1-2339      1.9   16.8    1.9   4.2   15.7   17.9
SWIFTJ0525.3-4600      1.2   19.7    1.2   4.3   15.3   17.5
SWIFTJ0526.2-2118      3.1   13.9    9.7   5.1   12.4   14.2
SWIFTJ0528.1-3933      1.2   10.8    1.1   3.8    8.3    9.5
SWIFTJ0530.8+1333      2.8   22.3    2.6   5.3   16.5   18.9
SWIFTJ0532.9+1343      2.2   16.9    2.4   4.9   12.4   14.2
SWIFTJ0533.9-1318      1.1   18.0    7.3   7.5   19.2   21.9
SWIFTJ0535.4+4013      2.5   16.8    2.6   5.3   13.5   15.4
SWIFTJ0539.9-2839      2.7   27.5    2.7   6.1   23.1   26.4
SWIFTJ0543.9-2749      2.1   20.0   13.4   7.7   17.9   20.5
SWIFTJ0544.4+5909      5.3   26.1    6.2   8.2   22.7   25.9
SWIFTJ0544.4-4328      2.6    7.1    3.7   3.5    6.7    7.7
SWIFTJ0547.3+5042      1.7   24.4    4.7  10.8   22.5   25.7
SWIFTJ0548.4-4748      1.8    7.6    5.5   4.1    7.4    8.5
SWIFTJ0550.7-3212A    34.8   15.9   34.6   7.2   15.6   17.8
SWIFTJ0552.2-0727     24.7  319.1   36.7 101.5  277.9  317.5
SWIFTJ0552.5+5929      6.0   15.6    6.0   7.3   12.3   14.1
SWIFTJ0554.8+4625     43.8  133.4   65.1  49.4  116.3  132.9
SWIFTJ0555.5+3946      1.4   17.8    1.5   4.7   14.2   16.2
SWIFTJ0557.9-3822     42.5   29.3   45.6  12.8   25.0   28.6
SWIFTJ0559.8-5028     13.6   22.1   15.9   7.4   15.4   17.6
SWIFTJ0600.7+0008      2.2   16.1    5.0   8.4   15.0   17.1
SWIFTJ0601.9-8636      1.0   33.6   71.3  19.9   55.8   63.8
SWIFTJ0602.2+2829     18.9   65.2   19.5  26.4   54.6   62.4
SWIFTJ0602.5+6518      1.8   18.4    4.8   6.3   16.4   18.7
SWIFTJ0606.0-2755      6.1   11.8    6.6   5.5   10.0   11.4
SWIFTJ0609.5-6245A     1.2    9.4    1.2   3.5    7.9    9.0
SWIFTJ0609.5-6245B     0.5    3.9    0.5   1.2    3.0    3.4
SWIFTJ0615.8+7101      6.1  141.0  113.6  89.8  244.5  279.4
SWIFTJ0623.3-6438      3.0   11.0    3.0   3.8   10.0   11.4
SWIFTJ0623.8+6445      2.9    6.9    2.9   3.0    5.6    6.4
SWIFTJ0623.8-3215      0.7   24.4   18.1  13.6   37.6   43.0
SWIFTJ0623.9-6058      4.2   28.1   11.2  11.0   28.0   32.0
SWIFTJ0626.6+0729      2.5   16.2    2.6   5.7   13.7   15.7
SWIFTJ0626.6-3702      3.7   11.7    3.5   4.0    9.2   10.5
SWIFTJ0630.7+6342      7.2   10.1    7.4   4.4    8.6    9.8
SWIFTJ0632.8+6343      0.7   11.1    5.3   4.6   14.7   16.8
SWIFTJ0634.7-7445      2.1   10.9    2.2   4.0    9.0   10.3
SWIFTJ0635.8-7514      5.5   17.6    5.5   5.6   16.4   18.7
SWIFTJ0640.1-4328      2.1   18.3    3.6   5.6   15.8   18.1
SWIFTJ0640.4-2554     18.5   37.4   19.5  14.8   31.8   36.3
SWIFTJ0641.3+3257      3.3   35.1    6.0  11.5   31.1   35.5
SWIFTJ0645.9+5303      1.3   11.8    1.4   4.5    9.6   11.0
SWIFTJ0651.9+7426     11.9   60.6   15.5  21.5   50.9   58.2
SWIFTJ0654.6+0700      9.0   18.0    9.3   7.5   16.2   18.5
SWIFTJ0655.8+3957      7.0   21.4    7.2   8.0   18.5   21.1
SWIFTJ0656.4-4921      0.4   12.2    7.7   5.5   15.0   17.1
SWIFTJ0659.3+2406      2.6   12.1    4.5   5.0   10.5   12.0
SWIFTJ0701.3-3235      2.0    7.5    2.1   3.5    6.5    7.4
SWIFTJ0707.1+6433      4.5   12.6    4.5   3.9    8.7    9.9
SWIFTJ0709.0-4642      3.8   13.8    4.5   5.2   11.7   13.4
SWIFTJ0709.4-3559      6.3   19.8    7.8   6.4   17.2   19.7
SWIFTJ0710.3+5908     42.5   23.2   42.2  10.1   19.7   22.5
SWIFTJ0714.2+3518      0.3   16.7   21.3  14.0   38.2   43.6
SWIFTJ0714.3+4541      2.6    8.7    3.6   4.0    7.3    8.3
SWIFTJ0718.1+4403      9.8   24.5    9.9   9.1   21.9   25.0
SWIFTJ0725.7-0055      4.4   16.6    4.4   4.2   13.2   15.1
SWIFTJ0725.8+3000      1.3   10.0   24.2   7.0   15.5   17.7
SWIFTJ0726.5+3659      4.4   10.9    4.4   4.8    9.1   10.4
SWIFTJ0726.6-3552      1.1   23.4    2.1   4.9   19.0   21.7
SWIFTJ0727.4-2408      5.2   20.2    5.7   6.1   17.2   19.7
SWIFTJ0733.2+4558      3.5   10.4    3.5   4.2    9.2   10.5
SWIFTJ0733.9+5156      6.7    6.1    6.7   3.0    6.9    7.9
SWIFTJ0736.9+5846      6.8    8.6    6.8   3.9    7.4    8.5
SWIFTJ0739.7-3142      1.0   26.7    1.9   9.7   21.7   24.8
SWIFTJ0741.4-5447      1.4   11.5    1.3   3.7   11.3   12.9
SWIFTJ0742.3+8024      2.2   12.2    3.0   4.3   10.0   11.4
SWIFTJ0742.5+4948      7.7   46.6   11.5  18.2   39.2   44.8
SWIFTJ0743.0+6513      0.5   10.7   20.4   4.6   10.5   12.0
SWIFTJ0743.3-2546      9.5   20.7   10.2   7.7   18.1   20.7
SWIFTJ0744.0+2914      0.9   17.0    4.8   7.1   18.4   21.0
SWIFTJ0746.3+2548      3.9   48.9    3.9   9.9   38.7   44.2
SWIFTJ0747.5+6057      6.7   14.8    6.7   6.0   12.8   14.6
SWIFTJ0747.6-7326      1.3   14.2    5.0   6.3   14.8   16.9
SWIFTJ0752.2+1937      5.4   15.7    6.1   6.2   11.9   13.6
SWIFTJ0753.1+4559      2.9   15.4    2.9   4.4   12.0   13.7
SWIFTJ0756.3-4137      3.0   10.5    3.2   4.2    8.9   10.2
SWIFTJ0759.8-3844     15.1   50.6   15.6  19.5   42.9   49.0
SWIFTJ0800.1+2638      3.9   32.2    4.0  10.2   26.2   29.9
SWIFTJ0800.5+2327      8.0   34.5    9.1  10.8   26.4   30.2
SWIFTJ0801.9-4946      8.1   21.3    8.2   8.5   18.3   20.9
SWIFTJ0803.4+0842      5.8   17.3    5.9   7.7   15.1   17.3
SWIFTJ0804.2+0507      9.6   54.4   32.9  23.6   53.8   61.5
SWIFTJ0804.6+1045      0.9   15.2    1.6   4.7   14.6   16.7
SWIFTJ0805.1-0110      1.1   13.3    3.0   4.4   13.4   15.3
SWIFTJ0805.2+6145      2.1   20.6    2.2   4.8   17.5   20.0
SWIFTJ0807.9+3859      0.3    9.6   15.0   7.5   18.9   21.6
SWIFTJ0810.9+7602     10.8   14.7   10.8   6.8   12.7   14.5
SWIFTJ0814.3+0423      4.5   20.9    8.6   7.9   19.2   21.9
SWIFTJ0817.8+0251      4.1   13.2    4.1   5.5   10.7   12.2
SWIFTJ0818.1+0120      5.5   21.6    5.5   6.8   17.7   20.2
SWIFTJ0819.2-2259      2.3   12.1    2.4   3.5    9.8   11.2
SWIFTJ0823.4-0457      2.6   46.4    9.9  16.8   47.1   53.8
SWIFTJ0830.1+4154      6.7   13.0    7.5   7.0   10.9   12.5
SWIFTJ0830.4-6723      3.0    8.0   12.0   4.3   10.2   11.7
SWIFTJ0832.5+3703      3.9   16.5    4.7   6.3   14.1   16.1
SWIFTJ0838.4-3557     11.6   28.9   13.5  11.8   24.9   28.5
SWIFTJ0839.6-1213     11.4   24.6   11.4   9.1   22.0   25.1
SWIFTJ0840.2+2947      0.7   16.1    5.5   8.1   21.1   24.1
SWIFTJ0841.4+7052     15.6   67.7   15.5  18.4   56.1   64.1
SWIFTJ0842.0+0759      5.3   15.7    5.5   6.4   14.2   16.2
SWIFTJ0843.5+3551      0.7   10.7    4.2   5.2   12.3   14.1
SWIFTJ0845.0-3531      5.2   12.8    6.1   4.9   10.9   12.5
SWIFTJ0845.3+1420      4.3   19.9    4.4   6.9   16.2   18.5
SWIFTJ0855.6+6425      3.2   17.7    9.2   6.8   16.9   19.3
SWIFTJ0855.7-2856      4.7    8.5    5.0   4.1    6.9    7.9
SWIFTJ0856.0+7812      1.1   13.4    4.7   5.4   13.4   15.3
SWIFTJ0859.5+4457      2.7    8.7    3.7   3.9    7.4    8.5
SWIFTJ0902.0+6007      1.4   12.2    2.4   3.9   10.5   12.0
SWIFTJ0902.7-4814     11.0   29.4   12.9   9.9   24.8   28.3
SWIFTJ0902.7-6816      0.4   20.5   26.9  35.1  110.8  126.6
SWIFTJ0902.8-7414      0.9   12.9    4.2   4.9   14.1   16.1
SWIFTJ0904.3+5538      5.9   15.2    6.4   5.3   13.4   15.3
SWIFTJ0909.0+0358      1.6   10.5    1.6   3.2   11.5   13.1
SWIFTJ0911.2+4533      2.2   16.0    8.8   8.4   17.5   20.0
SWIFTJ0917.2-6221      8.5   31.8   11.7  13.3   27.3   31.2
SWIFTJ0917.2-6457      4.6   13.0    4.7   4.5   11.1   12.7
SWIFTJ0918.5+1618     10.7   33.1   10.8  13.4   28.5   32.6
SWIFTJ0919.2+5528      0.6    8.1    8.6   4.1   10.4   11.9
SWIFTJ0920.1+3712      3.4   19.9    4.9   7.9   17.3   19.8
SWIFTJ0920.8-0805     12.9   40.8   19.9  17.6   36.0   41.1
SWIFTJ0923.6-2136      5.6   15.4    5.6   5.1   14.6   16.7
SWIFTJ0923.7+2255     11.9   39.9   11.9  13.1   34.2   39.1
SWIFTJ0924.2-3141      1.1   19.2   32.5  10.9   25.9   29.6
SWIFTJ0925.0+5218     35.6   57.2   34.4  21.2   50.0   57.1
SWIFTJ0925.2-8423      3.4    8.8    4.0   3.6    8.3    9.5
SWIFTJ0926.1+6931      0.4    9.2    0.4   4.0    7.7    8.8
SWIFTJ0926.2+1244      9.0   15.9    9.1   6.2   13.7   15.7
SWIFTJ0927.3+2301      3.8   15.9    3.8   4.1   12.4   14.2
SWIFTJ0929.7+6232      0.9    9.0    1.6   3.3    7.0    8.0
SWIFTJ0934.7-2156      0.7   20.7   52.6  28.3   78.3   89.5
SWIFTJ0935.5+2616      6.1   13.3    6.1   5.5   11.4   13.0
SWIFTJ0935.9+6120      0.2    7.8   45.4  14.2   31.5   36.0
SWIFTJ0936.2-6553      0.7   13.0    0.8   4.8   10.2   11.7
SWIFTJ0942.2+2344      2.5   13.8    2.6   3.5   10.3   11.8
SWIFTJ0945.6-1420      7.3   26.9    7.6   9.8   21.9   25.0
SWIFTJ0947.6-3057     87.5  201.3  100.0  81.5  174.0  198.8
SWIFTJ0947.7+0726      7.6   23.6   10.2   8.7   20.9   23.9
SWIFTJ0950.5+7318      1.0   15.5    7.6   6.4   18.1   20.7
SWIFTJ0951.9-0649      6.6   19.3    6.7   6.3   16.0   18.3
SWIFTJ0952.3-6234      3.7   15.9    6.1   5.8   14.6   16.7
SWIFTJ0955.5+6907     10.5   15.4   10.5   6.3   14.5   16.6
SWIFTJ0959.5-2248      2.5   83.2   37.3  47.0  119.0  136.0
SWIFTJ0959.7-3112      7.7   17.2    7.8   6.8   15.0   17.1
SWIFTJ0959.9+1303      2.2    5.9    2.2   2.6    4.4    5.0
SWIFTJ1001.7+5543      0.3   33.0    6.6  33.3   98.5  112.6
SWIFTJ1001.8+2848      1.3    7.5    3.2   4.3    7.9    9.0
SWIFTJ1003.4-3726      1.5   10.5    1.5   4.5    8.8   10.1
SWIFTJ1005.9-2305      7.0   14.6    7.3   5.0   13.1   15.0
SWIFTJ1007.4+6534      2.2    8.9    2.2   3.5    7.2    8.2
SWIFTJ1008.6-0955      8.8   13.3    8.9   4.4   10.5   12.0
SWIFTJ1009.3-4250      3.1   35.3   10.3  13.3   35.0   40.0
SWIFTJ1013.5-3601      1.9   20.1   15.4   8.0   19.5   22.3
SWIFTJ1017.0-0404      4.0   14.7    4.7   4.4   11.6   13.3
SWIFTJ1020.5-0237B     2.4    5.9    2.4   2.5    5.1    5.8
SWIFTJ1021.7-0327      5.4   20.4    5.5   6.3   15.0   17.1
SWIFTJ1023.5+1952     36.9  109.9   37.2  41.6   93.3  106.6
SWIFTJ1029.8-3821      0.4   12.1    0.7   4.2    9.6   11.0
SWIFTJ1031.5+5051     11.2    4.9   11.2   3.1    7.2    8.2
SWIFTJ1031.5-4205      0.6   16.5   22.1   8.6   20.7   23.7
SWIFTJ1031.7-3451      2.6   86.4   52.0  41.8  102.4  117.0
SWIFTJ1031.9-1418     16.6   32.5   16.7  12.9   28.4   32.5
SWIFTJ1032.7-2835      2.3   15.6    3.6   5.9   13.5   15.4
SWIFTJ1033.6+7303      2.6   12.8    3.6   4.3   11.7   13.4
SWIFTJ1033.8+5257      0.3    7.4   20.5   6.0   14.2   16.2
SWIFTJ1038.8-4942      4.4   26.2    4.9   7.7   18.8   21.5
SWIFTJ1040.7-4619     11.6   24.9   15.5   9.7   19.9   22.7
SWIFTJ1041.4-1740      0.5    9.8    1.3   4.5    9.7   11.1
SWIFTJ1042.4+0046      2.9   12.1    3.1   3.5   10.0   11.4
SWIFTJ1043.4+1105      6.4   14.2    6.4   4.3   11.3   12.9
SWIFTJ1044.1+7024      2.2   12.9    5.5   5.4   12.8   14.6
SWIFTJ1044.8+3812      3.9   14.0    5.1   3.4   10.1   11.5
SWIFTJ1046.8+2556      3.4   19.3    5.4   6.6   17.8   20.3
SWIFTJ1048.4-2511      0.3   26.0   12.3  10.7   30.3   34.6
SWIFTJ1049.4+2258      1.6   32.4   21.7  17.3   43.8   50.0
SWIFTJ1051.2-1704A     2.4   22.4    3.6   5.5   17.3   19.8
SWIFTJ1051.2-1704B     2.6    3.7    2.7   2.0    3.4    3.9
SWIFTJ1052.8+1043      1.6   16.5    3.0   6.2   13.7   15.7
SWIFTJ1059.8+6507      2.0   11.5    2.5   3.7    9.6   11.0
SWIFTJ1100.9+1104      3.7   13.7    3.6   3.7   10.8   12.3
SWIFTJ1103.4+3731      3.6    9.5    3.6   3.3    7.8    8.9
SWIFTJ1103.5-2329     43.7   12.9   43.3   5.5   13.1   15.0
SWIFTJ1104.4+3812   1282.4  158.4 1279.5  72.7  160.1  182.9
SWIFTJ1105.7+5854A     0.8    5.9    1.6   2.6    5.6    6.4
SWIFTJ1105.7+5854B     2.1    5.3    2.1   2.0    4.7    5.4
SWIFTJ1106.5+7234     27.5  118.3   30.7  41.7   99.7  113.9
SWIFTJ1110.6-2832      4.0    6.7    4.0   3.4    5.7    6.5
SWIFTJ1113.6+0936      2.6   12.4    2.6   4.8    9.4   10.7
SWIFTJ1114.3+2020      0.5    9.5   11.6   3.3    8.9   10.2
SWIFTJ1114.3+7944      1.7   11.6    2.5   3.1    9.8   11.2
SWIFTJ1115.3+5423      2.5    9.3    3.3   9.8   20.2   23.1
SWIFTJ1120.8-4316      9.2   15.4    9.3   5.9   14.3   16.3
SWIFTJ1125.6+5423     10.3   19.6   10.4   7.2   16.8   19.2
SWIFTJ1126.7+3514      5.2    9.8    6.1   2.7    7.0    8.0
SWIFTJ1127.5+1906      4.4   15.6    4.6   5.8   12.8   14.6
SWIFTJ1130.1-1447      6.0   34.4    6.0   9.7   32.3   36.9
SWIFTJ1131.9-1233      2.4   11.5    2.4   4.3   10.2   11.7
SWIFTJ1132.7+5301      1.6   12.1    1.7   4.4   10.8   12.3
SWIFTJ1132.9+1019A     3.9   15.6    4.0   6.0   13.0   14.9
SWIFTJ1132.9+1019B     1.3    8.8    1.3   1.4    4.0    4.6
SWIFTJ1136.0+2132      7.1   13.2    7.3   5.9   11.5   13.1
SWIFTJ1136.7+6738     15.0   10.7   14.9   4.4   11.3   12.9
SWIFTJ1136.7-6007      4.2   20.7    4.6   7.4   18.6   21.3
SWIFTJ1138.9+2529A     1.6    8.9    7.3   3.5    8.4    9.6
SWIFTJ1138.9+2529B     2.2    5.6    3.3   2.5    5.1    5.8
SWIFTJ1139.0-2323      7.0   16.6    7.2   5.6   13.8   15.8
SWIFTJ1139.0-3743     76.9  181.1  128.7  66.2  157.6  180.1
SWIFTJ1139.1+5913      7.7   20.7    7.7   7.6   17.8   20.3
SWIFTJ1139.8+3157      6.5   18.0    7.4   5.0   14.2   16.2
SWIFTJ1141.3+2156      6.6   18.3    6.7   5.0   13.7   15.7
SWIFTJ1142.2+1021      4.0   13.8    4.0   5.3   11.9   13.6
SWIFTJ1143.7+7942      6.7   27.2    6.7  11.6   22.6   25.8
SWIFTJ1144.1+3652      1.6   15.4    1.6   4.3   11.7   13.4
SWIFTJ1145.2+5905      5.2   16.2    6.0   6.2   13.4   15.3
SWIFTJ1145.6-1819     17.3   53.3   17.3  20.0   45.0   51.4
SWIFTJ1145.6-6956      3.9   15.8    4.0   4.4   12.3   14.1
SWIFTJ1148.3+0901      5.1   11.9    5.4   4.8   10.3   11.8
SWIFTJ1148.7+2941      5.3   24.5    6.7   7.4   21.1   24.1
SWIFTJ1149.3+5307      3.3    6.0    3.3   2.9    5.2    5.9
SWIFTJ1149.3-0414      2.8   11.0    2.8   4.2    9.4   10.7
SWIFTJ1152.1-1122      8.0   15.2    7.3   6.5   12.8   14.6
SWIFTJ1152.6-0512      1.1   14.0    1.5   5.3   11.1   12.7
SWIFTJ1153.6+4931      5.6   13.5    5.7   4.3   11.6   13.3
SWIFTJ1157.8+5529      6.1   14.8    6.1   5.3   13.4   15.3
SWIFTJ1158.9+4234      0.6   13.1    5.1   4.7   13.5   15.4
SWIFTJ1159.7-2002      3.5   15.9    3.5   5.7   12.7   14.5
SWIFTJ1200.2-5350      8.3   48.0    9.7  19.6   40.9   46.7
SWIFTJ1200.8+0650      5.2   21.2    8.2   8.8   18.4   21.0
SWIFTJ1201.2-0341      6.1   11.3    6.1   5.0    9.7   11.1
SWIFTJ1202.5+3332      5.5   25.2   11.8   8.8   21.9   25.0
SWIFTJ1203.0+4433     17.6   39.5   18.4  17.5   33.3   38.1
SWIFTJ1204.5+2019      2.4   29.5    7.0   9.3   27.9   31.9
SWIFTJ1204.8+2758      5.2   10.4    5.2   4.1    8.8   10.1
SWIFTJ1204.9+3105      2.4   13.3    2.7   3.8    8.8   10.1
SWIFTJ1205.8+4959      1.2   10.3    1.2   3.3    7.7    8.8
SWIFTJ1206.2+5243      0.5   27.9   26.6  22.4   62.8   71.8
SWIFTJ1207.5+3355      1.6   14.6    2.2   3.1    9.5   10.9
SWIFTJ1209.4+4340      5.2   30.0    8.5  10.0   27.1   31.0
SWIFTJ1209.5+4702      4.9   22.2    7.3   8.2   20.2   23.1
SWIFTJ1210.1-4637      2.9   18.2    2.9   5.0   12.3   14.1
SWIFTJ1210.5+3924     47.2  538.9   84.8 180.9  460.1  525.7
SWIFTJ1210.7+3819      3.1   20.7    4.5   9.0   17.4   19.9
SWIFTJ1211.3-3935      5.8   21.7    6.3   7.2   18.0   20.6
SWIFTJ1212.9+0702      0.2   16.7    7.7   7.5   22.1   25.3
SWIFTJ1213.1+3239A     0.6   11.6    4.5   4.1   11.9   13.6
SWIFTJ1213.1+3239B     0.5    8.1    0.5   2.2    7.1    8.1
SWIFTJ1213.9-0531      3.6   11.8    3.7   4.7    9.8   11.2
SWIFTJ1214.3+2933      2.6   15.5    8.1   6.1   14.4   16.5
SWIFTJ1217.2-2611      3.5   13.8   10.2   5.2   11.8   13.5
SWIFTJ1217.3+0714      2.8   32.5    2.8  12.0   26.7   30.5
SWIFTJ1218.5+2952     13.2   21.7   13.9  10.3   18.7   21.4
SWIFTJ1219.4+4720      3.5   22.0    6.8   7.5   17.6   20.1
SWIFTJ1221.3+3012     12.4    7.9   12.3   4.4   10.5   12.0
SWIFTJ1222.4+0414      2.9   35.5    2.9   7.9   28.0   32.0
SWIFTJ1222.4+7520      6.8   15.8    6.7   6.5   15.1   17.3
SWIFTJ1223.7+0238     10.1   22.6   10.1   8.0   20.1   23.0
SWIFTJ1224.9+2122      3.0   22.5    3.0   6.7   16.7   19.1
SWIFTJ1225.8+1240     20.4  277.4   71.7 107.9  282.7  323.0
SWIFTJ1229.1+0202    117.8  444.8  117.6 134.2  380.4  434.7
SWIFTJ1231.4+5758      1.3    7.9   23.2   5.2   11.0   12.6
SWIFTJ1232.0-4219      5.8   15.8    5.6   5.1   12.9   14.7
SWIFTJ1232.0-4802      7.6   15.5    7.7   4.6   11.6   13.3
SWIFTJ1232.1+2009      4.1   13.4    4.1   4.3    9.0   10.3
SWIFTJ1235.6-3954      7.4  188.1  104.0 113.1  259.8  296.9
SWIFTJ1238.6+0928      1.1   11.6    5.0   4.6   11.9   13.6
SWIFTJ1238.9-2720      3.9   93.9   59.0  40.9  110.7  126.5
SWIFTJ1239.3-1611      2.1   41.2    2.9  13.8   33.0   37.7
SWIFTJ1239.6-0519     35.7   88.1   35.7  30.1   76.5   87.4
SWIFTJ1240.2+3457A     1.3    9.0    8.0   4.8   11.4   13.0
SWIFTJ1240.2+3457B     1.2    7.0    1.2   1.9    5.9    6.7
SWIFTJ1240.9+2735      2.1    7.1    2.6   3.2    6.4    7.3
SWIFTJ1240.9-3331      6.4   15.7    6.5   5.2   14.4   16.5
SWIFTJ1241.6-5748     10.0   46.7   13.7  14.7   40.0   45.7
SWIFTJ1246.6+5435      0.9   27.4    4.8  11.3   31.2   35.7
SWIFTJ1248.2-5828      3.9    9.6    4.6   4.1    7.4    8.5
SWIFTJ1252.3-1323      4.6   13.8    4.6   5.1   11.8   13.5
SWIFTJ1253.5-4137      0.3   15.2   24.9  16.1   42.9   49.0
SWIFTJ1255.0-2657      5.6   16.1    5.6   6.2   14.5   16.6
SWIFTJ1256.2-0551      7.9   34.3    7.9   8.7   28.5   32.6
SWIFTJ1300.1+1635      2.1   14.4    2.2   3.6   11.1   12.7
SWIFTJ1302.9+1620      6.9   17.2    9.7   7.2   14.7   16.8
SWIFTJ1303.8+5345     25.9   32.6   26.0  12.2   27.2   31.1
SWIFTJ1304.3-0532      1.0   20.5    5.0   6.2   19.3   22.1
SWIFTJ1304.3-1022      3.5   24.9    9.2   8.7   24.1   27.5
SWIFTJ1305.4-1034      2.8   13.2    2.8   4.6   12.8   14.6
SWIFTJ1305.4-4928      1.7  284.9  149.4 521.7 1470.5 1680.3
SWIFTJ1306.4-4025A     9.2   33.1   15.1  13.5   30.2   34.5
SWIFTJ1306.4-4025B     3.7   16.9    3.8   4.7   12.1   13.8
SWIFTJ1309.2+1139      2.0   53.5   10.4  23.4   58.5   66.8
SWIFTJ1310.7+0834      1.1   10.3    2.9   4.3    9.4   10.7
SWIFTJ1310.9-5553      5.7   32.5    6.0   9.2   30.0   34.3
SWIFTJ1312.1-5631      1.3   17.3    9.0   8.3   20.8   23.8
SWIFTJ1313.1-1108      8.2   15.2    8.2   6.1   13.0   14.9
SWIFTJ1313.6+3650B     4.3    5.5    4.2   2.4    4.8    5.5
SWIFTJ1315.8+4420      7.0   17.1   11.9   7.7   15.3   17.5
SWIFTJ1316.9-7155      5.1   16.4    5.2   6.6   13.9   15.9
SWIFTJ1321.2+0859      2.3   14.7   13.0   5.8   14.0   16.0
SWIFTJ1322.2-1641      2.8   30.5   41.7  17.3   36.7   41.9
SWIFTJ1325.4-4301    184.9 1389.0  347.3 481.3 1287.1 1470.7
SWIFTJ1331.2-2524      2.0   14.2    2.0   3.5   11.0   12.6
SWIFTJ1331.6-0504      3.5   20.2    3.5   3.9   14.5   16.6
SWIFTJ1332.0-7754      0.9   17.0    8.5   7.5   20.5   23.4
SWIFTJ1333.5-3401      5.9   18.9   16.3  11.1   20.9   23.9
SWIFTJ1334.8-2328D1    4.6   18.2    6.9   5.7   15.9   18.2
SWIFTJ1334.8-2328D2    2.9   18.2    2.7   3.3   10.2   11.7
SWIFTJ1335.8-3416     36.8   63.3   41.6  28.7   54.1   61.8
SWIFTJ1336.0+0304      6.1   15.6    7.2   5.8   11.9   13.6
SWIFTJ1337.7-1253      4.7    8.8    4.7   4.0   11.3   12.9
SWIFTJ1338.2+0433      9.5  115.5   10.8  36.5   93.0  106.3
SWIFTJ1341.2+3023      2.5   19.4    9.8   9.1   20.0   22.9
SWIFTJ1341.2-1439     10.2   24.1   10.3   9.7   20.6   23.5
SWIFTJ1341.5+6742      1.6    8.9    3.6   3.2    7.7    8.8
SWIFTJ1341.9+3537      6.2   13.9    6.7   3.9    9.8   11.2
SWIFTJ1344.7+1934      0.9   19.5    4.1   7.1   21.5   24.6
SWIFTJ1345.5+4139      5.0   19.2    5.2   5.6   15.4   17.6
SWIFTJ1346.4+1924      3.0   10.8    3.0   4.8   10.2   11.7
SWIFTJ1347.1+7325      2.6    6.0    2.6   2.9    5.3    6.1
SWIFTJ1347.4-6033     42.5  107.5   47.8  40.3   88.4  101.0
SWIFTJ1347.7+0212      0.6    6.0    0.6   2.8    4.9    5.6
SWIFTJ1349.3-3018     96.3  290.5  118.9 110.2  248.8  284.3
SWIFTJ1349.7+0209      6.2   16.2    6.3   5.6   14.7   16.8
SWIFTJ1351.5-1814     11.5   17.9   11.6   7.3   16.3   18.6
SWIFTJ1352.8+6917     12.3   39.2   12.3  13.6   33.6   38.4
SWIFTJ1353.7-1122      2.5   15.1    6.0   5.2   14.1   16.1
SWIFTJ1354.1-3748      5.7   22.1    9.2   7.8   19.4   22.2
SWIFTJ1354.5+1326      1.5    9.9    4.1   4.1    9.0   10.3
SWIFTJ1355.6+3524      2.4    7.4    5.2   3.6    8.3    9.5
SWIFTJ1355.9+1822      0.7   11.0    2.1   3.8   11.7   13.4
SWIFTJ1356.1+3832      2.4   21.6    2.4   8.1   17.8   20.3
SWIFTJ1356.6-1932      9.2   16.9    9.3   6.8   15.2   17.4
SWIFTJ1408.1-3024      6.6   17.2    7.9   7.9   14.0   16.0
SWIFTJ1410.9-4229      3.1   12.1    4.3   5.8    9.8   11.2
SWIFTJ1412.9-6522     12.7  272.1  984.4 236.9  540.2  617.3
SWIFTJ1413.2-0312     92.7  241.0  115.6  95.8  205.4  234.7
SWIFTJ1416.9-1158      7.7   18.1    7.7   8.3   15.7   17.9
SWIFTJ1416.9-4640      0.6   22.2   35.6  17.3   43.7   49.9
SWIFTJ1417.7+2539     12.9    7.5   12.9   3.5    8.6    9.8
SWIFTJ1417.7+6143      3.0    7.1    3.0   3.0    6.1    7.0
SWIFTJ1417.9+2507     19.1   78.6   20.9  27.0   66.4   75.9
SWIFTJ1419.0-2639     19.2   39.9   25.8  15.0   34.7   39.6
SWIFTJ1421.4+4747      7.0   18.6    7.0   7.6   16.1   18.4
SWIFTJ1424.2+2435      5.8   19.2    7.7   7.2   16.8   19.2
SWIFTJ1427.5+1949      5.9   13.3    5.9   4.9   11.5   13.1
SWIFTJ1428.7+4234     44.7   22.0   44.5   9.1   20.0   22.9
SWIFTJ1429.2+0118      8.2   17.8    8.1   6.6   14.6   16.7
SWIFTJ1431.2+2816      2.5   10.6    2.5   3.3    7.3    8.3
SWIFTJ1432.8-4412      0.6   17.9   75.9  88.3  269.9  308.4
SWIFTJ1433.9+0528      5.0   16.0    8.1   6.0   14.6   16.7
SWIFTJ1434.9+4837      4.1   12.3    3.9   5.2   10.3   11.8
SWIFTJ1436.4+5846     13.6   25.9   13.6  10.0   22.4   25.6
SWIFTJ1436.8-1615      6.5   18.7    6.6   6.2   16.0   18.3
SWIFTJ1439.2+1417      3.8   15.2    4.6   4.2   11.8   13.5
SWIFTJ1441.4+5341      1.5   14.4    5.5   4.4    9.6   11.0
SWIFTJ1442.5-1715      1.4   88.6   37.8  38.7  103.3  118.0
SWIFTJ1445.6+2702      0.7   13.7  179.5  88.1  218.9  250.1
SWIFTJ1446.7-6416      4.9   14.4    4.6   4.2   10.4   11.9
SWIFTJ1448.7-4009      2.9   12.8    4.0   5.8   11.8   13.5
SWIFTJ1449.5+8602      1.0    8.9    1.5   2.6    7.5    8.6
SWIFTJ1451.0-5540A     5.2   40.8    5.4  13.6   35.5   40.6
SWIFTJ1451.0-5540B     3.9   26.5    7.1   9.2   23.2   26.5
SWIFTJ1453.3+2558     10.8   24.0   10.8   8.2   19.2   21.9
SWIFTJ1454.9-5133      9.2   21.5    9.5   9.0   18.2   20.8
SWIFTJ1457.8-4308      2.4   27.8    7.3  13.9   28.1   32.1
SWIFTJ1458.9+7143      1.4    9.4    1.4   2.7    7.9    9.0
SWIFTJ1504.2+1025      9.7   35.6   15.2  13.3   33.3   38.1
SWIFTJ1506.7+0353A     4.3   19.0    4.3   6.7   15.5   17.7
SWIFTJ1506.7+0353B     3.9   15.7    4.3   5.1   14.2   16.2
SWIFTJ1508.6-4953      3.1   29.0    3.2   6.3   22.8   26.1
SWIFTJ1508.8-0013      7.3   19.5    8.1   6.6   17.7   20.2
SWIFTJ1512.0-2119      8.3   31.3    8.4  12.2   25.9   29.6
SWIFTJ1512.2-1053B     0.9    8.3    1.1   3.2    6.9    7.9
SWIFTJ1512.8-0906      7.8   70.0    7.9  16.2   58.7   67.1
SWIFTJ1513.8-8125      9.9   29.9   11.3  10.1   24.9   28.5
SWIFTJ1515.0+4205      5.1   20.1   10.1   7.8   18.5   21.1
SWIFTJ1519.6+6538      1.5   13.2    2.2   5.1   11.8   13.5
SWIFTJ1521.8+0334      2.7   15.4    2.7   6.0   12.7   14.5
SWIFTJ1523.5+6340      4.2    8.3    4.2   3.4    7.0    8.0
SWIFTJ1530.0-1300      5.9   15.5    5.9   5.9   13.5   15.4
SWIFTJ1533.2-0836     10.2   32.7   14.8  12.5   28.8   32.9
SWIFTJ1535.8-5749      4.9   23.4   12.1  22.9   51.1   58.4
SWIFTJ1535.9+5751      7.4   23.3    7.5   9.3   19.2   21.9
SWIFTJ1542.0-1410      3.7   14.3    3.5   6.1    9.9   11.3
SWIFTJ1546.3+6928      1.0   13.9    3.6   5.1   13.8   15.8
SWIFTJ1547.5+2050      7.3    7.8    7.3   4.0    7.4    8.5
SWIFTJ1548.5-1344     14.0   43.7   14.9  16.1   36.8   42.0
SWIFTJ1553.6+2347      3.1   10.4    3.2   4.6    8.7    9.9
SWIFTJ1553.6+2606      1.1   10.0    1.1   3.8    7.5    8.6
SWIFTJ1557.8-7913      5.7   14.9    8.5   6.1   15.8   18.1
SWIFTJ1605.9-7250      3.2   25.4    6.4  10.9   24.7   28.2
SWIFTJ1607.2+4834      3.6   13.5    3.6   3.4   10.0   11.4
SWIFTJ1607.4+8502      4.3   13.3    4.3   4.0   11.4   13.0
SWIFTJ1613.2-6043      4.8   32.2    4.8  12.3   29.0   33.1
SWIFTJ1614.0+6544      3.7   12.4    3.6   4.8   10.8   12.3
SWIFTJ1617.8+3223      7.0   23.3    7.5   6.8   18.9   21.6
SWIFTJ1618.7-5930      5.3   21.4    5.4   6.3   18.7   21.4
SWIFTJ1621.2+8104      5.0   22.7    9.8   7.7   20.3   23.2
SWIFTJ1625.9+4349      3.1   13.2    3.8   4.4   13.6   15.5
SWIFTJ1626.5-2951      2.0   19.1    1.9   5.2   16.5   18.9
SWIFTJ1626.7+8530      5.6   13.0    5.6   4.2   10.6   12.1
SWIFTJ1628.1+5145      7.1   43.4   15.7  18.6   40.7   46.5
SWIFTJ1629.9+6722      5.0   14.0    5.0   3.5    9.2   10.5
SWIFTJ1630.5+3925      1.2   12.8   12.6   5.2   12.4   14.2
SWIFTJ1631.7+2353      2.0    9.5    2.1   4.3    8.3    9.5
SWIFTJ1635.0-5804      0.5   28.2   24.8  11.3   28.1   32.1
SWIFTJ1643.1+3951      3.6   23.0    3.6   4.9   18.1   20.7
SWIFTJ1643.2+7036      0.2   11.7   13.4  11.4   31.9   36.5
SWIFTJ1648.0-3037     11.9   45.7   12.3  16.4   38.7   44.2
SWIFTJ1650.5+0434      3.8   24.5    5.0   8.0   20.1   23.0
SWIFTJ1652.0-5915A     2.2   19.5  671.3 400.1  976.5 1115.8
SWIFTJ1652.0-5915B     2.6   20.2    2.9   7.0   18.1   20.7
SWIFTJ1652.3+5554      4.5   15.1    6.4   6.3   13.6   15.5
SWIFTJ1652.9+0223      2.0   72.2  411.1 128.9  304.7  348.2
SWIFTJ1653.2+2352      2.0   11.4    4.3   5.5   10.5   12.0
SWIFTJ1654.0+3946     51.5   44.3   51.3  18.5   40.8   46.6
SWIFTJ1656.1-5200     17.8   45.5   18.3  16.7   40.0   45.7
SWIFTJ1656.3-3302      5.3   62.5    5.1  16.8   49.7   56.8
SWIFTJ1708.6+2155      3.4   10.1    3.4   3.7   10.3   11.8
SWIFTJ1717.1-6249      8.6   99.4   23.0  43.6   94.0  107.4
SWIFTJ1719.7+4900      4.9   18.2    5.0   7.3   15.1   17.3
SWIFTJ1721.7+4316      2.8   13.2    2.8   4.3   11.0   12.6
SWIFTJ1723.2+3418      8.5   18.8    8.5   7.8   16.3   18.6
SWIFTJ1723.5+3630      8.4   20.1    7.6   6.1   15.1   17.3
SWIFTJ1731.3+1442      2.3   11.5    2.3   4.7    9.6   11.0
SWIFTJ1733.3+3635      1.9   16.3    2.0   4.5   14.2   16.2
SWIFTJ1737.5-2908     51.9  115.9   72.2  45.3  103.1  117.8
SWIFTJ1737.7-5956B     6.9   22.5    6.4   7.5   19.1   21.8
SWIFTJ1741.9-1211     12.3   44.5   33.3  16.0   40.2   45.9
SWIFTJ1742.1-6054      4.1   10.7    4.1   3.0    8.1    9.3
SWIFTJ1742.2+1833      4.6   12.0    4.7   3.9   10.6   12.1
SWIFTJ1743.4+6253      1.5   10.1    2.9   3.5    7.4    8.5
SWIFTJ1745.4+2906      7.2   21.1    7.3   7.4   18.3   20.9
SWIFTJ1747.7-2253      1.8   18.1    2.0   7.2   17.9   20.5
SWIFTJ1747.8+6837A     0.6    4.8    0.6   1.8    3.4    3.9
SWIFTJ1747.8+6837B     2.0    5.2    2.0   2.2    4.4    5.0
SWIFTJ1748.8-3257     13.8   36.7   14.6  13.2   33.2   37.9
SWIFTJ1751.8-6019      3.1   15.0    7.2   5.8   14.7   16.8
SWIFTJ1800.3+6637      0.7   19.2   11.6   8.9   24.6   28.1
SWIFTJ1802.8-1455      6.0   40.3    6.3  13.8   34.3   39.2
SWIFTJ1807.9+1124      6.4   24.7    6.6   6.8   20.0   22.9
SWIFTJ1816.0+4236      4.9   19.2    5.7   6.8   15.2   17.4
SWIFTJ1821.6+5953      1.9   14.4    3.3   3.8   11.5   13.1
SWIFTJ1822.0+6421     15.2   18.9   19.7   8.0   17.4   19.9
SWIFTJ1824.2+1845      3.5   18.2    4.1   6.2   15.1   17.3
SWIFTJ1824.3-5624      7.8   42.5   17.2  17.1   38.9   44.4
SWIFTJ1825.7+7215      1.3    8.5    2.5   3.4    7.5    8.6
SWIFTJ1826.1-0710      9.2   21.0   10.0   8.7   18.1   20.7
SWIFTJ1826.8+3254      4.7   18.0    9.0   6.4   16.7   19.1
SWIFTJ1829.4+4846      3.7   18.2    3.8   4.1   12.5   14.3
SWIFTJ1830.8+0928      0.4    3.1    0.8   1.4    3.4    3.9
SWIFTJ1833.7-2105     10.9   85.4   11.8  19.7   76.7   87.6
SWIFTJ1835.0+3240     37.8   86.3   49.4  26.2   65.6   75.0
SWIFTJ1836.9-5924     24.5   14.2   26.8   5.9   13.9   15.9
SWIFTJ1838.4-6524     22.3  111.7   60.5  50.4  105.9  121.0
SWIFTJ1842.0+7945     42.6  101.2   44.4  36.6   88.5  101.1
SWIFTJ1844.5-6221     24.4   40.4   28.3  16.1   34.5   39.4
SWIFTJ1845.4+7211      3.9   11.5    4.7   5.0    9.9   11.3
SWIFTJ1848.0-7832      6.2   16.6    6.2   6.7   14.2   16.2
SWIFTJ1856.1+1539     11.8   30.2   12.3  12.5   26.7   30.5
SWIFTJ1856.2-7829      8.5   24.2    9.2   8.6   20.6   23.5
SWIFTJ1856.5-7851      1.7   11.0    1.7   3.8    9.2   10.5
SWIFTJ1856.6-5443      8.1   15.6    8.1   6.0   14.2   16.2
SWIFTJ1903.9+3349      4.6   19.7    7.9   6.3   16.9   19.3
SWIFTJ1905.4+4231      2.8   11.1    2.8   4.7    9.1   10.4
SWIFTJ1913.3-5010      2.7   19.3    8.4   6.6   17.5   20.0
SWIFTJ1919.4-2958      7.4   15.5    7.4   7.3   13.2   15.1
SWIFTJ1921.1-5842     21.7   54.4   21.9  21.3   46.8   53.5
SWIFTJ1925.0+5041      7.8   10.4    7.3   4.5    8.5    9.7
SWIFTJ1926.9+4140      5.5   13.0    5.6   5.6   11.5   13.1
SWIFTJ1928.0+7356      5.7   12.5    5.6   4.4   12.0   13.7
SWIFTJ1930.5+3414      2.3   27.4    9.7  12.2   27.2   31.1
SWIFTJ1933.9+3258     12.8   21.0   15.4   8.2   18.5   21.1
SWIFTJ1937.5-0613     23.2   23.2   23.9  11.6   21.1   24.1
SWIFTJ1938.1-5108      9.2   15.1    9.3   6.6   12.9   14.7
SWIFTJ1940.4-3015     11.5   21.6   11.6   8.1   18.4   21.0
SWIFTJ1942.6-1024     23.4   77.3   27.7  27.7   66.1   75.5
SWIFTJ1943.5+2120     17.0   28.3   18.7  10.4   26.9   30.7
SWIFTJ1947.3+4447      7.6   24.0   11.7  10.1   21.4   24.5
SWIFTJ1952.4+0237      2.5   34.3   14.8  14.3   39.7   45.4
SWIFTJ1959.4+4044     22.0  137.6   32.1  49.3  120.7  137.9
SWIFTJ1959.6+6507     93.2   34.3   91.5  15.2   34.7   39.6
SWIFTJ2001.0-1811      5.1   20.9    6.3   8.1   16.2   18.5
SWIFTJ2006.5+5619      1.9   10.2    8.8   5.1   11.5   13.1
SWIFTJ2007.0-3433      5.7   17.9    5.5   7.6   15.4   17.6
SWIFTJ2009.0-6103     23.3   53.2   25.6  20.1   44.2   50.5
SWIFTJ2009.6-4851     11.6   10.4   11.5   2.9    6.7    7.7
SWIFTJ2010.6-2521      2.1   14.7    2.1   4.4   14.8   16.9
SWIFTJ2010.7+4801      1.1   13.3    1.8   4.4   11.6   13.3
SWIFTJ2011.5-1544      3.8   19.2    3.8   5.2   16.7   19.1
SWIFTJ2015.2+2526      0.4   15.5   78.6  27.0   64.4   73.6
SWIFTJ2015.9+3715      4.8   19.2    5.6   6.0   18.0   20.6
SWIFTJ2018.4-5539      3.6   32.2   12.6  13.2   32.8   37.5
SWIFTJ2018.8+4041      5.1   28.5    7.7  10.6   24.3   27.8
SWIFTJ2021.9+4400      2.8   13.7    5.6   5.0   12.1   13.8
SWIFTJ2027.1-0220      1.4   12.6   15.7   7.9   19.4   22.2
SWIFTJ2028.5+2543D1    0.4   77.8   13.9   9.7   24.4   27.9
SWIFTJ2028.5+2543D2    2.6   77.8   31.6  43.2   55.9   63.9
SWIFTJ2029.4-6149      3.8   15.6    3.7   5.0   11.7   13.4
SWIFTJ2030.2-7532      3.4   12.1    6.6   5.0   10.8   12.3
SWIFTJ2033.4+2147     14.6   31.1   15.3  11.6   26.6   30.4
SWIFTJ2035.2+2604      5.2   11.3    5.4   4.6    9.5   10.9
SWIFTJ2035.6-5013      1.2   11.5    2.3   4.4    9.8   11.2
SWIFTJ2040.2-5126      0.7   11.1    2.8   5.7   12.8   14.6
SWIFTJ2042.3+7507     24.4   51.2   26.6  20.0   44.8   51.2
SWIFTJ2044.0+2832      7.2   18.3    7.4   7.3   15.9   18.2
SWIFTJ2044.2-1045     35.3   96.2   44.1  36.0   83.3   95.2
SWIFTJ2052.0-5704      8.3   72.6   41.1  31.1   77.1   88.1
SWIFTJ2056.0-4713      2.5   16.1    2.5   3.9   12.8   14.6
SWIFTJ2102.6-2810      0.4   17.3   17.8  10.3   26.7   30.5
SWIFTJ2109.1-0942      9.6   19.8    9.8   9.5   17.2   19.7
SWIFTJ2109.2+3531      4.1   10.8    4.2   5.2    9.4   10.7
SWIFTJ2114.4+8206     12.8   35.8   12.9  12.2   30.8   35.2
SWIFTJ2116.3+2512      3.4    9.2    3.4   3.9    7.9    9.0
SWIFTJ2117.5+5139      7.8   29.6   10.2   9.7   26.0   29.7
SWIFTJ2118.9+3336      6.0   13.1    6.1   5.6   10.9   12.5
SWIFTJ2123.6+2506      3.6   15.7    5.8   6.2   15.0   17.1
SWIFTJ2124.6+5057     60.8  200.5   97.0  77.3  190.2  217.3
SWIFTJ2127.4+5654     23.5   37.3   25.2  16.7   32.3   36.9
SWIFTJ2129.1-1538      8.5   27.4    8.4   8.4   22.7   25.9
SWIFTJ2132.0-3343     12.5   42.7   12.6  14.4   37.1   42.4
SWIFTJ2134.9-2729      4.5   17.2    4.6   6.3   14.9   17.0
SWIFTJ2135.5-6222     10.2   29.3   10.2  11.1   25.6   29.3
SWIFTJ2136.8-6444      4.0   12.2    8.8   3.7    9.1   10.4
SWIFTJ2137.8-1433      5.4   15.2    5.4   5.1   12.3   14.1
SWIFTJ2138.8-3207      2.6   17.9    2.6   6.9   14.4   16.5
SWIFTJ2139.7+5951      7.0   10.5    7.5   4.8    9.8   11.2
SWIFTJ2145.5+1101      2.6   12.7    2.6   4.5   10.6   12.1
SWIFTJ2148.0+0657      4.8   22.6    4.8   6.9   22.2   25.4
SWIFTJ2148.3-3454      0.3   16.2    2.3   5.6   14.3   16.3
SWIFTJ2150.2-1855      4.5   10.0    4.5   3.9    8.8   10.1
SWIFTJ2152.0-3030     11.5   83.4   11.4  21.3   70.0   80.0
SWIFTJ2156.1+4728      8.9   22.2    9.3   8.8   19.3   22.1
SWIFTJ2156.2+1724      1.9   12.8    4.7   4.8   12.1   13.8
SWIFTJ2157.2-6942      6.1   14.2    6.1   5.1   13.0   14.9
SWIFTJ2157.4-0615      8.3   13.0    8.3   5.5   11.7   13.4
SWIFTJ2200.9+1032      9.6   30.6   11.2  11.6   26.3   30.1
SWIFTJ2201.9+5057      2.1   13.6    2.1   3.6   12.3   14.1
SWIFTJ2201.9-3152     20.7  170.9   34.1  42.7  108.8  124.3
SWIFTJ2202.8+4218      6.1   27.6    5.9   9.1   23.1   26.4
SWIFTJ2203.0+3146      4.1   14.3    4.1   4.2   12.3   14.1
SWIFTJ2204.7+0337      4.8   18.3    7.2   7.7   15.7   17.9
SWIFTJ2207.3+1013      0.7   11.3  157.5  22.0   53.2   60.8
SWIFTJ2209.1-2747      3.7   17.2    3.7   4.0   10.5   12.0
SWIFTJ2209.4-4711     11.8   42.1   12.1  14.9   36.0   41.1
SWIFTJ2211.7+1843      8.0   17.1    8.0   5.3   13.7   15.7
SWIFTJ2214.2-2557      1.4   13.0    4.2   6.4   13.3   15.2
SWIFTJ2217.0+1413      3.0    9.7    4.3   4.2    8.6    9.8
SWIFTJ2219.7+2614      6.1   16.6    6.3   5.6   16.0   18.3
SWIFTJ2223.8+1143      2.3   14.2    2.1   5.7   11.5   13.1
SWIFTJ2223.9-0207      6.4   42.2   24.4  20.2   48.3   55.2
SWIFTJ2226.8+3628      1.4   19.8    1.4   5.2   15.9   18.2
SWIFTJ2229.7-0831      3.0   19.9    3.0   4.6   15.2   17.4
SWIFTJ2229.9+6646      6.0   22.3    6.5   6.3   18.3   20.9
SWIFTJ2232.5+1141      3.4   24.4    3.4   6.9   24.7   28.2
SWIFTJ2234.8-2542      1.5   13.6    7.5   4.8   13.7   15.7
SWIFTJ2235.9+3358      1.3   36.8   12.1  17.0   44.0   50.3
SWIFTJ2235.9-2602     38.4   52.4   41.8  19.3   42.5   48.6
SWIFTJ2236.7-1233     11.8   30.9   11.7   9.0   26.7   30.5
SWIFTJ2237.0+2543      2.5   10.2    4.8   4.3    9.5   10.9
SWIFTJ2240.2+0801      7.5   16.6    7.5   7.0   14.4   16.5
SWIFTJ2242.4-3711      0.1   10.4   14.4   7.8   20.1   23.0
SWIFTJ2246.0+3941      2.3   32.7    8.7  14.2   30.7   35.1
SWIFTJ2248.7-5109      4.6    9.2    4.6   3.8    8.2    9.4
SWIFTJ2248.8+1725      1.3   11.6    1.5   4.4    9.2   10.5
SWIFTJ2250.7-0854      2.6   11.8    2.7   5.0    9.3   10.6
SWIFTJ2251.8-3210      8.1   11.7    8.1   4.5   10.8   12.3
SWIFTJ2251.9+2215      3.4   11.1    3.5   3.1   11.3   12.9
SWIFTJ2253.9+1608     38.4  132.6   38.1  34.5  109.3  124.9
SWIFTJ2254.1-1734     37.6  102.6   40.5  37.7   87.5  100.0
SWIFTJ2254.2+1147A     0.1   12.6    0.2   4.6   10.0   11.4
SWIFTJ2254.2+1147B     2.9   17.1    7.6   6.7   15.4   17.6
SWIFTJ2256.5+0526      4.1    9.5    4.1   4.5    8.2    9.4
SWIFTJ2258.9+4054      0.9   19.2    6.4   7.8   23.0   26.3
SWIFTJ2259.7+2458     10.4   25.0   10.5   9.5   21.4   24.5
SWIFTJ2301.4-5916      5.8    7.5    5.8   3.4    5.9    6.7
SWIFTJ2302.1+1557      9.7   14.6    9.7   5.3   11.8   13.5
SWIFTJ2303.1-1837      5.5    9.6    5.5   3.5   11.1   12.7
SWIFTJ2303.3+0852     25.4   66.7   26.1  26.9   56.3   64.3
SWIFTJ2304.8-0843     29.6  113.9   29.6  42.5   96.6  110.4
SWIFTJ2304.9+1220      0.3   20.4    8.5   7.1   20.0   22.9
SWIFTJ2307.1+0433      2.8   15.0    2.8   4.6   13.1   15.0
SWIFTJ2307.9+2245      0.2   13.8   10.7   8.0   21.9   25.0
SWIFTJ2308.1+4014      4.0   11.4    4.2   4.1    9.8   11.2
SWIFTJ2318.4-4223      2.3   80.7  507.6 120.0  283.1  323.5
SWIFTJ2318.9+0013     22.3   50.2   22.4  18.7   43.7   49.9
SWIFTJ2320.8+6434      4.3   10.8    4.9   5.0    9.1   10.4
SWIFTJ2322.5-0646      0.9   12.0    4.2   4.7   14.2   16.2
SWIFTJ2325.5-3827      2.5   15.0    2.5   5.6   12.6   14.4
SWIFTJ2325.6+2157      3.2   17.2    3.2   6.2   15.3   17.5
SWIFTJ2327.4+1525      3.7   10.5    3.7   4.4   10.0   11.4
SWIFTJ2327.5+0938      1.8   30.7    1.8   6.4   24.2   27.7
SWIFTJ2328.9+0328      0.3   15.1   47.9  19.9   48.8   55.8
SWIFTJ2330.5+7124      1.4   11.1    2.4   3.7    8.7    9.9
SWIFTJ2333.9-2342      7.1   15.3    7.1   5.3   12.1   13.8
SWIFTJ2341.8+3033      1.1   19.8   12.7  10.4   26.5   30.3
SWIFTJ2343.9+0537      2.4   11.8    8.0   5.0   12.4   14.2
SWIFTJ2344.6-4246      5.4   12.7    7.2   3.6   10.9   12.5
SWIFTJ2346.8+5143     10.5    9.2   11.9   4.0    9.2   10.5
SWIFTJ2351.9-0109      4.6   18.5    4.6   5.4   14.6   16.7
SWIFTJ2352.2+5845      2.7   11.9    3.3   3.9   10.3   11.8
SWIFTJ2352.6-1707      7.0   11.7    7.8   4.2    9.5   10.9
SWIFTJ2359.0-3038     13.8   19.0   13.7   6.7   16.9   19.3
SWIFTJ2359.3-6058      3.5   14.2    6.1   5.2   12.2   13.9
