K1b.1 104.63017980829942 -55.94343598701029 0.3 0.3 0 3.24 25
K1b.2 104.63167480860355 -55.942185987037675 0.3 0.3 0 3.24 25
K1b.3 104.63221780870393 -55.941903987047624 0.3 0.3 0 3.24 25
K1c.1 104.6303128083219 -55.94340298701272 0.3 0.3 0 3.24 25
K1c.2 104.63145380855758 -55.94238798703363 0.3 0.3 0 3.24 25
K1c.3 104.63273280879564 -55.94169698705706 0.3 0.3 0 3.24 25
K1d.1 104.63050580836757 -55.94313198701626 0.3 0.3 0 3.24 25
K1d.2 104.63104880848043 -55.94263698702621 0.3 0.3 0 3.24 25
K1d.3 104.63287780882442 -55.9415879870597 0.3 0.3 0 3.24 25
K1e.1 104.63077580841784 -55.9429859870212 0.3 0.3 0 3.24 25
K1e.2 104.63091580844655 -55.94286498702376 0.3 0.3 0 3.24 25
K1e.3 104.63318980887738 -55.941506987065424 0.3 0.3 0 3.24 25
K2a.1 104.65190881091411 -55.95620398740792 0.3 0.3 0 2.774 25
K2a.2 104.64694481001958 -55.95837598731715 0.3 0.3 0 2.774 25
K2a.3 104.66499981322873 -55.951228987647056 0.3 0.3 0 2.774 25
K2b.1 104.65149781082401 -55.956658987400395 0.3 0.3 0 2.774 25
K2b.2 104.64786881017068 -55.95823598733406 0.3 0.3 0 2.774 25
K2b.3 104.66538481328483 -55.951287987654084 0.3 0.3 0 2.774 25
K2c.1 104.65214281095462 -55.95612998741219 0.3 0.3 0 2.774 25
K2c.2 104.64673080997987 -55.95848898731324 0.3 0.3 0 2.774 25
K2c.3 104.66494281321573 -55.95130098764602 0.3 0.3 0 2.774 25
K3a.1 104.64216780983837 -55.94882198722978 0.3 0.3 0 3.2541 25
K3a.2 104.63955480930707 -55.951001987181954 0.3 0.3 0 3.2541 25
K3a.3 104.65427881197259 -55.944334987451235 0.3 0.3 0 3.2541 25
K3b.1 104.6415728097165 -55.949333987218886 0.3 0.3 0 3.2541 25
K3b.2 104.64062380952497 -55.95010098720151 0.3 0.3 0 3.2541 25
K3b.3 104.65468281203994 -55.944250987458624 0.3 0.3 0 3.2541 25
K4a.1 104.65841881224733 -55.950604987526866 0.3 0.3 0 2.7768 25
K4a.2 104.6551658116761 -55.95177498746744 0.3 0.3 0 2.7768 25
K4a.3 104.63900280880272 -55.95817698717185 0.3 0.3 0 2.7768 25
K4b.1 104.65786181214862 -55.9508209875167 0.3 0.3 0 2.7768 25
K4b.2 104.65657281191362 -55.95143298749316 0.3 0.3 0 2.7768 25
K4b.3 104.63871180875192 -55.95827598716652 0.3 0.3 0 2.7768 25
K4c.1 104.65880981231604 -55.950463987534015 0.3 0.3 0 2.7768 25
K4c.2 104.65433681153675 -55.95196598745229 0.3 0.3 0 2.7768 25
K4c.3 104.63921180883985 -55.95809498717566 0.3 0.3 0 2.7768 25
K4d.1 104.65924781239111 -55.95033798754202 0.3 0.3 0 2.7768 25
K4d.2 104.65374781143035 -55.95222898744152 0.3 0.3 0 2.7768 25
K4d.3 104.6395408088968 -55.95799098718169 0.3 0.3 0 2.7768 25
K5.1 104.6378748087405 -55.956254987151205 0.3 0.3 0 2.661 25
K5.2 104.65189781127579 -55.94997298740772 0.3 0.3 0 2.661 25
K5.3 104.65547881190327 -55.94870798747317 0.3 0.3 0 2.661 25
K6.1 104.65021681082017 -55.95332798737698 0.3 0.3 0 1.411 25
K6.2 104.64567981002071 -55.95500398729402 0.3 0.3 0 1.411 25
K6.3 104.65959381245999 -55.950073987548336 0.3 0.3 0 1.411 25
K7a.1 104.64400381010749 -55.94907498726336 0.3 0.3 0 1.621 25
K7a.2 104.64254180980348 -55.95041098723661 0.3 0.3 0 1.621 25
K7b.1 104.64432181017372 -55.948782987269176 0.3 0.3 0 1.621 25
K7b.2 104.64208880971188 -55.95077998722832 0.3 0.3 0 1.621 25
K8a.1 104.65745181223377 -55.94827198750921 0.3 0.3 0 3.26 25
K8a.2 104.65109081112423 -55.95043198739296 0.3 0.3 0 3.26 25
K8a.3 104.63791280874055 -55.9563549871519 0.3 0.3 0 3.26 25
K8b.1 104.65725181218849 -55.94851798750556 0.3 0.3 0 3.26 25
K8b.2 104.651520811193 -55.950392987400825 0.3 0.3 0 3.26 25
K8b.3 104.63782680871505 -55.956563987150325 0.3 0.3 0 3.26 25
K9a.1 104.64949781105828 -55.94733898736384 0.3 0.3 0 2.525 25
K9a.2 104.64843181088055 -55.94755998734435 0.3 0.3 0 2.525 25
K9b.1 104.64922681101584 -55.94734798735888 0.3 0.3 0 2.525 25
K9b.2 104.64863181091627 -55.947477987348 0.3 0.3 0 2.525 25
K10a.1 104.56306279815627 -55.93950298577664 0.3 0.3 0 2.993 25
K10a.2 104.56122179768983 -55.94259698574269 0.3 0.3 0 2.993 25
K10a.3 104.56181679749051 -55.94754898575367 0.3 0.3 0 2.993 25
K10b.1 104.56292879812274 -55.93972098577417 0.3 0.3 0 2.993 25
K10b.2 104.5613217977181 -55.94237898574454 0.3 0.3 0 2.993 25
K10b.3 104.56188379749312 -55.94768098575489 0.3 0.3 0 2.993 25
K11.1 104.5618077975762 -55.946068985753506 0.3 0.3 0 2.592 25
K11.2 104.56142679762651 -55.94421198574648 0.3 0.3 0 2.592 25
K11.3 104.56468079848919 -55.93809298580648 0.3 0.3 0 2.592 25
K12a.1 104.57024279900183 -55.943995985909005 0.3 0.3 0 1.602 25
K12a.2 104.5690437987009 -55.94596298588691 0.3 0.3 0 1.602 25
K12a.3 104.56978279924121 -55.93871198590053 0.3 0.3 0 1.602 25
K12b.1 104.57042579902 -55.94416798591238 0.3 0.3 0 1.602 25
K12b.2 104.56938279876407 -55.945779985893154 0.3 0.3 0 1.602 25
K12b.3 104.57005579928641 -55.938660985905564 0.3 0.3 0 1.602 25
K13a.1 104.56569679854584 -55.93979998582521 0.3 0.3 0 3.517 25
K13a.2 104.56411079817593 -55.94192298579596 0.3 0.3 0 3.517 25
K13a.3 104.56466679787225 -55.94854898580622 0.3 0.3 0 3.517 25
K13b.1 104.56590079859531 -55.93949498582897 0.3 0.3 0 3.517 25
K13b.2 104.56390079812485 -55.94223998579209 0.3 0.3 0 3.517 25
K14a.1 104.5639357979471 -55.94535498579275 0.3 0.3 0 1.861 25
K14a.2 104.56370879794183 -55.94484798578856 0.3 0.3 0 1.861 25
K14a.3 104.56623779872643 -55.93814998583518 0.3 0.3 0 1.861 25
K14b.1 104.5638907979513 -55.945164985791905 0.3 0.3 0 1.861 25
K14b.2 104.563821797949 -55.94502298579065 0.3 0.3 0 1.861 25
K15.1 104.63751780954243 -55.94157498714466 0.3 0.3 0 3.537 25
K15.2 104.63535880914183 -55.942719987105136 0.3 0.3 0 3.537 25
K15.3 104.63250580854734 -55.94534798705289 0.3 0.3 0 3.537 25
N1.1 104.65312781126163 -55.9534779874302 0.3 0.3 0 1.852 25
N1.2 104.66031781251864 -55.95098898756155 0.3 0.3 0 1.852 25
N1.3 104.64280580941912 -55.95769498724144 0.3 0.3 0 1.852 25
N2a.1 104.66427281296691 -55.95379398763378 0.3 0.3 0 2.128 25
N2a.2 104.64639980980886 -55.96054198730719 0.3 0.3 0 2.128 25
N2a.3 104.65876481187546 -55.9579039875332 0.3 0.3 0 2.128 25
N2b.1 104.66436381296617 -55.95404798763544 0.3 0.3 0 2.128 25
N2b.2 104.6464978098128 -55.96073398730898 0.3 0.3 0 2.128 25
N2b.3 104.6588518118789 -55.95807598753478 0.3 0.3 0 2.128 25
N3a.1 104.56546679811612 -55.94650498582097 0.3 0.3 0 2.547 25
N3a.2 104.56762679898408 -55.9374179858608 0.3 0.3 0 2.547 25
N3a.3 104.56443579810023 -55.94406498580197 0.3 0.3 0 2.547 25
N3b.1 104.56541279811266 -55.94642198581998 0.3 0.3 0 2.547 25
N3b.2 104.56763279898865 -55.937355985860904 0.3 0.3 0 2.547 25
N3b.3 104.56441479809175 -55.94415398580158 0.3 0.3 0 2.547 25
N4.1 104.56200779798736 -55.9396029857572 0.3 0.3 0 2.587 25
N4.2 104.56037879754425 -55.94285698572715 0.3 0.3 0 2.587 25
N4.3 104.56057279733741 -55.94688298573073 0.3 0.3 0 2.587 25
N5a.1 104.64029780924794 -55.95398298719555 0.3 0.3 0 3.252 25
N5a.3 104.6589968125773 -55.94647598753743 0.3 0.3 0 3.252 25
N5b.1 104.64108980939686 -55.95352998721005 0.3 0.3 0 3.252 25
N5b.3 104.65933281263396 -55.94639498754357 0.3 0.3 0 3.252 25
N6.1 104.57098779945844 -55.93818398592274 0.3 0.3 0 3.892 25
N6.2 104.57180779932321 -55.94264298593785 0.3 0.3 0 3.892 25
N6.3 104.56849579848345 -55.94822098587681 0.3 0.3 0 3.892 25
N7a.1 104.66044381255251 -55.950741987563866 0.3 0.3 0 4.345 25
N7a.2 104.65446981150771 -55.95281698745472 0.3 0.3 0 4.345 25
N7a.3 104.63844480865772 -55.95918198716163 0.3 0.3 0 4.345 25
N7b.1 104.66021581253672 -55.95040798755969 0.3 0.3 0 4.345 25
N7b.2 104.65413681146904 -55.952596987448636 0.3 0.3 0 4.345 25
N7b.3 104.6382318086393 -55.95893298715774 0.3 0.3 0 4.345 25
N8a.1 104.66133981218374 -55.95944898758023 0.3 0.3 0 5.09 25
N8a.2 104.66589281308974 -55.955986987663366 0.3 0.3 0 5.09 25
N8a.3 104.64496180942551 -55.96329798728089 0.3 0.3 0 5.09 25
N8b.1 104.66128481218018 -55.95936398757923 0.3 0.3 0 5.09 25
N8b.2 104.66581881308412 -55.955886987662005 0.3 0.3 0 5.09 25
N8b.3 104.6448198094072 -55.96323498727828 0.3 0.3 0 5.09 25
N9a.1 104.65338781087617 -55.96077698743495 0.3 0.3 0 6.64 25
N9a.2 104.65109581049592 -55.961216987393044 0.3 0.3 0 6.64 25
N9b.1 104.6541498110025 -55.96063198744887 0.3 0.3 0 6.64 25
N9b.2 104.6503688103761 -55.961342987379766 0.3 0.3 0 6.64 25
N10.1 104.65696781175578 -55.955188987500364 0.3 0.3 0 1.471 25
N10.2 104.66096581242944 -55.95423998757339 0.3 0.3 0 1.471 25
N10.3 104.64614480981301 -55.95979498730252 0.3 0.3 0 1.471 25
N11.1 104.66129681242371 -55.95521698757944 0.3 0.3 0 0.897 25
N11.2 104.65323381099326 -55.95836098743214 0.3 0.3 0 0.897 25
N12.1 104.6564658117658 -55.95368498749121 0.3 0.3 0 2.575 25
N12.2 104.66002581237636 -55.95265598755624 0.3 0.3 0 2.575 25
