#REFERENCE 3 104.6587124 -55.9571457
   #ID       X         Y         R       EPS       TAU       AMP       E_AMP      DMAG  TIME[days]  DTIME    PARITY
 N11.2    -4.530     6.366     7.814     0.658     0.875     5.809     0.047      1.91  -399848.2       0.0    ++
 N11.2    11.041    -4.375    11.876     0.000     0.000     9.586     0.182      2.45  -399989.2    -141.1    ++
 N11.1     9.518    -3.328    10.083     0.728     1.060    11.169     0.314      2.62  -400031.5    -183.4    ++
 N11.1     2.744     3.229     4.238     0.101     0.102     6.025     0.178      1.95  -399825.3      22.9    +-
 N11.1    -5.209     6.943     8.680     0.000     0.000     5.125     0.039      1.77  -400246.9    -398.7    ++
  K6.3    26.855     7.405    27.857     0.893     1.989    13.321     0.269      2.81  -395216.4       0.0    ++
  K6.3    16.957    14.678    22.427     0.852     1.624    11.485     0.298      2.65  -395060.0     156.3    +-
  K6.3    -1.777    25.458    25.520     0.000     0.000     4.654     0.028      1.67  -396509.8   -1293.4    ++
  K6.2    -2.176    25.340    25.433     0.969     3.924     4.546     0.027      1.64  -396742.3   -1525.9    ++
  K6.2    17.606    13.990    22.487     0.960     3.422    12.692     0.335      2.76  -395149.6      66.8    +-
  K6.2    26.266     7.708    27.374     0.000     0.000    23.758     1.030      3.44  -395236.1     -19.7    ++
  K6.1    26.610     6.259    27.337     0.914     2.259    10.747     0.160      2.58  -395311.8     -95.4    ++
  K6.1    -2.369    24.809    24.922     0.847     1.592     4.552     0.027      1.65  -396741.9   -1525.5    ++
  K6.1    17.123    13.743    21.956     0.000     0.000    11.152     0.266      2.62  -395191.1      25.3    +-
 N10.3     3.407     6.408     7.257     0.092     0.093     4.236     0.101      1.57  -396521.5       0.0    +-
 N10.3    -5.112    10.394    11.583     0.023     0.023     6.687     0.062      2.06  -396797.9    -276.5    ++
 N10.3    25.326    -9.540    27.063     0.000     0.000     4.846     0.039      1.71  -399044.8   -2523.3    ++
 N10.2    25.791    -9.472    27.476     0.109     0.109     4.780     0.038      1.70  -399003.6   -2482.2    ++
 N10.2     3.261     6.839     7.577     0.094     0.094     4.684     0.111      1.68  -396308.1     213.4    +-
 N10.2    -4.542    10.461    11.404     0.000     0.000     7.161     0.069      2.14  -396517.9       3.6    ++
 N10.1    25.899    -9.131    27.462     0.201     0.205     4.799     0.038      1.70  -398878.4   -2356.9    ++
 N10.1    -4.418    10.852    11.717     0.105     0.106     7.078     0.067      2.12  -396457.0      64.5    ++
 N10.1     3.516     7.044     7.873     0.000     0.000     4.847     0.110      1.71  -396243.4     278.1    +-
K12b.3   179.901    40.173   184.331     0.843     1.567    13.960     0.794      2.86  -509663.4       0.0    ++
K12b.3   177.693    46.353   183.639     0.842     1.558    13.568     0.844      2.83  -509640.7      22.7    +-
K12b.3   178.757    66.431   190.702     0.000     0.000     4.161     0.138      1.55  -511116.1   -1452.7    ++
K12b.2   179.100    66.639   191.096     0.985     5.759     4.157     0.137      1.55  -511512.9   -1849.5    ++
K12b.2   178.141    45.929   183.967     0.894     2.001    15.532     0.926      2.98  -509940.0    -276.6    +-
K12b.2   180.081    40.800   184.645     0.000     0.000    35.784     5.355      3.88  -509951.4    -288.0    ++
K12b.1   179.101    66.425   191.022     0.793     1.301     4.099     0.136      1.53  -511419.5   -1756.1    ++
K12b.1   180.284    39.992   184.667     0.329     0.349    10.196     0.477      2.52  -509975.3    -311.9    ++
K12b.1   177.986    46.606   183.987     0.000     0.000    12.160     0.679      2.71  -509935.5    -272.1    +-
K12a.3   178.088    47.199   184.236     0.682     0.932    10.363     0.530      2.54  -510111.1       0.0    +-
K12a.3   180.585    39.544   184.864     0.583     0.717     7.845     0.321      2.24  -510207.5     -96.4    ++
K12a.3   179.307    66.246   191.154     0.000     0.000     4.044     0.134      1.52  -511529.9   -1418.8    ++
K12a.2   179.590    66.620   191.548     0.767     1.194     4.030     0.134      1.51  -511944.8   -1833.7    ++
K12a.2   178.540    46.462   184.486     0.426     0.471    12.080     0.591      2.71  -510375.1    -264.0    +-
K12a.1   179.553    66.297   191.402     0.640     0.834     4.004     0.133      1.51  -511779.8   -1668.7    ++
K12a.1   178.356    47.225   184.502     0.000     0.000    10.117     0.482      2.51  -510335.0    -223.9    +-
 K7b.2    13.308    40.568    42.695     0.763     1.181     8.181     0.102      2.28  -395548.5       0.0    ++
 K7b.2    29.065    30.306    41.991     0.052     0.052     8.884     0.535      2.37  -394612.7     935.8    +-
 K7b.2    33.507    22.913    40.592     0.000     0.000    13.549     0.358      2.83  -394698.2     850.4    ++
 K7b.1    13.006    40.577    42.610     0.736     1.088     8.412     0.112      2.31  -395592.0     -43.4    ++
 K7b.1    33.253    22.955    40.407     0.076     0.076    13.939     0.385      2.86  -394690.8     857.8    ++
 K7b.1    29.008    30.103    41.805     0.000     0.000     9.042     0.544      2.39  -394614.9     933.6    +-
 K7a.2    12.657    41.108    43.012     0.886     1.912     8.474     0.121      2.32  -395820.9       0.0    ++
 K7a.2    29.735    29.153    41.642     0.102     0.102    13.907     0.736      2.86  -394710.2    1110.6    +-
 K7a.2    32.595    24.241    40.621     0.000     0.000    18.487     0.650      3.17  -394729.8    1091.1    ++
 K7a.1    12.446    41.098    42.941     0.897     2.026     8.742     0.135      2.35  -395847.9     -27.0    ++
 K7a.1    32.439    24.220    40.483     0.116     0.117    18.752     0.670      3.18  -394724.6    1096.3    ++
 K7a.1    29.649    29.052    41.510     0.000     0.000    14.053     0.740      2.87  -394705.5    1115.3    +-
  N1.3    10.150    14.156    17.419     0.283     0.295     6.552     0.090      2.04  -394121.0       0.0    +-
  N1.3    -2.081    21.187    21.289     0.116     0.116     6.159     0.044      1.97  -394636.7    -515.8    ++
  N1.3    32.056    -1.981    32.118     0.000     0.000     5.247     0.038      1.80  -396555.2   -2434.2    ++
  N1.2    11.744    13.518    17.907     0.307     0.322     6.577     0.078      2.05  -394515.7    -394.7    +-
  N1.2    30.930    -1.054    30.948     0.098     0.098     5.547     0.041      1.86  -396305.0   -2184.0    ++
  N1.2    -3.236    22.164    22.399     0.000     0.000     5.351     0.036      1.82  -395416.0   -1295.1    ++
  N1.1    -3.229    21.568    21.808     0.273     0.284     5.462     0.037      1.84  -395333.0   -1212.0    ++
  N1.1    30.952    -1.639    30.995     0.226     0.232     5.466     0.040      1.84  -396443.2   -2322.2    ++
  N1.1    11.256    13.203    17.350     0.000     0.000     6.904     0.087      2.10  -394507.8    -386.8    +-
K14b.2   186.313    68.504   198.508     1.000    35.404     3.327     0.093      1.31  -519519.9       0.0    ++
K14b.1   186.304    68.498   198.497     0.995    10.402     3.328     0.094      1.31  -519503.5      16.4    ++
K14a.3   186.458    68.260   198.560     0.000     0.000     3.379     0.096      1.32  -519529.5       0.0    ++
K14a.2   186.396    68.421   198.557     0.983     5.278     3.345     0.094      1.31  -519566.3     -36.8    ++
K14a.1   186.393    68.375   198.538     0.970     4.009     3.354     0.095      1.31  -519528.6       0.9    ++
 N2b.3     2.930     2.858     4.093     0.700     0.981     6.121     0.248      1.97  -397536.2       0.0    +-
 N2b.3    24.915   -12.555    27.900     0.422     0.466     5.506     0.054      1.85  -399669.1   -2132.9    ++
 N2b.3   -10.831    10.887    15.357     0.213     0.218     5.025     0.044      1.75  -398918.3   -1382.1    ++
 N2b.3    -0.281    -3.349     3.361     0.000     0.000     3.737     0.123      1.43  -397574.6     -38.4    +-
 N2b.2     1.767     1.538     2.343     0.920     2.349     4.902     0.196      1.73  -397698.1    -161.9    +-
 N2b.2   -11.071    10.399    15.189     0.529     0.623     5.039     0.045      1.76  -399092.7   -1556.5    ++
 N2b.2    -0.310    -3.827     3.839     0.339     0.360     4.524     0.136      1.64  -397795.3    -259.2    +-
 N2b.2    24.614   -12.920    27.799     0.000     0.000     5.522     0.055      1.86  -399832.2   -2296.0    ++
 N2b.1     2.593     1.919     3.226     0.900     2.068    11.844     0.968      2.68  -397806.5    -270.3    +-
 N2b.1    24.104   -12.276    27.050     0.535     0.633     5.721     0.057      1.89  -399605.0   -2068.8    ++
 N2b.1     0.273    -3.458     3.469     0.170     0.172     4.195     0.133      1.56  -397855.9    -319.7    +-
 N2b.1   -11.390    11.151    15.940     0.000     0.000     4.831     0.041      1.71  -399403.3   -1867.1    ++
 N2a.3    25.104   -11.946    27.801     0.562     0.679     5.547     0.054      1.86  -399438.7       0.0    ++
 N2a.3     3.697     3.206     4.893     0.454     0.510     4.397     0.124      1.61  -397395.1    2043.6    +-
 N2a.3   -10.648    11.652    15.784     0.205     0.210     4.949     0.042      1.74  -398833.1     605.6    ++
 N2a.2     3.265     2.873     4.349     0.705     0.994     5.369     0.184      1.82  -397538.3    1900.4    +-
 N2a.2   -10.885    11.278    15.674     0.498     0.575     4.945     0.042      1.74  -398985.2     453.6    ++
 N2a.2    24.812   -12.229    27.662     0.000     0.000     5.570     0.055      1.86  -399556.3    -117.5    ++
 N2a.1     3.814     2.564     4.596     0.582     0.716     5.818     0.175      1.91  -397646.0    1792.7    +-
 N2a.1    24.286   -11.533    26.885     0.504     0.584     5.785     0.057      1.91  -399316.4     122.3    ++
 N2a.1   -11.207    12.066    16.468     0.000     0.000     4.745     0.039      1.69  -399334.3     104.4    ++
 K9b.2    43.807     7.574    44.457     0.994     8.967     5.226     0.050      1.80  -395778.6       0.0    ++
 K9b.2    19.630    34.989    40.119     0.400     0.436   191.481   356.861      5.71  -392213.1    3565.5    ++
 K9b.2    20.321    34.803    40.301     0.000     0.000   118.250    11.023      5.18  -392198.0    3580.6    +-
 K9b.1    43.790     7.708    44.463     0.982     5.201     5.247     0.051      1.80  -395759.3      19.3    ++
 K9b.1    20.756    34.830    40.546     0.324     0.342    46.829     2.443      4.18  -392235.9    3542.7    +-
 K9b.1    19.122    35.271    40.120     0.000     0.000    69.736     3.996      4.61  -392256.0    3522.7    ++
 K9a.2    43.752     7.428    44.378     0.960     3.412     5.216     0.050      1.79  -395788.3       0.0    ++
 K9a.2    19.039    34.958    39.807     0.469     0.531    74.478     4.084      4.68  -392187.9    3600.5    ++
 K9a.2    20.724    34.507    40.252     0.000     0.000    49.061     2.607      4.23  -392170.9    3617.4    +-
 K9a.1    43.725     7.632    44.387     0.961     3.472     5.247     0.051      1.80  -395758.5      29.9    ++
 K9a.1    21.056    34.643    40.541     0.376     0.406    29.352     1.201      3.67  -392241.4    3546.9    +-
 K9a.1    18.575    35.303    39.891     0.000     0.000    47.121     1.663      4.18  -392247.1    3541.2    ++
 N3b.3   183.916    70.621   197.008     0.483     0.551     3.252     0.091      1.28  -515663.8       0.0    ++
 N3b.2   183.649    71.122   196.940     0.000     0.000     3.184     0.086      1.26  -515713.2     -49.4    ++
 N3b.1   184.003    70.430   197.021     0.605     0.760     3.281     0.092      1.29  -515629.0      34.8    ++
 N3b.1   188.081    38.479   191.977     0.000     0.000     6.770     0.284      2.08  -513274.9    2388.8    ++
 N3a.3   183.870    70.405   196.888     0.451     0.505     3.290     0.093      1.29  -515445.7       0.0    ++
 N3a.3   187.882    38.366   191.759     0.193     0.197     6.626     0.276      2.05  -513119.0    2326.8    ++
 N3a.2   183.661    70.899   196.870     0.000     0.000     3.218     0.088      1.27  -515557.2    -111.4    ++
 N3a.1   183.979    70.247   196.934     0.577     0.707     3.312     0.094      1.30  -515465.3     -19.6    ++
 N3a.1   187.972    38.180   191.810     0.000     0.000     6.407     0.266      2.02  -513237.2    2208.5    ++
 N12.2    35.293    -9.956    36.670     0.268     0.278     4.958     0.046      1.74  -398649.6       0.0    ++
 N12.2     4.931    11.992    12.966     0.086     0.086     7.807     0.122      2.23  -393419.7    5229.9    +-
 N12.2    -2.647    16.163    16.378     0.000     0.000     8.988     0.093      2.38  -393566.7    5082.9    ++
 N12.1    35.695   -10.009    37.072     0.361     0.387     4.942     0.046      1.73  -398685.2     -35.5    ++
 N12.1    -2.006    16.020    16.145     0.074     0.074    10.228     0.116      2.52  -393329.8    5319.9    ++
 N12.1     4.528    12.459    13.256     0.000     0.000     9.055     0.147      2.39  -393235.7    5414.0    +-
  N4.3   195.852    62.888   205.701     0.952     3.104     5.991     0.226      1.94  -524708.2       0.0    ++
  N4.3   198.258    51.684   204.884     0.718     1.032     4.418     0.198      1.61  -524460.9     247.3    +-
  N4.3   197.836    36.806   201.230     0.000     0.000     5.718     0.243      1.89  -525038.5    -330.3    ++
  N4.2   195.618    63.329   205.613     0.787     1.276     5.505     0.200      1.85  -524710.1      -1.9    ++
  N4.2   197.867    37.216   201.336     0.760     1.170     6.097     0.265      1.96  -524915.7    -207.5    ++
  N4.2   198.247    51.298   204.777     0.000     0.000     4.309     0.195      1.59  -524406.9     301.3    +-
  N4.1   196.966    36.009   200.231     0.918     2.315     4.585     0.174      1.65  -524058.0     650.2    ++
  N4.1   197.595    51.995   204.322     0.811     1.385     4.494     0.197      1.63  -523381.4    1326.8    +-
  N4.1   194.980    63.018   204.910     0.000     0.000     5.858     0.222      1.92  -523605.2    1103.1    ++
 K11.3   189.598    68.461   201.579     0.000     0.000     4.244     0.143      1.57  -521247.7       0.0    ++
 K11.2   190.216    68.376   202.132     0.856     1.658     5.021     0.178      1.75  -522033.9    -786.2    ++
 K11.1   190.342    67.690   202.020     0.943     2.821     5.600     0.208      1.87  -521670.7    -423.1    ++
  K5.3    12.870    26.213    29.202     0.767     1.197    11.209     0.168      2.62  -391671.4       0.0    +-
  K5.3    42.181     2.363    42.247     0.757     1.157     4.996     0.041      1.75  -396315.9   -4644.6    ++
  K5.3     6.518    30.376    31.067     0.000     0.000    13.556     0.192      2.83  -391737.9     -66.6    ++
  K5.2     5.999    30.992    31.567     0.660     0.879    11.664     0.142      2.67  -392022.7    -351.4    ++
  K5.2    41.917     3.012    42.025     0.200     0.205     5.090     0.042      1.77  -396159.1   -4487.7    ++
  K5.2    13.736    25.821    29.247     0.000     0.000     7.733     0.128      2.22  -391872.5    -201.2    +-
  K5.1     6.237    31.172    31.790     0.785     1.267    12.304     0.163      2.73  -392024.4    -353.0    ++
  K5.1    13.925    25.951    29.452     0.183     0.186     7.450     0.125      2.18  -391871.2    -199.8    +-
  K5.1    41.996     3.200    42.117     0.000     0.000     5.097     0.043      1.77  -396136.3   -4464.9    ++
 K2c.3    13.008     2.491    13.245     0.786     1.271    11.899     0.329      2.69  -396747.3       0.0    +-
 K2c.3    24.097    -4.587    24.530     0.644     0.841     8.470     0.089      2.32  -397083.1    -335.7    ++
 K2c.3   -12.558    21.041    24.503     0.000     0.000     4.044     0.029      1.52  -400958.2   -4210.9    ++
 K2c.2   -12.579    20.827    24.331     0.631     0.813     4.054     0.029      1.52  -400921.2   -4173.9    ++
 K2c.2    12.745     2.425    12.973     0.327     0.346    12.222     0.348      2.72  -396776.2     -28.9    +-
 K2c.2    24.146    -4.838    24.626     0.000     0.000     8.330     0.087      2.30  -397139.2    -391.9    ++
 K2c.1   -11.964    21.970    25.017     0.718     1.032     4.057     0.028      1.52  -400614.5   -3867.2    ++
 K2c.1    24.828    -3.758    25.111     0.205     0.210     8.313     0.086      2.30  -396847.4    -100.1    ++
 K2c.1    13.240     3.656    13.736     0.000     0.000     9.501     0.239      2.44  -396459.9     287.4    +-
 K2b.3    14.800     0.885    14.827     0.798     1.326     8.733     0.204      2.35  -396967.9       0.0    +-
 K2b.3    22.248    -3.917    22.590     0.777     1.236    10.847     0.125      2.59  -397100.5    -132.6    ++
 K2b.3   -13.449    21.087    25.011     0.000     0.000     3.947     0.028      1.49  -401826.5   -4858.6    ++
 K2b.2   -13.659    20.946    25.005     0.802     1.341     3.934     0.028      1.49  -402000.2   -5032.3    ++
 K2b.2    14.941     0.526    14.950     0.219     0.224     8.733     0.210      2.35  -397041.4     -73.6    +-
 K2b.2    21.853    -3.927    22.203     0.000     0.000    11.547     0.135      2.66  -397147.1    -179.2    ++
 K2b.1   -12.967    21.520    25.125     0.828     1.474     3.973     0.028      1.50  -401465.9   -4498.0    ++
 K2b.1    23.058    -3.713    23.355     0.296     0.310     9.883     0.110      2.49  -396981.7     -13.8    ++
 K2b.1    14.540     1.752    14.645     0.000     0.000    11.040     0.239      2.61  -396791.4     176.5    +-
 K2a.3    13.609     2.307    13.803     0.811     1.386    11.868     0.306      2.69  -396746.2       0.0    +-
 K2a.3    23.769    -4.197    24.137     0.677     0.920     8.900     0.095      2.37  -397028.1    -281.9    ++
 K2a.3   -12.673    21.300    24.785     0.000     0.000     4.016     0.028      1.51  -401128.2   -4382.0    ++
 K2a.2   -12.754    21.077    24.635     0.669     0.901     4.020     0.029      1.51  -401145.8   -4399.6    ++
 K2a.2    13.459     2.132    13.627     0.367     0.394    12.027     0.315      2.70  -396797.6     -51.4    +-
 K2a.2    23.715    -4.431    24.125     0.000     0.000     8.829     0.094      2.36  -397085.4    -339.2    ++
 K2a.1   -12.130    22.124    25.231     0.769     1.204     4.028     0.028      1.51  -400808.2   -4062.0    ++
 K2a.1    24.448    -3.479    24.695     0.264     0.274     8.698     0.092      2.35  -396813.6     -67.4    ++
 K2a.1    13.712     3.390    14.124     0.000     0.000    10.713     0.273      2.57  -396490.0     256.2    +-
 K4d.3    -0.543    24.111    24.117     0.243     0.250     7.696     0.066      2.22  -392782.8       0.0    ++
 K4d.3     9.377    18.120    20.402     0.242     0.249    10.350     0.208      2.54  -392509.3     273.4    +-
 K4d.3    38.636    -3.048    38.756     0.000     0.000     5.423     0.048      1.84  -397068.7   -4285.9    ++
 K4d.2    -1.022    24.429    24.450     0.292     0.305     7.137     0.059      2.13  -393067.4    -284.7    ++
 K4d.2    38.173    -2.791    38.275     0.135     0.136     5.411     0.047      1.83  -396954.2   -4171.4    ++
 K4d.2    10.006    17.700    20.333     0.000     0.000     8.197     0.141      2.28  -392695.7      87.1    +-
 K4d.1    10.113    17.665    20.355     0.275     0.286     7.957     0.135      2.25  -392720.8      62.0    +-
 K4d.1    38.116    -2.727    38.214     0.202     0.206     5.406     0.047      1.83  -396932.0   -4149.2    ++
 K4d.1    -1.079    24.508    24.532     0.000     0.000     7.064     0.058      2.12  -393110.3    -327.6    ++
 K4c.3     8.160    18.818    20.511     0.488     0.559    16.006     0.419      3.01  -392227.7       0.0    +-
 K4c.3     0.167    23.617    23.617     0.267     0.277     8.851     0.084      2.37  -392382.2    -154.5    ++
 K4c.3    39.299    -3.423    39.448     0.000     0.000     5.454     0.050      1.84  -397225.6   -4997.9    ++
 K4c.2    -0.067    23.993    23.993     0.552     0.663     8.286     0.075      2.30  -392535.2    -307.5    ++
 K4c.2    39.083    -3.151    39.209     0.375     0.404     5.402     0.048      1.83  -397135.3   -4907.6    ++
 K4c.2     8.819    18.647    20.627     0.000     0.000    13.445     0.325      2.82  -392325.4     -97.6    +-
 K4c.1     9.016    18.506    20.585     0.509     0.592    12.402     0.283      2.73  -392373.1    -145.4    +-
 K4c.1    38.962    -3.102    39.086     0.250     0.258     5.404     0.048      1.83  -397111.8   -4884.1    ++
 K4c.1    -0.196    24.054    24.055     0.000     0.000     8.097     0.072      2.27  -392605.2    -377.5    ++
 K4b.3     4.894    20.088    20.676     0.813     1.398    18.877     0.628      3.19  -391777.0       0.0    +-
 K4b.3     1.470    22.558    22.606     0.368     0.395    14.051     0.235      2.87  -391790.6     -13.6    ++
 K4b.3    40.306    -4.075    40.512     0.000     0.000     5.455     0.051      1.84  -397469.8   -5692.8    ++
 K4b.2     1.829    22.584    22.658     0.847     1.596    16.481     0.358      3.04  -391665.2     111.8    ++
 K4b.2    40.554    -4.020    40.753     0.810     1.384     5.339     0.049      1.82  -397490.8   -5713.8    ++
 K4b.2     4.313    20.566    21.013     0.000     0.000    17.472     0.749      3.11  -391662.6     114.5    +-
 K4b.1     4.541    20.509    21.005     0.844     1.577    16.648     0.659      3.05  -391693.7      83.3    +-
 K4b.1    40.499    -3.934    40.690     0.388     0.421     5.335     0.049      1.82  -397451.8   -5674.8    ++
 K4b.1     1.714    22.769    22.834     0.000     0.000    14.925     0.280      2.93  -391699.9      77.1    ++
 K4a.3     6.936    19.325    20.531     0.711     1.010    22.155     0.541      3.36  -392052.9       0.0    +-
 K4a.3     0.654    23.188    23.197     0.258     0.268    10.117     0.109      2.51  -392128.8     -75.9    ++
 K4a.3    39.720    -3.718    39.894     0.000     0.000     5.485     0.051      1.85  -397335.9   -5283.0    ++
 K4a.2     0.607    23.340    23.348     0.798     1.326     9.859     0.104      2.48  -392159.8    -106.9    ++
 K4a.2    39.684    -3.619    39.849     0.696     0.969     5.454     0.050      1.84  -397307.4   -5254.6    ++
 K4a.2     7.148    19.335    20.614     0.000     0.000    22.155     0.588      3.36  -392074.7     -21.9    +-
 K4a.1     7.368    19.404    20.756     0.795     1.311    22.580     0.660      3.38  -392088.5     -35.7    +-
 K4a.1    39.672    -3.483    39.825     0.249     0.258     5.408     0.049      1.83  -397271.4   -5218.5    ++
 K4a.1     0.592    23.547    23.554     0.000     0.000     9.627     0.099      2.46  -392183.8    -130.9    ++
K10b.3   193.162    63.378   203.294     0.843     1.566     5.680     0.223      1.89  -520642.8       0.0    ++
K10b.3   196.308    52.966   203.327     0.731     1.070     4.885     0.188      1.72  -520444.0     198.8    +-
K10b.3   195.189    33.936   198.117     0.000     0.000     3.696     0.123      1.42  -521545.4    -902.6    ++
K10b.2   193.255    63.309   203.361     0.776     1.229     5.732     0.226      1.90  -520705.5     -62.8    ++
K10b.2   195.247    33.926   198.172     0.735     1.084     3.690     0.123      1.42  -521623.9    -981.2    ++
K10b.2   196.349    53.022   203.382     0.000     0.000     4.935     0.190      1.73  -520515.6     127.1    +-
K10b.1   194.800    33.214   197.611     0.840     1.548     3.504     0.112      1.36  -521337.3    -694.5    ++
K10b.1   195.915    54.078   203.242     0.795     1.312     6.303     0.223      2.00  -519972.1     670.6    +-
K10b.1   193.122    62.595   203.013     0.000     0.000     6.388     0.269      2.01  -520070.3     572.5    ++
K10a.3   193.030    63.933   203.342     0.842     1.560     5.307     0.201      1.81  -520873.3       0.0    ++
K10a.3   196.447    52.295   203.288     0.686     0.942     4.398     0.175      1.61  -520585.8     287.4    +-
K10a.3   195.325    34.411   198.333     0.000     0.000     3.856     0.132      1.47  -521529.0    -655.7    ++
K10a.2   193.159    63.942   203.468     0.756     1.155     5.290     0.200      1.81  -521034.3    -161.0    ++
K10a.2   195.457    34.503   198.479     0.682     0.933     3.886     0.134      1.47  -521662.7    -789.4    ++
K10a.2   196.549    52.237   203.372     0.000     0.000     4.362     0.175      1.60  -520745.0     128.3    +-
K10a.1   194.891    33.759   197.793     0.835     1.519     3.654     0.121      1.41  -521235.5    -362.2    ++
K10a.1   196.077    53.079   203.134     0.765     1.189     5.005     0.189      1.75  -520082.4     790.8    +-
K10a.1   192.853    63.381   203.001     0.000     0.000     5.697     0.225      1.89  -520278.4     594.9    ++
 K1e.3    51.457    56.290    76.265     0.000     0.000    17.159     1.033      3.09  -403119.1       0.0    ++
 K1e.2    51.425    56.214    76.187     0.998    14.177    17.241     1.040      3.09  -403070.9      48.2    ++
 K1e.2    56.522    50.470    75.776     0.966     3.722    64.581     2.875      4.53  -403041.9      77.2    ++
 K1e.1    51.490    56.215    76.233     1.000   287.782    17.356     1.048      3.10  -403094.8      24.4    ++
 K1e.1    56.310    51.012    75.981     0.999    22.887  41769.054  3113106.300     11.55  -403071.2      47.9    +-
 K1e.1    56.321    50.964    75.956     0.052     0.052   960.559  8262.057      7.46  -403064.4      54.7    ++
 K1d.3    56.359    51.349    76.244     1.000  1416.153  8645.265  124557.705      9.84  -403180.7       0.0    +-
 K1d.3    56.434    51.215    76.209     1.000    69.282   230.549    32.882      5.91  -403187.7      -7.0    ++
 K1d.3    52.086    55.998    76.477     0.000     0.000    19.375     1.203      3.22  -403202.8     -22.1    ++
 K1d.2    52.137    55.880    76.426     0.989     6.838    19.951     1.249      3.25  -403163.3      17.4    ++
 K1d.2    56.829    50.334    75.915     0.981     5.013    35.117     0.825      3.86  -403148.2      32.5    ++
 K1d.2    55.772    52.220    76.403     0.000     0.000    39.778     2.278      4.00  -403144.0      36.7    +-
 K1d.1    52.366    55.786    76.513     0.997    12.677    21.290     1.358      3.32  -403200.7     -20.0    ++
 K1d.1    55.746    52.385    76.498     0.985     5.660    41.055     2.256      4.03  -403183.9      -3.2    +-
 K1d.1    56.866    50.438    76.011     0.000     0.000    35.185     0.827      3.87  -403188.3      -7.6    ++
 K1c.3    57.094    49.662    75.670     0.994     9.169    21.261     0.479      3.32  -403113.9       0.0    ++
 K1c.3    55.270    52.842    76.466     0.958     3.323    26.871     1.147      3.57  -403110.3       3.6    +-
 K1c.3    52.378    55.606    76.390     0.000     0.000    22.265     1.441      3.37  -403115.7      -1.8    ++
 K1c.2    57.206    49.217    75.464     0.986     6.008    17.298     0.415      3.09  -403065.3      48.7    ++
 K1c.2    52.486    55.409    76.321     0.922     2.387    24.127     1.601      3.46  -403062.6      51.4    ++
 K1c.2    54.956    53.117    76.430     0.000     0.000    24.458     0.966      3.47  -403056.1      57.9    +-
 K1c.1    52.894    55.239    76.480     0.996    11.015    29.753     2.130      3.68  -403133.3     -19.3    ++
 K1c.1    54.887    53.380    76.564     0.993     8.222    30.760     1.166      3.72  -403129.4     -15.4    +-
 K1c.1    57.255    49.462    75.661     0.000     0.000    18.241     0.433      3.15  -403137.4     -23.5    ++
 K1b.3    57.352    49.396    75.691     0.999    18.440    17.108     0.417      3.08  -403162.7       0.0    ++
 K1b.3    53.416    54.860    76.570     0.000     0.000    53.117     5.226      4.31  -403151.8      11.0    ++
 K1b.2    57.350    49.386    75.683     0.998    15.005    17.078     0.417      3.08  -403159.8       2.9    ++
 K1b.2    53.389    54.877    76.563     0.921     2.363    51.040     4.882      4.27  -403149.1      13.6    ++
 K1b.1    57.523    49.343    75.787     0.000     0.000    15.734     0.398      2.99  -403221.2     -58.5    ++
 N5b.3    34.664    13.286    37.123     0.954     3.172    17.779     0.498      3.12  -394626.7       0.0    ++
 N5b.3    23.337    24.538    33.864     0.369     0.396     5.125     0.194      1.77  -394217.8     408.9    +-
 N5b.3    -1.251    38.703    38.723     0.000     0.000     4.769     0.038      1.70  -397356.8   -2730.1    ++
 N5b.1    -0.595    39.067    39.072     0.975     4.350     4.917     0.040      1.73  -397085.6   -2458.8    ++
 N5b.1    23.252    25.226    34.308     0.955     3.231     4.822     0.229      1.71  -394156.4     470.3    +-
 N5b.1    35.518    13.012    37.827     0.000     0.000    21.756     0.862      3.34  -394635.9      -9.2    ++
 N5a.3    36.630    11.255    38.320     0.884     1.888    11.158     0.207      2.62  -394720.4       0.0    ++
 N5a.3    22.636    25.032    33.749     0.264     0.273     4.647     0.231      1.67  -394042.8     677.6    +-
 N5a.3    -0.573    38.411    38.415     0.000     0.000     4.961     0.041      1.74  -396755.0   -2034.6    ++
 N5a.1    -0.105    38.769    38.769     0.867     1.743     5.081     0.043      1.76  -396602.9   -1882.5    ++
 N5a.1    22.703    25.538    34.171     0.800     1.333     4.337     0.234      1.59  -394005.2     715.2    +-
 N5a.1    37.114    11.381    38.820     0.000     0.000    10.669     0.192      2.57  -394731.2     -10.8    ++
 K3b.3    36.679    25.739    44.809     0.992     7.898    34.088     1.275      3.83  -394986.2       0.0    ++
 K3b.3    34.675    28.377    44.807     0.981     5.068    20.271     0.687      3.27  -394983.0       3.2    +-
 K3b.3     8.124    46.421    47.126     0.000     0.000     7.432     0.116      2.18  -397180.9   -2194.7    ++
 K3b.2     7.472    46.189    46.789     0.992     7.929     7.287     0.112      2.16  -397213.4   -2227.1    ++
 K3b.2    34.405    28.146    44.452     0.472     0.536    21.173     0.694      3.31  -394945.8      40.5    +-
 K3b.2    36.461    25.356    44.411     0.000     0.000    33.498     1.255      3.81  -394945.5      40.7    ++
 K3b.1     7.623    46.263    46.887     0.986     5.964     7.313     0.113      2.16  -397219.4   -2233.2    ++
 K3b.1    36.427    25.594    44.520     0.502     0.580    36.041     1.449      3.89  -394955.7      30.5    ++
 K3b.1    34.549    28.118    44.545     0.000     0.000    23.363     0.871      3.42  -394957.6      28.6    +-
 K3a.3    38.313    23.223    44.802     0.984     5.555    20.835     0.538      3.30  -394967.5       0.0    ++
 K3a.3    33.699    29.777    44.970     0.957     3.290     9.572     0.198      2.45  -394906.4      61.1    +-
 K3a.3     8.938    46.118    46.977     0.000     0.000     7.902     0.128      2.24  -396753.5   -1786.0    ++
 K3a.2     8.586    45.811    46.609     0.980     4.908     8.041     0.135      2.26  -396635.9   -1668.4    ++
 K3a.2    33.132    30.155    44.800     0.305     0.320    10.528     0.286      2.56  -394837.5     129.9    +-
 K3a.2    38.615    22.112    44.498     0.000     0.000    18.294     0.465      3.16  -394934.5      32.9    ++
 K3a.1     8.648    45.922    46.729     0.963     3.553     7.969     0.132      2.25  -396695.0   -1727.5    ++
 K3a.1    38.446    22.549    44.570     0.392     0.426    19.797     0.518      3.24  -394929.6      37.9    ++
 K3a.1    33.350    29.962    44.832     0.000     0.000    10.247     0.250      2.53  -394864.3     103.1    +-
 K8b.3     2.911    31.713    31.847     0.446     0.498     7.637     0.068      2.21  -392610.9       0.0    ++
 K8b.3    14.510    24.517    28.489     0.237     0.244     5.066     0.089      1.76  -392145.8     465.1    +-
 K8b.3    42.092     2.088    42.144     0.000     0.000     5.267     0.045      1.80  -396257.7   -3646.9    ++
 K8b.2    41.923     1.997    41.970     0.236     0.242     5.283     0.045      1.81  -396251.3   -3640.4    ++
 K8b.2     2.651    31.616    31.727     0.224     0.230     7.449     0.065      2.18  -392683.4     -72.5    ++
 K8b.2    14.496    24.309    28.303     0.000     0.000     5.012     0.087      1.75  -392191.3     419.6    +-
 K8b.1    42.162     1.409    42.186     0.446     0.499     5.198     0.044      1.79  -396393.6   -3782.7    ++
 K8b.1    13.919    24.324    28.025     0.243     0.251     6.017     0.099      1.95  -392038.6     572.3    +-
 K8b.1     2.944    31.060    31.199     0.000     0.000     7.886     0.070      2.24  -392422.8     188.1    ++
 K8a.3     2.732    32.418    32.533     0.423     0.467     7.293     0.064      2.16  -392871.5       0.0    ++
 K8a.3    15.136    24.651    28.927     0.280     0.292     4.410     0.080      1.61  -392304.9     566.6    +-
 K8a.3    41.919     2.840    42.015     0.000     0.000     5.366     0.047      1.82  -396099.1   -3227.6    ++
 K8a.2    41.355     2.931    41.459     0.278     0.289     5.463     0.048      1.84  -396008.8   -3137.3    ++
 K8a.2     1.968    32.465    32.525     0.185     0.188     6.739     0.058      2.07  -393196.3    -324.7    ++
 K8a.2    15.363    24.169    28.638     0.000     0.000     4.206     0.074      1.56  -392492.9     378.6    +-
 K8a.1    41.821     2.348    41.886     0.407     0.446     5.331     0.046      1.82  -396173.7   -3302.1    ++
 K8a.1    14.800    24.352    28.496     0.227     0.233     4.659     0.083      1.67  -392266.1     605.4    +-
 K8a.1     2.541    31.945    32.046     0.000     0.000     7.267     0.064      2.15  -392816.2      55.3    ++
K13b.2   189.497    30.847   191.991     0.457     0.514     3.254     0.100      1.28  -515035.5       0.0    ++
K13b.2   186.835    64.247   197.573     0.384     0.416     5.622     0.234      1.87  -513192.1    1843.4    ++
K13b.2   191.150    53.530   198.504     0.000     0.000     6.309     0.148      2.00  -512848.2    2187.3    +-
K13b.1   189.537    30.366   191.954     0.690     0.953     3.169     0.095      1.25  -515233.1    -197.6    ++
K13b.1   190.776    54.383   198.375     0.304     0.319     8.566     0.193      2.33  -512805.9    2229.7    +-
K13b.1   187.131    63.417   197.585     0.000     0.000     6.241     0.270      1.99  -513034.3    2001.2    ++
K13a.3   186.944    64.161   197.648     0.674     0.911     5.684     0.237      1.89  -513260.1       0.0    ++
K13a.3   191.200    53.641   198.582     0.482     0.550     6.593     0.155      2.05  -512931.6     328.6    +-
K13a.3   189.575    30.819   192.063     0.000     0.000     3.247     0.099      1.28  -515132.7   -1872.5    ++
K13a.2   189.622    30.270   192.023     0.561     0.678     3.151     0.094      1.25  -515363.7   -2103.5    ++
K13a.2   187.294    63.194   197.668     0.278     0.289     6.445     0.282      2.02  -513084.5     175.6    ++
K13a.2   190.728    54.671   198.409     0.000     0.000     9.476     0.209      2.44  -512882.5     377.6    +-
K13a.1   189.596    29.806   191.925     0.732     1.074     3.076     0.089      1.22  -515500.6   -2240.4    ++
K13a.1   190.127    55.309   198.008     0.432     0.478     6.092     0.140      1.96  -512753.4     506.7    +-
K13a.1   187.541    62.319   197.624     0.000     0.000     7.404     0.338      2.17  -512875.3     384.9    ++
 K15.3    47.319    50.290    69.052     0.923     2.394    29.036     2.107      3.66  -400304.1       0.0    +-
 K15.3    40.811    56.579    69.762     0.799     1.330    14.997     0.734      2.94  -400378.1     -74.0    ++
 K15.3    52.831    42.462    67.780     0.000     0.000    10.247     0.466      2.53  -400398.5     -94.4    ++
 K15.2    42.537    56.043    70.358     0.998    14.335    22.886     1.187      3.40  -400352.8     -48.7    ++
 K15.2    53.555    42.164    68.161     0.958     3.357     9.193     0.394      2.41  -400493.2    -189.2    ++
 K15.2    47.083    51.925    70.092     0.000     0.000    52.515     5.647      4.30  -400350.7     -46.6    +-
 K15.1    47.363    51.550    70.005     0.998    16.911    54.936     5.830      4.35  -400389.7     -85.7    +-
 K15.1    53.606    42.248    68.254     0.915     2.261     9.176     0.392      2.41  -400525.2    -221.2    ++
 K15.1    42.731    56.048    70.479     0.000     0.000    23.725     1.235      3.44  -400396.7     -92.7    ++
  N6.3   178.693    67.356   190.966     0.474     0.538     8.323     0.357      2.30  -506106.9       0.0    ++
  N6.3   176.065    51.270   183.379     0.283     0.295     3.198     0.111      1.26  -505091.3    1015.6    +-
  N6.3   181.858    32.010   184.653     0.000     0.000     3.787     0.128      1.45  -506520.8    -413.9    ++
  N6.2   181.227    31.004   183.860     0.286     0.298     3.552     0.113      1.38  -506026.1      80.8    ++
  N6.2   177.891    66.051   189.758     0.243     0.250     5.711     0.262      1.89  -504844.5    1262.4    ++
  N6.2   175.207    52.100   182.789     0.000     0.000     2.735     0.103      1.09  -504224.5    1882.4    +-
  N6.1   180.234    32.449   183.132     0.570     0.694     3.981     0.138      1.50  -505006.2    1100.7    ++
  N6.1   174.769    50.798   182.001     0.332     0.352     3.117     0.125      1.23  -503807.9    2299.0    +-
  N6.1   176.880    68.150   189.555     0.000     0.000     5.642     0.259      1.88  -504800.7    1306.2    ++
 N7b.3     9.409    17.023    19.451     0.525     0.617     6.944     0.109      2.10  -392328.3       0.0    +-
 N7b.3    -2.528    24.343    24.474     0.385     0.417     7.007     0.060      2.11  -392829.5    -501.2    ++
 N7b.3    41.273    -6.440    41.773     0.000     0.000     6.070     0.073      1.96  -397808.6   -5480.3    ++
 N7b.2    40.933    -7.072    41.539     0.534     0.632     6.288     0.082      2.00  -397879.2   -5550.9    ++
 N7b.2    -2.974    23.804    23.989     0.193     0.197     6.871     0.058      2.09  -392989.0    -660.7    ++
 N7b.2     9.222    16.375    18.794     0.000     0.000     6.397     0.095      2.01  -392457.9    -129.6    +-
 N7b.1    40.889    -6.525    41.407     0.444     0.495     6.619     0.091      2.05  -397757.5   -5429.2    ++
 N7b.1     9.596    16.520    19.104     0.172     0.174     6.133     0.091      1.97  -392504.4    -176.1    +-
 N7b.1    -3.030    24.256    24.444     0.000     0.000     6.715     0.056      2.07  -393094.9    -766.6    ++
 N7a.3     9.103    16.192    18.575     0.515     0.601     6.358     0.094      2.01  -392479.4       0.0    +-
 N7a.3    -3.064    23.582    23.780     0.386     0.419     6.875     0.058      2.09  -393005.5    -526.1    ++
 N7a.3    40.844    -7.337    41.497     0.000     0.000     6.229     0.082      1.99  -397923.3   -5443.9    ++
 N7a.2    40.542    -8.300    41.383     0.382     0.413     5.739     0.068      1.90  -398125.6   -5646.2    ++
 N7a.2    -3.263    22.680    22.913     0.215     0.220     7.002     0.060      2.11  -392980.7    -501.3    ++
 N7a.2     8.551    15.583    17.775     0.000     0.000     6.427     0.092      2.02  -392509.0     -29.6    +-
 N7a.1    40.394    -7.985    41.176     0.400     0.437     6.156     0.080      1.97  -397994.5   -5515.1    ++
 N7a.1     8.941    15.553    17.940     0.202     0.207     6.082     0.086      1.96  -392608.4    -129.0    +-
 N7a.1    -3.490    23.054    23.316     0.000     0.000     6.755     0.057      2.07  -393156.5    -677.1    ++
 N8b.3   -15.447     4.483    16.085     0.645     0.844     5.920     0.074      1.93  -400225.3       0.0    ++
 N8b.3    -4.896    -9.296    10.506     0.624     0.799     9.946     0.189      2.49  -399590.6     634.7    +-
 N8b.3    27.994   -21.924    35.557     0.000     0.000     5.168     0.063      1.78  -402793.7   -2568.4    ++
 N8b.2    -6.313    -7.065     9.475     0.783     1.257    11.215     0.193      2.62  -398794.8    1430.5    +-
 N8b.2    29.487   -21.954    36.762     0.645     0.844     4.938     0.059      1.73  -402786.2   -2560.9    ++
 N8b.2   -14.322     4.531    15.022     0.000     0.000     6.432     0.083      2.02  -399242.7     982.6    ++
 N8b.1   -14.717     5.259    15.629     0.813     1.397     6.068     0.075      1.96  -399520.4     704.9    ++
 N8b.1    28.987   -21.489    36.084     0.589     0.730     5.064     0.061      1.76  -402557.3   -2332.0    ++
 N8b.1    -5.184    -7.986     9.521     0.000     0.000     9.431     0.164      2.44  -398929.8    1295.5    +-
 N8a.3    -4.892    -9.694    10.858     0.646     0.845    10.234     0.200      2.53  -399812.7       0.0    +-
 N8a.3   -15.655     4.104    16.184     0.645     0.844     5.915     0.075      1.93  -400439.6    -627.0    ++
 N8a.3    27.707   -22.151    35.473     0.000     0.000     5.189     0.064      1.79  -402915.5   -3102.9    ++
 N8a.2    -6.587    -7.215     9.770     0.808     1.373    12.971     0.254      2.78  -398970.1     842.5    +-
 N8a.2    29.279   -22.166    36.723     0.644     0.842     4.941     0.059      1.73  -402895.7   -3083.0    ++
 N8a.2   -14.471     4.171    15.060     0.000     0.000     6.448     0.085      2.02  -399398.7     414.0    ++
 N8a.1   -14.902     4.907    15.689     0.834     1.511     6.062     0.076      1.96  -399707.4     105.2    ++
 N8a.1    28.737   -21.696    36.007     0.627     0.804     5.075     0.061      1.76  -402665.2   -2852.5    ++
 N8a.1    -5.295    -8.292     9.838     0.000     0.000    10.117     0.189      2.51  -399127.0     685.7    +-
 N9b.2   -20.817    12.877    24.478     0.951     3.069     4.397     0.044      1.61  -405710.6       0.0    ++
 N9b.2     9.002   -12.529    15.428     0.217     0.222     8.978     0.215      2.38  -400332.8    5377.8    +-
 N9b.2    16.813   -15.111    22.606     0.000     0.000    14.129     0.242      2.88  -400416.9    5293.6    ++
 N9b.1   -20.858    12.964    24.559     0.937     2.690     4.391     0.044      1.61  -405768.1     -57.5    ++
 N9b.1    16.575   -14.997    22.353     0.208     0.212    14.907     0.260      2.93  -400396.9    5313.6    ++
 N9b.1     9.194   -12.551    15.558     0.000     0.000     9.761     0.231      2.47  -400338.3    5372.2    +-
 N9a.2   -21.080    13.038    24.786     0.978     4.706     4.388     0.044      1.61  -406028.9       0.0    ++
 N9a.2    10.149   -12.886    16.403     0.132     0.133    16.270     0.392      3.03  -400393.1    5635.8    +-
 N9a.2    15.348   -14.657    21.223     0.000     0.000    20.593     0.416      3.28  -400407.3    5621.6    ++
 N9a.1   -21.162    13.091    24.884     0.986     5.828     4.386     0.044      1.61  -406129.1    -100.2    ++
 N9a.1    14.677   -14.439    20.589     0.104     0.105    26.867     0.641      3.57  -400397.7    5631.2    ++
 N9a.1    10.730   -13.073    16.913     0.000     0.000    23.219     0.636      3.41  -400403.7    5625.2    +-
