0001 73.42262 +2.67778 0.29569 0.00105 -20.260 -19.902 3
0002 73.55221 +2.85944 0.20060 0.00044 -20.661 -19.931 1
0003 73.45929 +2.86572 0.20157 0.00057 -20.507 -19.869 1
0004 73.39546 +2.67856 0.20658 0.00005 -19.465 -19.061 1
0005 73.48125 +2.85789 0.20130 0.00024 -20.728 -20.049 1
0006 73.46313 +2.76619 0.20277 0.00004 -20.015 -19.863 1
0007 73.30913 +2.93111 0.20602 0.00043 -21.165 -20.459 1
0008 73.26683 +3.17544 0.09722 0.00018 -20.260 -19.786 3
0009 73.34333 +3.11072 0.19804 0.00014 -19.347 -18.927 1
0010 73.23350 +2.94778 0.20295 0.00031 -19.527 -18.949 1
0011 73.41946 +3.04222 0.19701 0.00025 -21.349 -20.654 1
0012 73.34467 +2.93322 0.20396 0.00033 -22.072 -21.395 1
0013 73.45666 +3.00803 0.19970 0.00017 -21.366 -20.705 1
0014 73.46950 +2.91725 0.20399 0.00056 -20.173 -19.495 1
0015 73.44025 +3.20603 0.10080 0.00005 -19.545 -18.924 3
0016 73.61525 +3.05803 0.20126 0.00064 -20.043 -19.379 1
0017 73.51196 +3.05369 0.19775 0.00031 -19.404 -18.743 1
0018 73.59687 +2.98692 0.20355 0.00066 -20.506 -19.815 1
0019 73.51096 +3.07714 0.19459 0.00024 -19.191 -18.697 1
0020 73.60792 +3.12944 0.22661 0.00007 -19.761 -19.428 2
0021 73.56892 +2.95744 0.19707 0.00060 -20.633 -19.955 1
0022 73.53317 +3.06517 0.20721 0.00052 -20.893 -20.204 1
0023 73.49062 +2.82406 0.25140 0.00044 -21.493 -20.802 3
0024 73.39288 +2.69875 0.19615 0.00053 -20.891 -20.210 1
0025 73.37971 +2.73367 0.19647 0.00037 -20.237 -19.557 1
0026 73.33738 +2.69364 0.20375 0.00025 -20.651 -20.048 1
0027 73.23933 +2.55636 0.20324 0.00002 -20.990 -20.397 1
0028 73.37741 +2.69886 0.19988 0.00005 -19.319 -18.870 1
0029 73.36317 +2.69461 0.19559 0.00010 -23.231 -22.515 1
0030 73.14283 +2.69267 0.12413 0.00002 -20.578 -20.109 3
0031 73.45154 +2.80281 0.20012 0.00001 -20.150 -19.455 1
0032 73.32954 +2.77733 0.20518 0.00005 -20.424 -20.009 1
0033 73.36333 +2.74833 0.15061 0.00017 -18.725 -17.816 3
0034 73.38154 +2.76894 0.20240 0.00032 -19.517 -18.829 1
0035 73.31779 +2.74522 0.19734 0.00036 -19.949 -19.392 1
0036 73.41283 +2.81408 0.13466 0.00003 -20.388 -19.925 3
0037 73.13933 +2.75861 0.20109 0.00008 -21.520 -20.888 1
0038 73.25500 +2.85119 0.21285 0.00001 -21.851 -21.366 2
0039 73.31800 +2.81969 0.27270 0.00008 -22.141 -21.570 3
0040 73.32304 +2.85494 0.19988 0.00013 -21.466 -20.762 1
0041 73.24109 +2.83608 0.20392 0.00046 -21.114 -20.430 1
0042 73.48296 +2.87994 0.25405 0.00048 -21.667 -21.162 3
0043 73.32004 +2.84539 0.19893 0.00013 -21.839 -21.120 1
0044 73.20192 +2.81272 0.20262 0.00008 -21.396 -21.015 1
0045 73.39916 +2.88094 0.19770 0.00007 -20.880 -20.244 1
0046 73.46883 +2.90911 0.20801 0.00005 -20.844 -20.284 1
0047 73.34038 +2.88300 0.22337 0.00017 -20.594 -20.200 2
0048 73.53683 +2.89711 0.19236 0.00006 -21.696 -20.999 1
0049 73.11338 +2.90075 0.20305 0.00007 -20.115 -19.684 1
0050 73.45737 +2.89997 0.20823 0.00075 -20.408 -19.807 1
0051 73.54288 +2.91069 0.20352 0.00011 -21.178 -20.449 1
0052 73.27183 +3.02911 0.21348 0.00009 -21.637 -20.936 2
0053 73.51204 +2.92342 0.19986 0.00066 -20.557 -19.897 1
0054 73.49820 +2.94356 0.20778 0.00005 -20.119 -19.673 1
0055 73.27321 +3.00975 0.20206 0.00013 -20.028 -19.749 1
0056 73.43034 +3.01467 0.33173 0.00033 -20.924 -20.524 3
0057 73.16858 +3.08875 0.20313 0.00009 -19.672 -19.369 1
0058 73.33900 +3.06831 0.05280 0.00002 -18.631 -18.162 3
0059 73.27158 +3.05036 0.21518 0.00058 -21.272 -20.585 2
0060 73.30746 +3.03842 0.18996 0.00038 -21.647 -20.957 1
0061 73.35158 +3.04778 0.16749 0.00017 -22.738 -22.108 3
0062 73.38359 +3.02344 0.19909 0.00057 -20.437 -19.786 1
0063 73.25616 +3.19111 0.09690 0.00011 -21.807 -21.113 3
0064 73.37800 +3.08533 0.20308 0.00044 -21.517 -20.801 1
0065 73.42729 +3.08550 0.15509 0.00003 -19.169 -18.705 3
0066 73.43659 +3.03581 0.25221 0.00011 -20.319 -19.768 3
0067 73.38359 +3.12911 0.18970 0.00005 -21.919 -21.466 1
0068 73.31433 +3.16611 0.20103 0.00073 -20.909 -20.214 1
0069 73.54288 +2.93794 0.19682 0.00056 -20.600 -19.871 1
0070 73.54780 +2.92392 0.19369 0.00045 -19.923 -19.280 1
0071 73.39471 +3.17156 0.20990 0.00063 -20.693 -19.986 1
0072 73.46133 +3.13525 0.26285 0.00006 -20.847 -20.486 3
0073 73.49496 +3.03561 0.19723 0.00006 -20.706 -20.122 1
0074 73.42683 +3.15081 0.21837 0.00021 -20.113 -19.618 2
0075 73.45012 +3.12400 0.38746 0.00038 -20.877 -20.405 3
0076 73.39104 +3.21489 0.12521 0.00004 -18.391 -17.846 3
0077 73.53180 +3.29392 0.28888 0.00027 -21.069 -20.534 3
0078 73.46305 +3.27669 0.18710 0.00019 -21.969 -21.307 2
0079 73.54520 +3.17994 0.20456 0.00009 -21.723 -21.248 1
0080 73.50496 +3.16392 0.32685 0.00011 -21.936 -21.475 3
0081 73.57254 +2.98994 0.19623 0.00044 -20.758 -20.059 1
0082 73.52267 +3.13156 0.21072 0.00021 -21.374 -20.920 1
0083 73.53637 +3.14831 0.16720 0.00006 -21.624 -21.080 3
0084 73.54421 +3.08581 0.20429 0.00042 -20.727 -20.016 1
0085 73.52204 +3.18764 0.27333 0.00009 -20.177 -19.859 3
0086 73.59017 +3.12250 0.20324 0.00058 -21.047 -20.356 1
0087 73.53554 +3.33764 0.11580 0.00014 -20.840 -20.183 3
0088 73.59850 +3.29561 0.20263 0.00006 -20.577 -19.934 1
0089 73.56196 +3.13306 0.25609 0.00009 -20.599 -20.219 3
0090 73.58371 +2.93728 0.20240 0.00074 -20.795 -20.115 1
0091 73.58588 +3.24975 0.30596 0.00020 -22.405 -21.987 3
0092 73.58642 +3.05811 0.16698 0.00036 -21.322 -20.849 3
0093 73.75287 +3.31175 0.19999 0.00055 -20.433 -19.708 1
0094 73.65704 +3.30694 0.19938 0.00044 -21.555 -20.814 1
0095 73.67575 +3.13647 0.35573 0.00020 -20.997 -20.574 3
0096 73.64467 +3.20547 0.19509 0.00005 -21.233 -20.735 1
0097 73.62954 +3.10939 0.20325 0.00064 -19.953 -19.268 1
0098 73.64825 +3.16342 0.18403 0.00006 -20.950 -20.444 2
0099 73.60617 +2.99392 0.20045 0.00046 -21.380 -20.656 1
0100 73.66979 +3.04339 0.19987 0.00062 -20.925 -20.228 1
0101 73.78688 +3.33156 0.20530 0.00026 -19.468 -19.015 1
0102 73.65613 +3.04019 0.20001 0.00049 -21.761 -21.064 1
0103 73.69704 +3.14486 0.20146 0.00025 -20.907 -20.256 1
0104 73.68654 +3.10386 0.23886 0.00018 -21.447 -20.942 3
0105 73.75129 +3.09803 0.20636 0.00004 -20.868 -20.375 1
0106 73.75954 +3.07931 0.20688 0.00005 -19.297 -19.177 1
0107 73.70762 +3.04567 0.18318 0.00025 -20.344 -19.785 2
0108 73.84975 +3.16633 0.22927 0.00044 -21.595 -20.896 3
0109 73.76488 +3.03572 0.15362 0.00005 -18.789 -18.431 3
0110 73.79795 +3.05358 0.26675 0.00057 -20.810 -20.184 3
0111 73.81783 +3.04586 0.23224 0.00003 -21.674 -21.181 3
0112 73.87675 +3.10233 0.31550 0.00003 -20.370 -19.931 3
0113 73.98762 +3.14325 0.26210 0.00013 -20.773 -20.261 3
0114 73.62304 +2.92281 0.20728 0.00059 -20.740 -20.037 1
0115 73.88633 +3.09139 0.20327 0.00080 -20.343 -19.650 1
0116 73.81158 +2.93028 0.23055 0.00065 -21.476 -20.884 3
0117 73.76317 +2.93483 0.21745 0.00008 -20.431 -19.834 2
0118 74.00996 +3.04347 0.27261 0.00051 -23.124 -22.494 3
0119 73.91354 +2.96917 0.32672 0.00020 -21.780 -21.226 3
0120 73.64929 +2.93161 0.19519 0.00008 -19.967 -19.426 1
0121 73.77900 +2.94700 0.31594 0.00060 -21.718 -21.237 3
0122 73.79379 +2.96728 0.18265 0.00040 -21.286 -20.585 2
0123 74.01596 +3.00228 0.28589 0.00016 -20.904 -20.485 3
0124 73.77834 +2.95319 0.12648 0.00005 -18.654 -18.339 3
0125 74.04050 +2.96089 0.08197 0.00004 -20.140 -19.705 3
0126 73.81842 +2.90147 0.28035 0.00077 -21.286 -20.696 3
0127 74.02979 +2.95047 0.43046 0.00084 -21.880 -21.313 3
0128 73.63604 +2.91361 0.20316 0.00017 -22.435 -21.735 1
0129 73.61642 +2.90489 0.20364 0.00055 -20.776 -20.128 1
0130 73.78337 +2.82139 0.14424 0.00028 -18.430 -17.614 3
0131 74.01567 +2.82419 0.35281 0.00077 -21.651 -21.130 3
0132 73.72991 +2.85883 0.18473 0.00008 -18.990 -18.639 2
0133 74.01758 +2.76333 0.16436 0.00038 -20.019 -19.304 3
0134 74.02800 +2.79114 0.11711 0.00006 -21.090 -20.542 3
0135 73.80746 +2.83761 0.39132 0.00022 -21.428 -20.972 3
0136 73.95787 +2.74225 0.02968 0.00004 -17.036 -16.444 3
0137 73.69984 +2.82839 0.07750 0.00003 -20.010 -19.612 3
0138 73.81420 +2.80094 0.20590 0.00011 -22.383 -21.691 1
0139 73.67955 +2.85147 0.19424 0.00008 -19.736 -19.364 1
0140 73.95312 +2.72969 0.16460 0.00041 -20.151 -19.491 3
0141 73.98258 +2.68356 0.21060 0.00042 -20.812 -20.100 2
0142 73.72625 +2.83761 0.23297 0.00008 -19.924 -19.537 3
0143 73.93687 +2.71567 0.21326 0.00010 -20.235 -19.821 2
0144 73.90267 +2.63803 0.27233 0.00049 -21.176 -20.516 3
0145 73.69192 +2.81481 0.23620 0.00057 -20.004 -19.338 3
0146 73.87405 +2.55750 0.19058 0.00049 -21.055 -20.346 2
0147 73.73420 +2.76408 0.27450 0.00019 -19.806 -19.532 3
0148 73.66809 +2.79833 0.20027 0.00010 -19.629 -19.180 1
0149 73.76166 +2.73047 0.20182 0.00003 -19.770 -19.368 1
0150 73.86108 +2.59783 0.03040 0.00004 -17.787 -17.236 3
0151 73.73554 +2.74222 0.14782 0.00004 -19.021 -18.732 3
0152 73.62650 +2.78747 0.27378 0.00048 -21.625 -20.969 3
0153 73.71688 +2.63553 0.25240 0.00074 -21.857 -21.462 3
0154 73.71717 +2.71131 0.26002 0.00107 -21.110 -20.436 3
0155 73.62400 +2.81850 0.23313 0.00010 -19.705 -19.409 3
0156 73.69696 +2.69856 0.25292 0.00045 -22.213 -21.601 3
0157 73.71491 +2.68400 0.16676 0.00057 -21.000 -20.509 3
0158 73.65292 +2.69672 0.22627 0.00003 -20.511 -20.183 3
0159 73.71108 +2.44861 0.20335 0.00002 -19.580 -19.058 1
0160 73.62212 +2.64989 0.21729 0.00005 -21.663 -21.256 2
0161 73.62825 +2.66306 0.44818 0.00029 -21.528 -21.008 3
0162 73.56750 +2.65375 0.16576 0.00005 -21.104 -20.578 3
0163 73.60767 +2.73800 0.33023 0.00007 -20.688 -20.283 3
0164 73.57850 +2.80658 0.02865 0.00003 -17.398 -17.088 3
0165 73.58896 +2.75378 0.19881 0.00017 -21.092 -20.408 1
0166 73.59729 +2.66847 0.20325 0.00014 -19.581 -19.323 1
0167 73.55529 +2.80161 0.25277 0.00038 -22.202 -21.523 3
0168 73.52417 +2.71011 0.10995 0.00012 -19.206 -18.861 3
0169 73.48392 +2.66319 0.27216 0.00009 -20.209 -19.837 3
0170 73.49712 +2.70394 0.21577 0.00007 -19.990 -19.519 2
0171 73.45159 +2.68861 0.19873 0.00062 -20.644 -19.952 1
0172 73.51163 +2.74925 0.12317 0.00017 -19.387 -18.980 3
0173 73.48766 +2.73567 0.20238 0.00009 -19.663 -19.276 1
0174 73.45883 +2.65658 0.35589 0.00061 -20.903 -20.342 3
0175 73.40679 +2.59400 0.02890 0.00003 -17.056 -16.640 3
0176 73.79854 +3.23000 0.33440 0.00001 -21.728 -21.291 3
0177 73.84833 +3.01581 0.25111 0.00079 -21.081 -20.431 3
0178 73.72112 +3.11192 0.31523 0.00030 -22.311 -21.803 3
0179 73.88129 +3.03483 0.18239 0.00006 -21.075 -20.574 2
0180 73.91237 +3.05283 0.28596 0.00020 -21.461 -20.884 3
0181 73.73033 +3.10953 0.19863 0.00011 -19.775 -19.366 1
0182 73.76900 +2.99153 0.33079 0.00102 -20.866 -20.461 3
0183 73.71275 +3.07978 0.09946 0.00011 -20.952 -20.340 3
0184 73.67759 +2.83489 0.19872 0.00046 -20.713 -20.055 1
0185 73.78346 +2.76031 0.42403 0.00200 -21.693 -21.176 3
0186 73.80092 +2.88711 0.27116 0.00016 -21.560 -21.055 3
0187 73.74762 +2.88386 0.22919 0.00067 -20.374 -19.690 3
0188 73.79071 +2.76292 0.21334 0.00006 -20.682 -20.439 2
0189 73.52325 +2.63261 0.16595 0.00020 -19.721 -19.436 3
0190 73.64088 +2.73453 0.16616 0.00004 -19.456 -19.083 3
0191 73.53529 +2.64000 0.16649 0.00022 -21.045 -20.416 3
0192 73.71983 +2.55514 0.37665 0.00020 -22.098 -21.622 3
0193 73.73025 +2.51344 0.06836 0.00006 -16.683 -16.332 3
0194 73.56979 +2.74478 0.25100 0.00024 -19.957 -19.379 3
0195 73.68529 +2.62142 0.22305 0.00073 -20.694 -20.007 3
0196 73.48788 +2.76111 0.23614 0.00014 -21.050 -20.560 3
0197 73.44771 +2.64717 0.23186 0.00043 -20.823 -20.200 3
0198 73.59188 +2.78514 0.20347 0.00009 -21.024 -20.376 1
0199 73.51063 +2.75700 0.20048 0.00030 -21.515 -20.793 1
0200 73.51100 +2.73922 0.19959 0.00033 -21.131 -20.409 1
0201 73.57645 +2.88150 0.20013 0.00011 -22.146 -21.429 1
0202 73.43758 +2.88997 0.23204 0.00040 -20.447 -19.798 3
0203 73.54180 +2.89661 0.20404 0.00043 -20.038 -19.332 1
0204 73.39455 +2.79872 0.20385 0.00040 -21.362 -20.677 1
0205 73.26004 +2.87544 0.41127 0.00200 -21.074 -20.581 3
0206 73.21013 +2.67969 0.20086 0.00048 -20.491 -19.817 1
0207 73.35808 +2.87567 0.25965 0.00014 -20.375 -20.104 3
0208 73.31546 +2.75119 0.25030 0.00011 -21.483 -20.950 3
0209 73.35433 +3.00717 0.19966 0.00037 -20.819 -20.154 1
0210 73.47487 +3.07375 0.13169 0.00004 -20.401 -19.876 3
0211 73.37337 +3.00889 0.19433 0.00039 -20.798 -20.096 1
0212 73.38783 +3.00925 0.21576 0.00039 -21.143 -20.464 2
0213 73.41662 +3.14436 0.19008 0.00043 -20.603 -19.945 1
0214 73.51916 +2.94878 0.20526 0.00031 -20.144 -19.466 1
0215 73.39409 +3.15336 0.22185 0.00025 -20.480 -20.034 2
0216 73.47809 +2.97831 0.20100 0.00037 -20.548 -19.973 1
0217 73.57905 +2.71442 0.18281 0.00019 -19.115 -18.650 2
0218 73.55867 +2.77578 0.19635 0.00053 -20.411 -19.799 1
0219 73.57150 +2.64617 0.16673 0.00021 -20.398 -19.843 3
0220 73.55759 +2.70317 0.21866 0.00023 -20.302 -19.946 2
0221 73.57170 +2.76236 0.20006 0.00032 -20.991 -20.284 1
0222 73.55746 +2.62839 0.16608 0.00011 -22.050 -21.333 3
0223 73.52304 +2.62761 0.27823 0.00030 -20.390 -20.172 3
0224 73.48621 +2.63500 0.19557 0.00007 -20.974 -20.608 1
0225 73.48221 +2.65067 0.23470 0.00035 -21.785 -21.094 3
0226 73.54833 +2.75158 0.27141 0.00042 -22.937 -22.372 3
0227 73.46759 +2.56878 0.32580 0.00005 -21.213 -20.843 3
0228 73.45280 +2.71064 0.20516 0.00011 -21.365 -20.703 1
0229 73.44654 +2.76353 0.20103 0.00028 -21.309 -20.620 1
0230 73.41221 +2.66356 0.20594 0.00009 -19.728 -19.510 1
0231 73.46158 +2.75072 0.27874 0.00026 -20.863 -20.416 3
0232 73.32404 +2.73011 0.20314 0.00002 -19.152 -18.781 1
0233 73.31954 +2.71814 0.21644 0.00011 -21.968 -21.301 2
0234 73.36929 +2.69631 0.20374 0.00055 -20.877 -20.224 1
0235 73.36050 +2.73900 0.20117 0.00020 -20.074 -19.614 1
0236 73.49363 +2.84253 0.20126 0.00061 -20.803 -20.108 1
0237 73.37258 +2.72281 0.19735 0.00030 -21.752 -21.031 1
0238 73.40550 +2.76747 0.19531 0.00006 -19.877 -19.573 1
0239 73.27766 +2.80536 0.22504 0.00002 -19.622 -19.255 3
0240 73.29750 +2.74775 0.19587 0.00013 -21.881 -21.205 1
0241 73.25792 +2.79192 0.19944 0.00011 -23.467 -22.740 1
0242 73.35437 +2.78556 0.20184 0.00024 -21.849 -21.284 1
0243 73.27796 +2.79219 0.20014 0.00043 -20.336 -19.666 1
0244 73.31592 +2.80286 0.20149 0.00037 -20.177 -19.470 1
0245 73.31642 +2.77806 0.19973 0.00030 -21.996 -21.279 1
0246 73.44692 +2.84547 0.20418 0.00043 -20.547 -19.848 1
0247 73.24333 +2.85869 0.27212 0.00008 -22.077 -21.472 3
0248 73.16604 +2.77331 0.23091 0.00009 -21.148 -20.729 3
0249 73.48354 +2.87236 0.19378 0.00034 -20.696 -20.014 1
0250 73.24375 +2.84747 0.27157 0.00050 -20.618 -20.140 3
0251 73.26629 +2.81853 0.20076 0.00051 -20.650 -19.989 1
0252 73.36166 +2.85917 0.30680 0.00109 -20.709 -20.220 3
0253 73.34162 +2.84239 0.24668 0.00035 -20.267 -19.749 3
0254 73.52562 +2.89722 0.20003 0.00043 -20.537 -19.845 1
0255 73.37216 +2.94967 0.20186 0.00011 -21.386 -20.690 1
0256 73.44483 +2.90553 0.20344 0.00057 -20.287 -19.623 1
0257 73.38859 +2.94100 0.19515 0.00036 -20.802 -20.211 1
0258 73.45850 +2.91742 0.19791 0.00011 -21.677 -20.976 1
0259 73.34508 +2.92933 0.20637 0.00005 -20.108 -19.744 1
0260 73.53900 +2.92111 0.20343 0.00018 -21.468 -20.746 1
0261 73.34725 +2.95969 0.20718 0.00037 -21.654 -20.967 1
0262 73.53979 +2.92797 0.19692 0.00025 -20.834 -20.121 1
0263 73.16221 +3.01411 0.21563 0.00053 -20.416 -19.742 2
0264 73.33563 +2.97181 0.19973 0.00042 -20.544 -19.854 1
0265 73.50733 +2.92994 0.19481 0.00029 -21.015 -20.377 1
0266 73.48063 +2.93236 0.20125 0.00011 -22.194 -21.510 1
0267 73.33075 +3.12461 0.08588 0.00002 -19.576 -19.050 3
0268 73.30683 +3.07797 0.18798 0.00011 -20.771 -20.317 2
0269 73.20288 +3.22908 0.19302 0.00077 -19.911 -19.551 1
0270 73.29192 +3.09617 0.12089 0.00011 -22.112 -21.389 3
0271 73.20250 +3.21689 0.05251 0.00003 -18.157 -17.749 3
0272 73.36833 +3.09094 0.20247 0.00047 -20.500 -19.827 1
0273 73.43333 +3.02694 0.19497 0.00015 -21.607 -21.045 1
0274 73.40450 +3.05106 0.21027 0.00040 -21.009 -20.300 1
0275 73.54333 +2.93617 0.19496 0.00031 -20.287 -19.597 1
0276 73.39846 +3.12547 0.18968 0.00023 -20.773 -20.288 1
0277 73.39787 +3.08711 0.11879 0.00003 -19.346 -18.791 3
0278 73.26125 +3.29000 0.25391 0.00012 -21.038 -20.411 3
0279 73.31721 +3.17464 0.20969 0.00043 -20.394 -19.737 1
0280 73.29183 +3.23478 0.20105 0.00016 -21.612 -20.975 1
0281 73.42083 +3.09281 0.19774 0.00037 -21.524 -20.836 1
0282 73.42975 +3.16286 0.32686 0.00054 -21.955 -21.417 3
0283 73.51913 +3.07408 0.23071 0.00008 -20.270 -19.888 3
0284 73.45054 +3.14194 0.23104 0.00013 -20.608 -20.107 3
0285 73.52375 +3.04567 0.20204 0.00045 -20.183 -19.550 1
0286 73.41009 +3.23314 0.21184 0.00005 -20.700 -20.317 1
0287 73.46917 +3.16089 0.32604 0.00010 -22.432 -21.979 3
0288 73.53525 +2.98567 0.20071 0.00046 -20.340 -19.634 1
0289 73.40854 +3.29428 0.11666 0.00015 -21.025 -20.340 3
0290 73.53109 +3.34403 0.11618 0.00002 -19.441 -19.051 3
0291 73.53109 +3.30606 0.19958 0.00065 -20.194 -19.490 1
0292 73.54450 +3.19281 0.27312 0.00021 -21.368 -20.737 3
0293 73.54104 +3.04467 0.13204 0.00004 -18.456 -18.102 3
0294 73.56850 +3.03972 0.20046 0.00033 -21.733 -21.007 1
0295 73.56638 +2.97197 0.20198 0.00034 -21.027 -20.334 1
0296 73.52225 +3.20858 0.20236 0.00025 -21.814 -21.121 1
0297 73.51446 +3.19811 0.26001 0.00027 -20.652 -20.183 3
0298 73.58583 +2.94486 0.19462 0.00051 -20.554 -19.842 1
0299 73.58079 +3.21514 0.19398 0.00033 -20.789 -20.143 1
0300 73.60658 +3.09433 0.20410 0.00045 -20.171 -19.488 1
0301 73.58400 +3.07394 0.20030 0.00028 -20.728 -20.002 1
0302 73.60471 +3.11439 0.32688 0.00092 -20.729 -20.326 3
0303 73.59225 +3.16136 0.20801 0.00051 -20.914 -20.259 1
0304 73.57500 +2.96156 0.20376 0.00040 -20.384 -19.635 1
0305 73.60575 +3.32678 0.20093 0.00033 -20.776 -20.078 1
0306 73.59942 +3.18122 0.23083 0.00033 -21.827 -21.126 3
0307 73.69912 +3.21144 0.33560 0.00012 -21.638 -21.292 3
0308 73.66362 +3.31686 0.20359 0.00059 -20.266 -19.574 1
0309 73.75383 +3.36083 0.10165 0.00010 -19.247 -18.638 3
0310 73.67142 +3.31967 0.20049 0.00031 -21.281 -20.538 1
0311 73.69717 +3.24719 0.20182 0.00048 -20.180 -19.462 1
0312 73.61925 +3.07097 0.20158 0.00034 -20.826 -20.148 1
0313 73.72829 +3.35486 0.22113 0.00049 -20.928 -20.257 3
0314 73.59625 +2.96697 0.20045 0.00029 -20.229 -19.560 1
0315 73.64346 +3.07608 0.20411 0.00062 -20.443 -19.736 1
0316 73.77279 +3.25906 0.19939 0.00030 -21.208 -20.529 1
0317 73.69030 +3.06206 0.37936 0.00066 -21.914 -21.386 3
0318 73.64696 +3.01822 0.19729 0.00032 -21.465 -20.771 1
0319 73.70921 +3.09189 0.37970 0.00079 -22.017 -21.542 3
0320 73.67287 +3.04961 0.20035 0.00067 -19.366 -18.747 1
0321 73.82833 +3.24567 0.20074 0.00033 -21.211 -20.504 1
0322 73.84063 +3.30278 0.29602 0.00052 -21.222 -20.620 3
0323 73.73096 +3.13106 0.33350 0.00006 -20.845 -20.486 3
0324 73.77455 +3.19761 0.19915 0.00041 -22.287 -21.637 1
0325 73.91517 +3.15386 0.20287 0.00014 -21.234 -20.740 1
0326 73.62600 +2.97936 0.19895 0.00037 -21.211 -20.502 1
0327 73.73584 +3.08469 0.09915 0.00004 -19.017 -18.447 3
0328 73.76529 +3.05506 0.26570 0.00023 -20.011 -19.535 3
0329 73.77100 +3.11308 0.27018 0.00048 -21.081 -20.627 3
0330 73.86713 +3.15308 0.31493 0.00070 -21.498 -20.969 3
0331 73.70567 +3.03289 0.19862 0.00009 -19.281 -18.996 1
0332 73.97846 +3.14575 0.11663 0.00002 -20.415 -20.007 3
0333 73.80537 +2.99528 0.29546 0.00018 -21.443 -20.931 3
0334 73.89400 +3.04831 0.47988 0.00200 -22.050 -21.574 3
0335 73.84275 +3.04319 0.20235 0.00200 -19.060 -18.678 1
0336 73.95150 +2.96325 0.27212 0.00006 -20.396 -20.060 3
0337 74.00005 +3.04764 0.51059 0.00046 -22.950 -22.408 3
0338 73.95254 +3.02189 0.20156 0.00034 -21.196 -20.528 1
0339 73.64908 +2.92806 0.19563 0.00084 -19.977 -19.322 1
0340 73.86438 +2.98972 0.28024 0.00007 -19.917 -19.518 3
0341 73.95570 +2.98719 0.26718 0.00016 -21.172 -20.504 3
0342 73.73792 +2.95033 0.12653 0.00006 -18.216 -17.789 3
0343 73.91088 +2.98347 0.20298 0.00005 -20.877 -20.403 1
0344 73.72908 +2.90000 0.20739 0.00030 -21.214 -20.574 1
0345 73.92763 +2.91628 0.15330 0.00010 -20.670 -19.984 3
0346 73.55696 +2.93619 0.19849 0.00038 -20.581 -19.842 1
0347 73.80030 +2.91997 0.27143 0.00009 -20.867 -20.494 3
0348 73.82896 +2.90472 0.37680 0.00016 -21.001 -20.467 3
0349 73.93958 +2.87892 0.31603 0.00026 -21.173 -20.665 3
0350 73.79267 +2.90267 0.28005 0.00005 -20.851 -20.393 3
0351 73.79833 +2.80906 0.20627 0.00011 -20.875 -20.218 1
0352 73.57454 +2.92642 0.20250 0.00034 -21.064 -20.355 1
0353 73.71779 +2.86067 0.21322 0.00006 -20.673 -20.486 1
0354 73.59087 +2.91653 0.19633 0.00049 -20.579 -19.884 1
0355 74.01913 +2.74758 0.22450 0.00049 -20.911 -20.282 3
0356 73.95421 +2.77614 0.16539 0.00029 -21.491 -20.743 3
0357 73.70342 +2.87625 0.20635 0.00005 -19.599 -19.093 1
0358 73.81762 +2.83083 0.16507 0.00019 -20.356 -19.670 3
0359 74.01130 +2.78439 0.16693 0.00028 -19.590 -18.889 3
0360 73.87596 +2.65789 0.14795 0.00017 -20.695 -20.040 3
0361 73.96658 +2.68817 0.17633 0.00039 -20.788 -20.119 3
0362 73.69505 +2.81306 0.23686 0.00025 -21.492 -20.783 3
0363 73.78720 +2.78739 0.20573 0.00004 -19.782 -19.559 1
0364 73.70562 +2.81756 0.25906 0.00047 -21.181 -20.525 3
0365 73.84525 +2.74239 0.37704 0.00017 -21.143 -20.726 3
0366 73.89046 +2.70486 0.19720 0.00008 -19.310 -19.020 1
0367 73.76058 +2.79250 0.27513 0.00200 -21.429 -21.059 3
0368 73.82683 +2.58681 0.21278 0.00045 -20.588 -19.881 2
0369 73.89480 +2.62683 0.27214 0.00078 -20.586 -19.930 3
0370 73.68712 +2.77789 0.27281 0.00044 -21.799 -21.198 3
0371 73.76037 +2.74631 0.27234 0.00020 -21.587 -20.934 3
0372 73.65817 +2.83078 0.22343 0.00036 -21.248 -20.564 2
0373 73.91304 +2.58639 0.21254 0.00006 -20.280 -19.896 2
0374 73.74838 +2.73072 0.20176 0.00007 -19.986 -19.489 1
0375 73.84162 +2.65144 0.16653 0.00011 -21.145 -20.631 3
0376 73.69854 +2.80153 0.33860 0.00009 -22.893 -22.350 3
0377 73.63650 +2.72142 0.37059 0.00200 -21.088 -20.670 3
0378 73.59879 +2.83953 0.20505 0.00050 -19.291 -18.653 1
0379 73.67417 +2.75347 0.12589 0.00200 -18.102 -17.737 3
0380 73.58567 +2.89358 0.19893 0.00028 -20.607 -19.927 1
0381 73.66079 +2.76631 0.17105 0.00025 -19.133 -18.479 3
0382 73.75729 +2.48842 0.31669 0.00017 -20.752 -20.354 3
0383 73.62721 +2.81564 0.33918 0.00057 -21.555 -21.019 3
0384 73.67175 +2.69642 0.27282 0.00013 -20.442 -20.001 3
0385 73.71567 +2.48389 0.17594 0.00019 -20.806 -20.112 3
0386 73.62433 +2.65717 0.27211 0.00100 -20.597 -19.965 3
0387 73.66141 +2.60239 0.22619 0.00007 -20.212 -19.986 3
0388 73.67158 +2.45822 0.20252 0.00007 -22.059 -21.696 1
0389 73.62983 +2.68092 0.27227 0.00014 -19.992 -19.618 3
0390 73.63125 +2.69975 0.21695 0.00056 -20.680 -19.966 2
0391 73.65383 +3.05667 0.20191 0.00050 -20.582 -19.879 1
0392 73.56454 +3.10036 0.19470 0.00032 -20.752 -20.078 1
0393 73.67617 +3.12681 0.17577 0.00024 -19.094 -18.604 2
0394 73.56880 +3.14631 0.19382 0.00027 -21.963 -21.313 1
0395 73.66296 +3.12061 0.19999 0.00072 -19.545 -18.891 1
0396 73.57608 +3.14636 0.19975 0.00040 -20.837 -20.126 1
0397 74.00800 +2.92633 0.27327 0.00017 -21.965 -21.337 3
0398 74.01783 +2.93708 0.22952 0.00015 -21.038 -20.408 3
0399 73.77400 +3.04014 0.46106 0.00011 -22.277 -21.778 3
0400 73.90700 +3.12033 0.14349 0.00003 -19.745 -19.281 3
0401 73.76746 +2.94083 0.23657 0.00009 -19.796 -19.570 3
0402 73.65709 +2.79339 0.12468 0.00007 -19.975 -19.395 3
0403 73.98558 +2.72075 0.27491 0.00017 -21.226 -20.685 3
0404 73.60829 +2.88161 0.22483 0.00071 -20.575 -20.043 2
0405 73.99662 +2.70389 0.16719 0.00021 -19.359 -18.971 3
0406 73.85259 +2.52081 0.22851 0.00025 -21.461 -20.790 3
0407 73.65796 +2.86331 0.22486 0.00071 -20.952 -20.364 2
