-0.8900546202456745
-0.2101999502957277
-0.7846619369243051
-0.9249851724462381
-0.6853040946753559
-0.7013377195149069
0.03581646991164078
-0.6176693486913756
0.09968674490206197
0.3916799647047675
-0.3745825077859699
-2.0248147508629977
-1.0280277315204067
-0.8319920932238141
0.3200308742860791
0.12571446267982722
-0.441982557865483
-0.4788685985832437
-1.1247086797692525
0.34078685083823146
-0.1522994566310949
-1.1850089782014628
-0.05158516964673865
-1.4644192309666657
-0.7603755707574713
-0.33909878020829964
-1.0700212098250539
-0.8172124255293163
-1.675014629297376
0.04101399714663856
-1.6441861246346825
-0.3800404336895973
-0.029367433637954576
0.3747763523727663
-0.6497170567485675
-1.1225680203131922
-0.8179756439772454
-0.8373865787256811
-0.7856456404626009
-1.4354455831613073
-0.974961678356447
-0.4166482743829185
-0.010161080049453375
-0.604516947828099
-0.22789883900753338
-0.39862549381130563
-0.7719405571518614
-0.3309395934514008
-0.8444932042857651
-0.1575241320911367
-1.1073724216996759
-0.7501192843294113
-0.881960895790467
0.25237663101524177
-0.824332357848899
-0.3145311884911841
-1.8952580014049936
-1.095525775110513
0.6392292376897082
-1.3296941568460277
-0.3343683750081077
-0.8561219121580699
-0.7760306553058847
-1.321158444222771
-0.2660192192969184
0.039866159950367575
-0.5173089295104027
-1.3486520695505924
-2.0774138837205065
-1.0305776856768425
-1.3867600261699629
-0.8380095998274975
-1.765823876012032
-1.0094927733040713
-0.5503534462323039
-0.030871192107905898
-0.5580908266718119
-0.4310178419513129
-0.8824891170758029
-0.6701465977501151
0.21385166403094402
0.11649105406016602
-0.18260863839432417
-1.0226534744100029
-0.12435528515089445
-0.46588452159562266
-0.30567888287893297
0.14194588582796897
-0.32455177171143745
-1.7996808652454739
-0.7314312070636042
-1.1337893565966475
-2.434807935783933
-1.5401080496300743
-1.6842145382673372
-0.6035944333005254
-0.633642119198722
0.1981551662570844
-0.1735931365843264
-0.055676204255430406
-0.1052638342309784
-0.6715949431595583
-0.46127085297719006
-0.17956720353144462
0.11656826992650693
-1.3331912038688607
-0.38073324658723706
-0.46090674027776046
-0.5900229064335285
-0.9485176967350064
-0.3203252081452739
-0.3545832794643893
-1.225133707920687
-0.2814605949512661
0.5078345594330251
0.14667085524814993
-0.8248068082959712
-1.2486473937736484
-0.0398351674033357
-0.2767974220725016
-1.2008091525225346
-1.184901700647739
-0.4509696689447473
-0.3584831875012462
0.5570878615235024
-0.8385556002935708
-2.136807791768984
-0.6561300836932098
-0.7802940519168793
-1.0151013341214785
-1.5006141299524778
-1.293155373454777
-0.2547509146460918
-0.22897605680465105
-0.6964432937260021
-0.5405565861270354
-1.1243230884008817
-0.7512848430189614
-0.6135327062109148
-0.33736235904261136
-2.4938027108994696
0.42582146492758355
-0.5289242582112585
-0.3287811188952041
0.2382947701003566
-0.6513633368851082
-0.13498375153457332
-0.5082456729671314
-0.487488613189452
0.47494414909602156
-0.6796908400715118
-0.5625202064758348
-0.574995662827174
-0.22979637302402622
-0.8814719977408991
-0.5041842004715242
0.25229394683204376
-0.5465831345788068
-0.9080906145816066
0.4542977787637774
0.23481121682974404
-0.042216838686055524
0.16132668228658886
-0.17523076649046843
-0.7711067990982876
-1.2530271976557081
-1.0494274534633057
-0.20765242008564755
-1.202885683487093
-0.5026368801535703
-0.789182415647641
-0.22101500771762161
-1.2535188143220601
0.38943396850146783
-0.39196988789639065
-0.9962076865522214
0.4774819449109522
-0.9372516266138256
-0.8431777817290076
-1.3896944800549385
-0.24156953785550783
-0.6205091656071708
0.6553550094324869
-1.0472807341402124
0.36755777409372925
-0.7489460910460899
-0.3018086698711322
-0.6313359768920286
-0.102817216563448
0.12013070484642085
-1.233945361945569
0.12960729007531668
0.16089274360649952
-0.6326825175607631
-0.48366864236207263
-1.2717386202345402
-0.49473754708389706
-2.1793936638223066
-0.8979523111543521
-0.30198795603648065
-0.9187737221399281
-1.1295888655796738
-0.865993397894453
-0.23395760073099936
-0.4324725018268616
-0.01553713940068846
0.18497119371096815
-1.7350510333091584
0.2693542781518268
0.540326090867655
-1.0782368235069235
-0.7432339073637699
-1.2017425041816487
-2.133282447390666
-0.3563956270470605
-0.5886987719024823
-0.8626235991304263
0.4042662851173624
-1.0592131752691465
-0.29235279335811626
-1.3450049318062973
-0.27425824198988025
-0.020407752609738594
-0.6823484158366959
-0.632689702222816
-0.3857833480122643
-2.314896992183929
-0.08722371826805997
0.0008053580057385545
-0.9316820095560381
-0.5389446296472009
-1.3559229227738392
-0.38774364414933515
-0.05996556759722793
-0.9212183811122081
-0.37809141415804604
-0.48793222219751087
-0.7764970694364841
-1.1792515177954321
0.32748033910474206
-2.0246912497979785
-0.6241956311544463
-0.22327246219644437
-0.9222230444507709
-0.6796887811293537
-0.4676318964703192
-0.05393706948907706
-0.7483272998233552
-0.8507439863060533
-0.5800926454650117
-0.5314339822962886
-1.145515901896811
-1.6456602565596619
0.35799753038481086
-0.8090113012599112
-0.25511215230597983
-0.8483926367683488
-0.13846282268582044
-0.5106752491210038
-0.9797949570474564
-0.31248871879007467
-0.07143975709665185
-0.20290309285129737
0.03941862912336447
-0.742191250142664
-1.4121520069624829
-0.16050203506368277
-0.5461004845699016
-0.07634806574423791
-0.7567452158304597
-0.9406391335569388
-0.9408048245471541
0.39932782330352623
0.8606661485803677
-0.5030007557523781
-1.3738344623084622
-0.516991002825133
-0.4811519230485821
-1.9203728605586399
-0.9337851213493416
-1.7835206105125074
-0.6530470640797397
-0.44138338182606773
0.15705470522934561
-0.41352330227229217
-0.8457035683284282
-0.002734651231232732
0.24520386265982452
-0.2031514287414744
-0.2915342409310391
-0.2158341719227046
-0.20942901652380996
0.1352140032414475
-0.25028561107702885
-0.20428884329430375
-0.7878672997206415
-1.2159141253570986
-0.959599708390126
-1.1676662316651338
0.17604597353890838
0.6055231004472397
-0.4272063585303947
0.013081928857221925
-1.0347664903828324
-0.8268699765634402
0.2554465975602689
-0.02666852910740758
-0.07427516759761588
-0.7141171647100002
0.014228046203943023
0.1329391511659459
-1.3945977181772342
-0.5458434207563094
-0.16135300276058828
-0.459432766483868
-1.1694945981655813
-1.0291513368537828
-1.192934017748211
-0.6565183186837338
-0.8422764126311613
-0.1573383769080685
-1.2042527146239586
-1.718380549853503
-0.6437761649577389
-0.00996436426161651
-0.2905092029603189
-1.0407040895086475
-0.47106068081498265
0.45582332619430943
0.35277614305325145
-1.6139529187667954
-0.5434511954120858
-0.6208087241288034
-0.6844140258161637
-1.001819556491153
-1.8649242103901393
-0.39510705894550924
-1.1114094157355616
0.02420940849136244
-0.876185417558613
-0.6254655333918286
-0.6751527248363622
0.1844471573569031
-1.3406953200935128
-1.100331075393651
-0.5056291032939946
-1.329060497261107
-0.028576069975525087
0.13432516585352872
-0.5106573666664325
-0.3530821495074541
1.1030045017124657
-0.25473209178479905
-0.4646606787532015
-0.20041673268331905
-0.6528996642868599
-0.20324101983815623
-1.5980403176021802
-0.12422406696924426
0.3073304005308053
-0.21893168457649992
-1.0916023414471532
-0.32038678924474695
-0.2991384154746122
0.016438531613108154
-1.2520467595041502
-0.2283859848419887
-1.220503595765674
0.025740683176369572
-0.8169527361524693
-0.43724803510724186
-1.1864144794532159
-0.9338394973799886
-0.23222239644674048
-0.15868693815574986
-0.85237960321167
-0.19431248211480678
-1.2818152853062337
0.24081225263278228
-0.6788121429804015
-0.3742664609325139
-0.8626971389411686
-1.090569842789531
-2.338922763163904
-0.9694937521893188
-0.6335375543017499
0.40240680309425514
0.03857984371068213
-0.6662478337778133
-1.0168462637433855
0.16951567822131963
-1.172352514899
0.035364411979092125
0.08291987210848006
-0.958800214161112
-1.0708758175670958
-1.2536407872675532
1.0972474119994224
-1.5702679760828282
-0.5385791753449034
0.44969917748949584
0.982163923443462
-0.5707998732606363
0.1540090794147666
-1.4136400963002949
-0.17706417870313018
-0.6916728967241959
0.05151033953572792
-0.2164853138083167
-0.9287069612923311
0.48927116911800184
-1.0817091629645255
0.4847835834743002
-0.21258070263236206
0.3050114680341487
-0.8248147285514271
0.038774961230149785
-0.35930741482676964
-1.1733482481148165
-0.775974033275741
-0.1439056620319228
-1.7608818782898474
-2.1845284646177525
-1.526877339462981
-0.06491976694618629
-0.56571290664996
-0.957082689969976
-0.9783245006444012
-1.6947316623876922
-0.8608934453519161
-1.2133710175927739
-0.7685281278469169
-1.2069244995570436
0.019287906716034087
-0.8954768170448908
-1.3837415084452225
-0.8264884175458
-1.6222123603956753
-1.5905874464832088
-0.5466670316426807
-0.5447262970854858
-0.6494521671429219
-0.7153515022953307
-1.116532578257928
-1.1317976415270543
-0.8479883161156003
0.8074113410355643
-1.2236229544491657
-0.1411063785241673
-0.4875002268222879
-0.2501316211862523
-0.5341319803947577
-2.3127177729195374
-0.39643103709013516
-0.041797679579385516
-0.3099024767301266
-0.9688338936602428
0.478637167721633
-0.25571815800246256
-1.3089541875344075
-0.2391478021348341
-0.47545804363201327
-0.369131134447354
-1.3056109625377381
-0.11718236281063454
-1.0548079403610267
-1.678707117254259
-1.3292091592515014
0.392210004682088
-0.36906157361245207
-0.6701363068697468
-0.3978095743565966
-0.14104427572842937
-0.1785983440799832
-0.40927673890419314
-0.4907596971437407
-0.735653199720101
-0.18181340551158698
-2.173294187660016
-0.6650730958640416
-1.027304057892433
-0.7660524209061883
0.14474523082082058
-0.3912629518007229
-1.6562617842802574
0.1869938047889157
0.3041688267535143
0.0007925468888352327
-0.2856263419949947
0.06317177976930921
-0.8477314967512761
-0.20603440063893785
-0.8264542740953651
-1.3665668022179993
-0.8119384025771375
-0.31606459676246956
-0.3882668134351057
-0.2081284612801646
-0.5472854501027165
-1.1039501137111607
-0.2323382909647016
0.5317198143861255
-0.4871371889882816
-0.5798979754325408
0.1431204795821266
-1.0888832894212719
-0.07212130915523218
-0.27874975510711053
0.5159928343815388
-2.3713966395066954
-0.3559412527095809
-0.1474225872753685
-0.551336159808681
-0.9673694592396451
-0.3712340870191717
-0.6738835638267595
-1.0616661075381266
-0.4496884047372127
-1.048997893161225
-0.03992810318022677
-1.852304767275438
-0.05006146175989201
0.5155471951610373
-1.098011041208789
-1.517437768060443
-0.021928335552527045
0.20448392951799477
-0.8290995146140823
0.29316939834705025
-0.4421473983523576
-0.76480656029889
0.25584943792538084
-0.4680958121195111
-0.5466130944109828
-0.1360431665115378
0.09166590897276095
-1.268455486557425
-1.921556201307748
-0.5671934325881516
-0.6841060297574266
0.11379951457603354
-0.8612163760837426
-0.2280178927588672
0.6376484861283593
-0.4989740926970363
-0.47532442074736636
-0.7304701499145629
-1.3051344340335156
-0.006090834021247105
-0.22725435482963618
-0.42741010777356436
-0.21735310453706447
0.20873383163479176
0.11684009588374877
-0.5041009039767026
-2.293084439047444
-0.44697998594693544
0.28667178428544915
-1.3364904896680052
0.5315690952342216
-0.32571388200289775
-1.0578881962944244
-0.5181547670746021
-0.9539120837545845
0.09640219425263652
-0.41637531522304627
0.8523402138335747
-0.9642409632761506
0.04751672597554446
-0.08924890903193372
0.23622931610409026
0.01601125158694927
-0.6402243205827283
-0.47236513470178565
-1.4114913662411332
-0.0928932542353742
-0.6337034482498005
-0.31095012335913097
-1.4924348494002508
0.31611288300473817
-0.04527565393993527
-0.12424195061941745
-0.2656279884670134
-1.3437481079067446
0.025936530060622687
-0.785400326456891
-0.5699404131914001
-0.30151779374238785
-1.7893091951856626
0.8716215761078878
-1.9894889047324646
-0.20213186667814043
-0.49763180273994223
-1.1968509079636043
0.5958363027850133
-2.4882948728611147
-0.7974474795710442
0.45414906142757516
-0.591099650150678
-0.3901200109064824
-1.0892805427245342
0.21284255124837514
-0.8616683469171953
-0.662118659231421
-0.9601705590539176
-1.3274145156305188
-0.6044038686336499
-0.5777445856273395
-0.8323932357171024
-1.0262910632647468
-0.26717382612612184
-0.5018184443045435
1.1448728024587531
0.04575309986278242
-0.024364661205108717
-1.7762789014974025
-1.2276799504105718
0.3627989868553705
-0.0499978068745115
0.8810437152408035
0.659106131357337
-1.3384252945916835
-0.3438508586476381
-1.0919210482073076
-0.19203507045790147
-0.6624825447142761
-1.3823501770882523
0.8492272876634139
-1.6421219646386866
-1.4048264029773883
-1.024624063057285
-1.4699758097409692
0.15077838702768886
-0.966938098412836
0.2707783464923246
0.08468324114798875
-0.2737555250099426
-0.07722901321737297
-0.5982381459100274
-0.8331131197099175
-0.9414740700274074
-1.8303955262826967
-0.4469704988729397
-1.824109333659262
0.0209277573621911
-0.5303006022809562
-0.4676853276584687
-0.06608941375334254
-1.0880711876403204
-0.10122238138502482
-1.3261858063816128
-0.12193276025861266
-0.4345514893582383
-1.1591252131227598
-0.1287823157978174
0.2842925529357707
-0.9434737943154907
-0.3549166962412862
-1.0540078608455836
-1.5280519778953412
0.4206400975298088
-0.4605295228095052
0.019036402318224788
-0.4845576629912891
-0.7798336858062349
-0.03224665454379405
-0.7309259141862974
-0.132381985081107
-0.7314410623426788
-0.6574924472836834
-0.38802874212069227
-0.6891908451691044
-0.12613943306449116
-0.7069091489628043
-0.6245399380658334
-0.2877103321438419
-0.4191960828199477
-0.39071899431908363
-1.3342375314378607
-0.619539306785267
-0.7245366244648288
0.09144214520097549
-1.8167478777248185
0.283590872804087
-0.07378558393343937
-0.40475576617914655
0.1754661369911652
-1.2860454503924608
0.44709552636831873
-0.5584199240410719
-1.029793322162174
-0.6844001761011036
-0.20084148931011825
-0.48567879900201305
-1.3773461949565977
-0.24670221499706813
-0.27928442556480704
-1.3510117811570375
-0.29073308767351236
-0.7445251830958703
-0.9242556762200813
-1.4636003281653807
-0.23893959391321218
-0.7233117968024594
-0.606203695471887
-0.40660545120354286
-1.359290093296817
-0.47270297081280077
-1.7535965176421193
-0.7489273919132948
-1.0288943873067602
-1.7344420304640487
-2.3603150085284277
-0.3471668654009754
-0.24694123492993114
-1.400502621246158
-0.9895420234715537
-0.28243679547916756
-1.0957398146111181
-0.36694089564120347
-1.2045089299886733
-0.7311549920900511
-0.9589065535228904
-0.9890233817752225
1.297666716786754
-1.7259569474376626
-0.2775385119180491
-2.024269866964584
-1.9331102720450097
-0.9551498812070882
-0.46897816703028283
-0.37913551629354103
-0.07075579685827549
-1.4422362179031971
-1.042718562530876
0.17493674529064052
-0.6921480430848526
-0.1668279462568698
-0.904602822443632
-0.3833328575564501
-0.526985667300135
-0.07152676050482043
0.11293450301529973
-0.44987807215634845
-0.1630878243006002
0.5524669534105335
-0.6169351015237616
-0.6416173333172246
-0.033469523776116006
0.5677579572704623
-0.5464308349864062
-1.9872782509602551
-0.10306359374916596
0.03283781424878285
-1.0555751933582336
-0.6119378140376988
-0.165961086976818
-0.11539469217410314
0.15296527521120495
-0.47259637802836707
-2.1193783071323757
-0.37549593285916316
-0.49633945039917293
-0.2884781558589218
-0.5829992325422602
-0.20213044137842573
-0.48001275290051737
-0.7108691901642992
-0.44728685783865885
-0.2844185066041085
-0.6248758772895222
0.22426035376335918
-0.2314201436879948
0.1830520483463296
-0.30107898863819216
-1.0377525263116318
-0.12250709035420115
-0.1082223365538475
-1.1611088642532046
-0.6047367900734848
-0.8817821386053986
0.14166287052727355
-0.4003599156209212
-0.42700927861953275
0.23346971145416617
-0.6021861645184821
-0.5348759398492682
-0.8853011000522137
-0.44454290234365246
-0.13640014711183923
-1.131187647561159
0.06291673145956977
-1.3157611796143662
-1.3159443893663187
0.011993915484129758
-0.976844083583952
-0.3000609733349897
-0.21210274505966353
-0.43373287740690714
-0.6105044211999164
0.77138864429023
-0.746557985094551
0.5185698756362989
-0.10858517338816043
-0.8000662969949239
-0.5242848530568089
-0.7090180139127931
-0.7248001552922254
-0.3502906629252287
-0.6197618254730735
-0.739056795633811
-0.5884150377158015
-0.3837563440976446
0.4928464515105624
-0.34011247448433934
0.17583865775195662
-0.4908967041735899
-0.6913159616759081
-0.0037603693186376574
-1.0460684778749787
-0.39762335652907765
-1.1182986302202345
0.42262802810367717
-1.0513382092102965
0.4423571053247066
-0.4507080896200044
-0.0973693570195131
-0.15944251292210865
0.4864790449933203
-0.21149287067131795
-1.1963695285681375
0.0989928138022158
-1.201432049008016
-1.6352357178379258
-0.8250233572228716
-0.009913703992079803
0.6804015564600512
-0.37162431218711944
-0.5838198295825485
-1.0918070209902844
-1.240326343128455
-1.693054289337649
-0.00022328540603311353
-0.6968592301799355
-0.37587406598559525
-1.2999511424357557
-0.6260944454229183
-2.020019417423182
-0.09338765582347364
-0.8671967720410372
-1.1560906452184518
-0.16006731379740913
0.08987516873792245
0.09673526278583111
-1.3861692106228354
-1.7574588109281954
-0.09935892157173143
-0.19397976237940995
-0.15669795365672812
0.36506672242264315
0.0811187895260197
-1.3739387274715789
-1.4098132722124284
-0.3460170372230742
-0.06743036582485828
-0.4036627888591191
-1.231832405884031
-0.9207059954289996
-0.28164507929973226
-1.8861443623442788
-0.13925315915421876
0.122072262165009
-0.39152332549761226
0.46017150490229497
-0.27398370026646646
-0.621875963625552
0.32410950573171604
-0.25631652045388975
-1.542626568921488
-0.45457435905008126
0.49107091926981994
-0.39851044230514887
-0.7356700188305716
-1.0663012179095936
-2.2585329541892314
-0.05273525816640401
-0.26507761568246835
-0.48792312207674726
-0.0916190185720005
-0.2929990057821037
1.054805234081389
-0.19330526590601593
-0.8816949358868946
-2.488250886079097
-1.6935399723448192
0.517784636847697
0.04905607430933756
-0.20330239982837028
-1.4482022889765709
-1.6253924298895264
-0.4039807596306808
-1.246197323225413
-0.6220038389843232
0.1695784691589033
-0.7723646375305542
0.024306874990333682
-0.06871411026586927
-0.6909453972295942
0.014901141215478475
-0.6878319737929637
-0.7692610160327398
-0.5127284567096488
-1.4885479296202924
0.7830332687460988
-0.6683514014979401
-0.15170500994770109
-0.32428161732952887
-0.1706845133227226
-0.7234861070889558
0.720857625191325
-2.074107987974113
-0.6205042362484754
-0.19770465357406053
0.894495012633346
-1.7389935757014534
0.06647059194242289
0.35100972007710496
-0.0007384773216294604
-1.5912454284201196
-0.5739274012827416
0.6056465165083473
-1.1666161698701067
-0.3211274978195853
-0.4015928304837466
-0.07854881775899614
-0.013652341886722041
-0.8031335054655067
-0.4938759982858123
-1.802365770454582
-0.278433579794477
0.07658587618134405
-0.2812144349675485
-0.8311154393811329
0.4390527424659929
-0.6135323715583887
-0.05445048434526356
0.7544445409245135
0.4510995817650816
-0.06848222068770937
-0.22599918555067333
-0.34784846233170796
-0.5136756854833457
-1.3820373865273403
-0.5882638610855615
0.2335829010340582
-1.0084998351872905
-0.38401973469701645
-0.19662685292687954
0.16927167851727276
-0.5437610442969536
-0.4915474488078182
-0.7709630048584692
-0.8821963693245145
-1.4288108878888544
-1.1247628101772413
0.015493932437625091
-1.5900048684261314
-0.9362090636031546
0.5871699764172469
0.5106655113872911
-0.643011766641731
-0.8470450921970603
-0.2594617137378741
-0.49022703324365224
0.1573286121871753
-0.7819086511984743
-0.4056787952515428
-0.4687986310884149
-0.5484840886210485
-0.8597134752688582
0.521936216757215
-0.811246249998927
-0.5012372562670855
-0.6559066625080838
-0.2456094486677607
-0.12490849335581444
-0.1504840807525305
-0.7765283302149548
-0.3868460792974382
0.15015279944990212
-0.5885458907896144
-0.8416592535278902
-0.4525147109796954
-1.097380926567208
-0.3434274221937379
-0.2314332582116485
-0.08711748925426477
-0.41660911016311886
-0.6155493094846314
-1.7755627344747573
0.3361428809918614
-0.4942169133373504
-0.5573032198623444
-0.06610571546482547
-0.4648105879011091
-0.2570457196977962
-1.6528665839059151
0.09369700080691601
0.38548543210913877
-1.3136114675351216
1.393313917179018
-0.6690149940314818
-0.1910041341207993
-0.03287055585624543
0.009169126859067234
-0.29744939369632206
-2.3566670442150546
-0.581418127457848
-1.9035679810060877
-0.6701711699992607
-1.473430239179958
-0.14794645072883483
-0.4463582221917015
0.5221270558803219
0.02360616321429987
-0.4705894178078971
-1.0856812757304901
-0.46856827558984193
-0.21479662235703856
-0.7986951664563797
-1.060564672166901
0.7630793558104934
-0.3715508582724958
-0.4689689376081496
-0.7499413751662125
-0.44767370956995123
-0.34767772169295696
-0.5798026839625798
-1.2237514149833792
-0.26905545513160334
-0.3119212066914052
-0.24552813172588728
0.10717649193435719
-0.8759014197732249
-0.5328285630168601
-0.8014428390565165
-0.6062615985953208
-0.5218744361958692
0.6364350411058304
-0.15048701117995833
-1.9836761321806158
-0.6740373496578478
-1.9899583867829271
-0.6334665059706843
-0.9758368485580711
-0.16597988154303422
-1.3068847360496783
0.08786847556421051
0.12371852244874404
-0.24977482596520062
-0.387649124507373
-0.6165090710618806
-2.00908030957795
-0.53060725470473
-0.25554264503109536
0.30860989513933035
-0.7336132670500852
0.11147115085883641
-0.9087529771455358
-1.2843443358442634
-0.6809722664556084
-0.6157582655052884
-0.8236892215737406
-0.701886718817331
-0.02231877018612849
0.515998891295542
-0.2687027768358057
-0.5227050159794366
0.3859059519055812
-0.33538632233888777
-1.0653254517997475
0.9136509981362515
-0.2554033702759817
-0.3200904725726552
-0.23870835522491163
-1.0758861365109702
-0.6242958462031645
-1.0863861307736435
-0.24490111917267754
-1.076503216423756
-0.3978732552013575
-1.5952696512734654
-0.3077952147343801
-0.21451533918532206
-0.30721644605445064
-0.390233133571936
-0.07332798442554278
0.05545518651543446
-0.5554190369261214
-2.4606930575145576
-1.8155849482540667
-0.7779076971614636
-0.5845123796904907
0.716899523247502
-0.6372411616309357
-0.2468520500117357
-1.2948976765381381
-0.42135978812184405
0.02942483174567556
-0.9791561462290552
-0.4033654129471209
-0.04122032241404483
-1.1596926085996238
-0.32992028876345714
-0.7521330746337718
-0.8240550906271942
-1.7945101169793354
0.03856685624288403
-0.5507979590065979
-0.14925281922623057
0.3756754200574228
0.11804191446946177
0.6031224710382794
-2.075056463200564
-1.01970279612841
-0.33599079203778714
-0.585992916376096
0.4334084337214428
-0.22598686178427485
-0.036372457722972484
-1.1203083240224565
-0.2588444610560394
-0.44566534173781847
-0.9045746173568396
-0.7156382644335189
-1.684754807405735
-0.1927757534767771
-0.7600388604279367
0.27254314090248855
-0.46767426837751813
-1.7107391614292702
-1.8527550931051415
-0.5153639501919933
-1.0871550400446885
-0.3296315119993771
-0.7282541174613151
-1.3208880015482798
0.8183786098741201
-0.21356417086088797
-0.484892076089519
-0.48799912222943576
-1.1258473007802046
-0.7883816778364938
0.017959630050103925
-1.039091195223758
-1.785741361553189
-0.4577474252119451
-0.7897793182737409
-0.411929985924413
-0.13124337548331866
-0.29571656797956436
-0.27887152378064783
-1.657412439005551
-0.3212482171616209
-0.43929413927247296
-0.5928888045190597
-0.16980943684908922
-0.4359918168889543
0.11941399419498921
-1.4694428470377083
-0.713528953067506
-0.9638681397410629
-0.2970023331319531
-0.5630490959682497
-1.4972149802966719
-0.16014869815087351
-0.4828217425811765
-0.8564622430998945
-1.474600982591408
-0.6685003601886415
0.16505843380939567
-0.6800586306831597
0.19826746683296292
-2.0374914327545035
-1.205494897603483
-0.32547866284616234
-0.1988475674085599
-0.6216397432990668
-1.4334598315773341
0.057185460724358705
-0.44839094363674903
-1.1565531742672697
-0.7452245219108811
-0.8256493114723007
-0.17187322654130455
-0.16051588544751993
-0.011703850318024678
-0.5730846959275588
-1.4802249858513186
0.646380732408776
-0.25618769893467785
-0.5619853587601646
-1.2453847889405658
-0.3604635558185656
-0.7175003889650746
-1.0065086583492437
-0.1635419823998312
-0.7337094603728751
-0.68032211830565
-0.5125685126995414
-0.6577476726620226
-0.3895447174306632
-1.359617879311653
-0.7874260942810416
0.9650711176766542
-0.21809754043642826
-0.8394673400745738
-0.692358759457715
0.5531414442609055
-0.7043403752792123
-0.0802590872995772
-0.6299340870767871
0.062173441063311685
0.15155523255963388
-1.1220005321908637
-0.7002053914223687
-0.6653350486387488
-1.0656608602177435
1.0671425160200165
0.13471134763199544
-1.9786556377541409
-0.18063094954099412
-1.1403150600037542
-0.6773934687805045
0.44652149794955065
-0.002006805498151465
-0.35325699398066135
-0.34120013571964236
-0.5800876760527096
-1.0058658228029849
-1.134247501711993
-0.36811919214329336
-1.1468481919604123
-0.5835946070371101
-0.09780468411245735
-1.2541357126531203
-0.7379075524459431
-1.2446319528262784
-0.362391450647376
-0.2065523147918178
0.5128384699378508
-0.4138814248983458
0.10876778181210867
-0.978792254812415
-1.465268352031071
-0.6252612582424995
-0.7154760167329606
-0.03483892436358005
-0.12209444518151358
0.29657802060599536
-2.216398490151601
-0.13192101691525338
-0.5755596710356308
-0.4166540745102587
-0.7043641517241319
0.2500476992996461
0.7550093733810321
-0.31137804998646956
-0.6593837086110135
-0.8136165255340124
0.12628888601823363
-0.2903309773803464
-1.5583769365235973
-0.07494484054059214
-0.4874460367124236
-0.1746475833026544
-1.4070215765986909
-0.04225371292343638
-0.3557159210149443
-0.6645994243602722
-1.3454001701480216
-1.936403296717213
-1.148604348003257
0.3406292540923239
1.2859553280608687
-0.5494812641497724
-0.3876636418880217
-0.1647696376150911
-0.043574836587193744
0.3637016889477458
-0.7773497893600982
-1.0018721937115593
0.07045487806582074
0.005709293479316813
-0.2410208572231589
0.49076983229074145
-0.16460446636277126
-0.20740042553039117
-0.25535135958089583
-1.5888028809328993
-0.05102257995171655
-0.4458463115403326
-0.05477347590632675
-1.954034753521352
0.10836992434021298
-1.4561168202328325
-0.1919511285264086
-0.7193595031882687
-0.7966463995424355
-0.645010051786084
-2.0428173914975325
-1.2068698528941688
-0.5945268515006568
-0.8294753596569358
-0.7536498913600802
-0.3821171089962796
-0.25108777334436283
-0.12484767970837751
-0.7187458739269736
-0.5625548251951749
-0.1421516153926028
0.09165786941813181
-0.6611350427416873
-0.31953311092737735
-0.007575581036459056
-0.11767276817007755
-0.5863076649509473
-0.02542238829529353
-0.4717871582148909
-0.6693842676785771
-1.2414180010943987
-0.21407079795195827
-2.0141960525773577
-0.534891264883921
-0.09186863650822019
-1.0472455910486183
-1.320018296067797
-0.6054098723396315
-0.35248181992067984
0.2972498411439908
-0.32084413656302146
-1.8318292990315506
-0.8949841905192919
0.07556134053142571
-1.2890974012440886
-0.13773355818186062
-0.3879464519134892
0.40017272622428735
-0.685799619958896
-0.2503841668323723
-1.2948375170489008
-0.6115450333211463
0.09231114918158667
-0.976911640869428
-1.3776956381625034
-1.3184343334154356
-0.7284421626784443
-0.11734131017680838
-1.0099975611692251
-0.17184567536086703
-0.21676738907175874
-1.9973918524782412
-1.4191298324008095
-0.8745454728997792
-0.574182066128369
-0.45887319704462115
-0.41492402304615084
0.42427500793887774
-0.47258079206970294
-1.287164484969889
-0.48031571453648425
0.4918950359094971
-0.632594734386057
-0.77635333429998
0.6172134147365718
-0.34890610542782596
-0.5052509464636294
-0.03277075240194094
-1.934717541724904
0.08905229697265682
-0.8560328581348919
-1.5795809776479892
-1.1094198914991829
-0.9418396365985551
-0.5238764213867277
-0.9606142536713769
-0.7891648086511331
-0.5822940094539568
-1.7563522538131302
-0.4557691605875327
-1.0053570292735081
-1.0289753632361105
-0.5135174021815168
0.8503231356780425
0.7137135550852243
0.3263776369286866
-1.0275774510906892
-1.00496340412192
1.3529145169842316
-0.5207184593224063
-0.9529238336583994
-0.8865265442954318
-1.9266452834520713
-0.055665225128390006
-0.3126718926229408
-0.601121237411089
0.2705623297687971
-1.267321930233532
-0.06222010651184107
-0.4016954168418998
-0.9476452958454296
-0.1670562131454112
-0.3151955791561356
-0.1839965819364373
0.07267188900170041
-1.1965362209388068
-1.032739655969035
-0.03465897452093358
-0.5197493214990025
0.3126948230258684
-0.5850032610444025
-1.593709373259582
-0.37857710173770087
-1.2886144303637899
-1.1026976318259152
-0.6944398236332994
-0.7979704715995801
-0.8391741535355912
-0.5519999643741578
-1.6621484982078947
0.4305303124101023
-1.4067063642860624
-0.3633282655607353
-0.04420777401338327
0.12962907556650194
-0.5950358052713192
-1.11942585350479
-0.6360730849807616
-1.5446140859306006
-0.10607209966086018
-0.14571537144352575
0.06937549373536811
-1.0061271390950814
-0.09871605697592756
-0.6622107915803035
-1.0434222777241295
-0.4830161275855396
-0.13642941090220617
-1.4081283655436145
-0.8686900708369443
-1.2129116571737306
-0.5737149241607504
-0.17859732045443977
-0.5056100457169883
-0.2582845650367567
-0.5303613172189579
-0.18951977974429823
-0.13851595480299395
-0.568853940871886
-0.3055026073911016
-0.9494029718148305
-1.2520721587183026
-0.9478660671795716
-1.6295877016770923
-1.5412784675707307
-0.8041311436760843
-0.4752215660725305
-1.0583781280648275
-0.6538127199598698
-0.3674868919738792
-1.159131737684671
-0.8260968894655143
-0.8134181725717546
-0.7917464774852725
-0.36906056935023557
-0.9235265210494639
-1.5399404963716243
0.4954271908595054
-1.0737796540020632
0.12462403835592184
-0.4582357936350938
-0.22114513528566349
-0.651183334223628
-0.4696956577829603
-0.11762394453850433
0.6843572480339795
-0.9304627460625703
-0.4468229047511265
-0.2528395333987241
-1.5401909653491934
-0.21428260617265593
-0.18345621095057751
-0.9374166613043506
-0.6440394881603844
-0.42122590773568547
-0.0813378396674942
-0.1447342094238131
-1.0355175036082294
-0.5638156931908433
-0.4540047419327031
-0.5682804014481313
-0.515328382310809
-1.0732329413049335
-2.1581334945467
-0.7769924599707387
-0.13639140606559508
-0.6974390679424509
-0.3288880446830511
-1.0159955836168955
-0.491108165101533
-0.5683902385584183
-0.7867391830622488
-0.4512994183103807
-2.0382949418624428
-0.32713092435374946
-0.03227891750507794
-0.8584951915444599
-0.04100954200552209
-0.8873966499045558
-0.8809399807513891
-2.344781400235103
-0.2360269022946362
-0.4569758108806887
0.04634233063719151
0.1469916827843356
0.20764380171937447
-0.515472744790582
-0.8528164765423405
-0.5975613481034507
-0.8225598020932914
-0.14311094220716924
-0.3552462540584109
-1.4026588067970032
0.15990563064493202
0.17719361562511793
-0.3756192361895465
0.0323912437091316
-1.3217427538993967
-0.23613949706303217
-0.13201117415321661
0.36871119049029133
-1.0435909801671066
-0.532526269784082
-0.27995520624784476
-2.152835832602218
-0.4134319410970839
-0.7722653766590888
-1.0183611829887802
-1.5805174815947929
-0.3406259111503651
-0.18635100116790326
-2.0935868434470386
0.5049685644770143
-0.6488816039437175
-0.008910154122656166
-0.5096796954814913
-0.7886031389909895
-1.0919843883752627
-0.8049732144888786
-1.148612397880651
-0.8079228780047281
-0.06418342146652023
-0.3502905116669801
0.19780120212485386
-0.8598793330683314
-0.6783839622618295
-1.3766957080621403
-0.24141623916409216
-0.23066069299454384
-1.924191931702378
0.22845335517085985
-0.8292713257880102
-0.1583866065716073
-1.8315684432728538
-1.0179910694936858
-1.3661440350589054
-0.5400945314472203
-0.7570214155650881
-0.2923082134314079
-0.5024412686443434
-0.010646719544336491
0.18403589966128564
-0.6008190274239915
-1.1200690492665153
0.31451484660330564
-0.45611390435909627
-0.5326252570653729
-0.7824250679670364
-0.4160217856465458
-0.5341634410179488
-0.6890876299076574
-0.2875846033806617
0.6711527273247846
-0.7599297852643723
-0.9224559289646344
0.0406889508094288
0.9662020532322835
-0.14728870302897334
-1.4397965083003292
-0.5022645944135142
-0.46338634882870267
-0.18468247895614454
-0.5073739000859341
0.21514617625316745
0.11882728898965311
-0.34163282863481115
-0.2242331969188136
-0.23039345815463363
-0.32148134346125445
-0.6916077359770831
-1.6483444104105978
-0.46823405594001244
-0.9860105219406528
-0.24408527874284047
-0.1617827887907417
-1.4008134758280697
-0.17720782425962156
-0.21005414930365518
0.5105604027032378
-0.5714020491334217
-0.6777753831061055
-0.1094221341271826
-1.0392992619685053
-0.8842557934221951
-0.4122981555487506
-0.43675948957368504
-0.6577413941991033
-0.29478986674464736
1.090636317568059
-0.2157225319335616
-0.575084076917161
-0.16255739149751136
1.065458116126937
-0.7182707526319625
-1.6535058715819808
-0.5664134636839258
-0.6095763891705381
0.6320039808775526
0.27512675679547627
-1.2311462325475837
-0.39083258399024245
-0.39613881541674445
-0.5546571509977234
-0.08033862256467827
-0.08664102599646739
-0.057457717830981636
-0.19076261808239892
0.2600744123757117
0.21703338510043935
-1.145147126949464
-0.059372104268486936
-2.0293573783569308
-0.8530840616916571
-2.3666596919150997
-0.4726542563587053
-0.5745220281663102
0.8461270180495184
-1.0170700832459936
-0.27626638379062385
-0.3997983113386532
-0.9472834809582302
-0.7131917208238399
0.6530604599219352
-1.0205857946047239
-1.008421175537304
-1.3880966374484522
-1.665151850037983
-0.7807993953870458
0.11567544018810239
0.34398666803543065
-0.5053388204420308
-0.5851487954237733
-0.1948540131897225
-0.817661787080251
0.221475347395927
0.17535470479247195
-1.0427030711733316
-1.1057240972428808
-2.1431573168119336
-0.14981877645703534
-1.3372370629374295
-0.41100778004659944
-1.904412087758967
-1.1795022548177023
-0.07832383874174909
-0.31232039685219704
-1.2147474375875014
0.10513602103130282
-0.0059707731480180826
-0.7830336775515256
-0.21848555579733997
0.3428122428372866
-0.8405400193376913
-1.1012291069282547
-0.6610673153400306
-0.3425888729280153
-0.9969140781141697
-0.4382274940087818
-1.221288118540084
-1.773879248499778
-1.1577070530010722
-0.20735962983787815
-1.2447178915974568
-1.2082755529830074
-0.6038678324038464
-0.043258787146310596
-0.36663135323672336
-0.4932409350367628
0.010314352362644996
-2.3787173249202134
-0.39141118807266295
-0.8008803047300681
-0.7534156576845099
-1.2753925998374989
-0.9205287755959226
-0.3918947656607621
-0.8034971649202838
-1.6674667787882491
-0.290562700182047
-1.0366532668717632
-1.0236673136919698
-0.8972239357776708
-0.04436995119536036
-0.6324608111531198
-0.4331528380649665
-0.4559443889371515
-0.420643478723175
-0.42654457251644473
-0.5848106933430692
-0.5369424910342779
0.6558316291034139
-0.34094507879940394
0.28100195069621137
-0.753708902748695
-0.38699084863692335
-0.4172649012173473
-0.8548910036904651
-0.14899567558245153
-0.6482879876665599
-0.7194383076868114
-0.5264906120722479
0.25025240020800155
0.6888350540423467
-1.4988197478131546
-0.989541496340248
0.10729783813254201
-0.10012110623447867
-0.17251168131759798
-0.7377037416454577
-0.674511052795804
-1.179008891262992
-0.05600321554029719
-0.636482349584437
0.6132682552169406
-0.3607912078598865
-0.4787042959355823
-0.7654871191597827
-0.7846870891673312
-0.2802612814810992
-0.8634128218660599
-0.6117106481045305
-0.5900728188423692
0.18483734832259202
-0.4635769939490011
-0.9766826981682293
-0.8774416080246645
-0.7223683081065495
0.24139829507614152
-0.1067256615212635
-2.0553748433595125
-0.43129182242375563
-1.2588206012330367
-1.5473218064240903
-0.9907941897824024
-0.18897758209989135
-0.3389273032288109
-1.7977677223252293
-0.714597109106986
0.04039543793772182
-0.518807299889513
0.5489418102116055
0.25400114665429285
-0.18030312359058698
-0.2814034550694764
-0.13826624465509596
-0.46697231869208267
-0.33479440062562205
-0.44841092584003306
-0.5070571437951621
-0.3871997631828883
-0.835218865347823
-0.7994119350192896
-0.2151490940800862
0.7067712346983974
-0.3564427523239253
-0.5658343702856108
0.45831504580396043
-0.7271195088282489
-0.5007524910919976
-0.7665248740214956
-0.7132573025942683
-0.7686769252657619
-1.6687442972776374
-0.8812215538440249
0.09477739592196954
-0.1163547608541613
-2.169473105082627
-1.6123342301245138
0.7353707110370244
-0.7333612807544618
-0.8415834241879985
-0.4644254091987925
0.39561713939555787
-0.5963650463019796
-0.5682770531150929
-0.07126483283142804
-0.9512601560376162
-0.354883517354704
0.594387031353282
-1.5318363971620634
-1.5867187303792143
-0.35524413518930587
-2.2166300949563684
-0.287542869576324
-0.8386097478954007
-0.5718102920927457
0.7031227327399314
-0.04552193659467818
-1.1995011401212103
-1.1628231619074505
-0.5771417245340693
-0.6026481819458347
-1.8502486269696838
-0.8863838286668049
1.0354790108947505
-1.309450181555004
-0.8630276110113009
-0.25813538510764644
-0.613244947689477
-0.7627264197188133
-1.122364199163993
-0.9320453741889416
-0.384186570850229
-0.7425297824024959
-1.310999786698428
-0.9022456216698309
-0.3413912853130192
-0.4338680879827841
-0.3430932928382724
-0.1576867635218342
-0.6520645027981082
-1.0416295103289848
-0.9677095188883662
0.3354988470207765
-0.7520935247332652
-0.9614024105393604
-0.08768667757139426
-1.024093980319872
-0.39866118451272925
-1.783577988848105
-0.37493095028861134
-2.2802078297847537
-0.032879487781780625
-0.7465900958389646
-0.5633951609890708
-0.8298173799281692
-0.6793051414787037
-0.3001336210174905
-0.11615758520586539
0.2964012969018661
-1.0542503120199278
-0.23214195302206164
-0.18830912542167866
-2.2873347634400822
-1.2728277871752418
-0.6948590673052983
-1.1363120197216254
-0.6375952881927098
-1.680979376776076
-0.8314078729682812
-2.5157935885027136
-0.8595243370849737
-0.18072972294092082
-0.34960671843205304
0.41561264021382627
1.0259038040554067
-0.17833239131395473
1.227454891400928
-0.3430390971054571
-0.016015125557796495
-0.5514782213458851
-1.4835546118266016
0.7868251198127076
-2.055331135372551
-0.30020613458266254
0.12487284022099132
-1.0968920526056216
-0.7348550543443046
-1.0040146794537712
-1.1404865399685882
-0.7998133469485076
-2.128964270326332
-1.0606388088949181
-0.7089373836934776
-0.7043100551281576
-0.3266650317238593
1.335006695393556
-0.791611989897671
-0.5715959930347019
0.5594244442871776
-0.5059183451482987
-0.561180689161656
-1.3922975962852284
-0.6532048073895531
-2.143260172732578
-0.9352263377927663
-0.29633876894540023
-0.627177265024013
-0.634289880420905
0.012139320477078996
-0.2354154084919564
-0.605670063503819
-0.6120457529053134
-0.5493513904087273
-0.677941752066797
-0.28815507859973977
-0.2541392648207754
-2.1884589169132163
-0.021036943742497982
-0.7436229790399516
-1.5527085756121402
-0.21244252341162095
-1.4671623172651316
-0.5478208295526024
-0.4390932863162895
-0.6875937381639083
-2.22928450815024
-0.9884812351638281
-0.7881474538974338
-0.954849435705011
-0.45539495429235544
-0.9597482881794654
0.3308905404207998
-0.7509196804390221
0.4871067695400093
-0.2904550217789641
-0.3154925820328849
-1.148293018409401
0.9324785989032343
1.021142453728988
-0.5100899991692351
-0.13766037862152913
-0.9352922676330699
0.16253593323311932
-0.6789215767446244
-1.0223194009014769
-0.7593670004947874
-0.7460103664565558
-0.22155871417863793
-0.7906302963692546
-0.7444635953738548
-0.023362599938149486
-0.08633041721237689
-0.34620780648745253
-1.160224529536773
-0.2470174768762341
-0.489615875020629
-1.0730469846457105
0.20508240586616822
0.5605863719695243
-1.1508346091816968
-0.7280359851734026
0.07047565689856938
-0.7704953514955513
-0.09986102569433442
-1.7943749828379616
-1.2198939267976918
-0.6300828204895303
-0.47636354919829316
-0.8130170148217779
0.09467464205777176
-1.3429733201250649
-0.45350287495329766
-0.48804066796664003
-0.7473174914656475
-1.5869236747096345
0.12489234512021952
-0.7511829031822508
-0.42416171836924477
-0.807481237565451
-0.9173067626655573
-1.4004838829169266
-1.6333304401765183
-0.5667308702597147
0.018438935135495882
-0.187704365724354
-0.4163686696019475
-1.752961264802206
-1.3949633190631765
-1.5797856930300291
-0.11133759575812618
-1.1127130325276475
0.41070344605914855
0.2430287285883317
-1.5061874974405463
0.0791497298103998
-0.21535405107226424
-0.3195064666701022
0.187115967878281
-0.44739477217283863
-0.15514593487372608
-0.07144538621409069
-2.160742039031856
-0.5335815141391969
-0.8618286269913931
-2.0033907344326387
0.5974331216602202
0.9488299594473553
-0.2858438572863058
-0.9327128822625887
-0.8626994950112383
-0.965685735274544
-0.4339745001391826
-0.9071885050030453
0.38125422889892846
-1.6776309168140209
-0.36797367773585776
0.22036450053372292
0.2809006288802216
-0.02527778441897155
-0.7985565946642872
-0.5441755069087257
0.43473463743287155
-0.19702975057503735
-0.5576363980542105
-1.508166852599711
-0.24997662079153926
-0.5474114258554827
-0.37902689294399394
-1.1782446866730218
-0.29139583763936727
-1.2322829583784163
-0.0874771265188592
0.5886481902580307
-0.6727896526126607
-0.543224140682323
-1.851693319565495
0.17617054394822063
-0.07832168920992544
-0.9560671208866545
-0.22055856084140757
-0.6946223252164678
0.6410900230435637
-0.6664150991679314
-0.25828211678969737
-0.566526571066003
0.9020949377836267
-0.967289118061867
0.10532870049360454
-0.4878304351324765
-0.5452684105717047
-1.1480267678842004
-0.6696832072217198
-1.4950560115147162
0.9786561634749269
-0.24626198594016202
-0.3628919222643212
-0.5836161217961653
-0.3157306350381752
-0.7497638058070741
-1.7834051593022444
-0.7648010878364992
0.014860042699400111
-1.4335007520707101
-2.2905608545382385
0.18128634173735136
-0.6793374202120326
-1.4977891465493336
-1.4552205799540552
-1.4600418120481429
-0.2909051001956975
0.13426335528533073
-0.9608177932818442
-0.36520723870152594
-1.975124378931934
-0.9957625146027844
-0.49228245307108054
-0.48701475052123655
-0.8681373927465437
-0.43389458165510675
0.6371344161254093
-1.649492078794804
-0.948499270051169
-1.1860502811643094
-1.2516637143849856
-0.44039189600617235
0.1908199075068957
-1.139009837924629
-0.31631553042516813
-0.6188294759806716
-2.0983801934344335
0.6835087456307072
-0.007856262844565975
-0.27504486644620485
-0.6585303721570277
-0.75328769403853
-0.8300290089998974
-0.7783918720736374
-0.9253345472720547
-0.9578647950790149
-1.2432938601225452
-0.7765492467508288
-1.3237956143854994
0.2874679404413918
-0.9963885458752735
-0.9861489401391417
-0.9018325954383748
-1.785110675704228
-0.045172122830091865
-0.649172330340388
0.23785859815682286
-0.10358224248330927
-0.04013808562447352
-1.6814044598440994
-1.7807882488190607
0.7445904142743025
-1.4565869174926682
-0.29290449283511677
-0.45910537254576056
0.022185745065929297
-0.25131380033350226
-0.7237227374449269
-0.5962788686539504
0.008217298611771895
-2.161221362110492
-1.094482253582722
0.15092321086637028
-0.46552509079235094
-1.5118295993435957
-0.46795134272224104
0.48180884062441365
-0.6332651505871603
-0.3306797632294227
-0.1857687492113591
-0.6950588550270673
0.5642207067519571
-0.39103372686706095
-1.3250707277644942
-0.29147706055888634
0.29960579551287836
-0.6690094924877137
-0.2854735917680209
-0.6209925855275706
-0.5411409935363558
-1.3871519385756237
-1.4217277171107234
-0.6050047457560304
-0.37229717197874024
-0.6638736967402359
0.02080045102317385
-1.120201658959953
-0.8630126560581424
0.6297886356762099
-2.2692226143667646
-1.253636597491063
-1.062187804586781
-0.8166317050079321
-0.06106763860189446
0.5100734074225279
-0.9096994429007843
-0.7577687954902466
-1.2994056181991986
-0.8712506899166748
-1.2377990033645965
-0.8603311754902414
-0.4068905694883078
0.2970984121205369
-0.46019871415060365
-0.8391580074425455
-1.0937784994914885
0.0313819609825039
-0.356360313994994
-1.2550191671754725
-0.3162513781053313
-0.3636799533311539
-1.6631236346803995
0.4120291951010735
0.1659129462070048
-1.9562225636842179
-1.6926193419945825
-1.4696523664721148
-0.14594425877829664
-2.2878649917490144
-0.6840401171835531
-0.785832213794702
-1.0168733505236638
-0.07256627308325037
-0.1566202279215183
-0.6274640665237676
-0.14227027966725458
0.3817757471972847
-0.47542332046303315
-0.8453883282893138
0.043874613042593325
-0.3252572122134829
-0.1314993680897878
0.2995757697119963
-1.3932590338413995
-0.18952415782778687
0.2996274619050645
0.5284631943114029
-0.2540525853443931
-0.32791980277003674
-0.9272385715970834
-0.12982031377377368
-1.500140766816866
-1.0528745296447504
-1.8742632270845085
0.19495449306294077
-1.8167044282011169
-1.2598294986284309
-0.5777479540440531
-1.6899758933185005
-0.7086711004025936
-0.1731558850779571
-0.43418784021615053
-0.948674125812655
-0.04445955503762988
-1.0919234885937037
0.4602901968284421
-1.143144215402483
-1.6879152084579054
0.548799293846276
-0.6798896641781447
-1.741896541358411
-0.028896156095395753
-1.1837129846830088
0.16087492318731123
-0.49019066141849166
-0.8930824219318048
-0.6275590196327947
-1.2922029196766225
-0.6642914283141117
-0.7607293609953523
-0.06818824057591755
-0.5133348707008274
-0.6986896064547743
-0.7938810054625911
-0.34790865739048726
-1.8790135667580294
-0.13606421842136385
0.007362568184323237
-0.709940882063858
-0.7333940064916895
-1.0047848152493764
-0.34276708382237686
-0.7383708164378895
-0.6082341292734093
0.501116263007976
-1.6539222212904825
-0.014583602310690225
-1.5752861548328632
0.43225337072258085
-0.012773485071829072
-1.5244638239109314
-1.1387132474514878
-0.6145767669209157
-1.3339356717118243
0.23361199626051743
-0.9657535682794354
-1.8041475432308651
-0.21106627493510288
0.5147202055617193
-1.25448262068387
0.6503124248984768
0.6486771796737223
-1.4199801344391112
-1.0097018505212354
-0.9297014991369217
-0.06995660151134686
0.12632513685318614
-0.28486978598980883
-0.4440533668073918
-0.7094285070712765
-2.1482988436018324
-0.9165536347859096
0.46584696976211504
-1.155648749051121
-0.13578282296547783
0.13949659412816473
0.10388005442412762
0.9914186076699032
-0.6270547262679393
-0.2504157415109738
-0.15332312175007345
-0.7860336413586388
-1.8447999880339374
-1.5698497358287362
-0.3565685662467608
-0.7813732395252337
-0.5270154109922593
-0.409297682286887
-0.8130657083950261
-0.31523683796070756
-0.6928219503714068
-0.6026924143762038
-1.6337166448895424
-0.2814590854995309
-0.892836480501213
-0.06735394529256311
-1.2665174483061286
-1.6781947343305141
0.6130940088415464
-0.34341122143979064
-0.23198881838484553
-0.5922287252222098
-1.0991592170227413
0.2650519658165855
-1.3858721419795295
-0.2390331283974625
-1.2932970013056853
-0.09872229615086425
0.03266946257345538
-1.1088117275049107
-1.7985487006083467
0.02167700867601141
-0.11778467580284868
-0.33567492380703
-0.5847421916915287
1.2762388866327292
-1.8162959024140939
0.28511005896060126
0.276672226778917
0.4877890497031707
0.17904095676485454
-0.37956439667611264
0.3187148002058713
-0.3377951573065694
-0.9174500590456169
-0.5524860382124892
-0.4532338921653256
0.07138550067522331
-1.1271917668259555
-0.3892845843976822
-1.0556233514139528
-0.6684221245720998
-1.0588577360058586
-1.998519785695759
-0.8692201565069091
-0.6939609689430561
-1.4860073675843317
0.16873047943986208
-0.9133988445870891
0.936153137410205
0.1955436144684235
-0.42279157797566924
-1.401563751906206
-0.16423645289840394
-0.5110730768438252
-0.9862694019809446
-0.769554193278676
0.7667994280019563
-0.24744841034539533
0.22615841714766205
-0.9458709732115942
-1.381166020882926
0.2193444387682355
-0.3062732203868954
-0.22408184402949516
-0.7665687941570347
-0.17484260747127323
-0.6376057298951814
-0.2726772779851778
0.4179983900539135
-0.8490238642248293
0.4414228608607438
-0.30109523933529303
0.13545437522867942
-0.21059020898885805
-0.7865763032538347
-0.8749934814969968
0.34838086275776803
-1.2688005135577463
-1.6704650043103833
0.03495440846173281
-0.2785318819499132
-1.0165665940393716
-0.1797027851072066
0.147744293888028
-0.15200062374232104
-0.23127516998468067
-0.35240802050222086
-0.9059799057482074
-0.9917203992316352
-0.47262523946077906
-0.36321768966311296
-1.3543188866508835
-0.4382193423262599
-1.0687885750735937
0.5475368929644766
-0.14032365406076153
0.2688226347560949
0.13398587509367488
-0.6858780351778755
-0.2563090698772861
-0.6602471136745116
-0.68516155963108
-1.8239472208312542
0.006185994613947088
0.08231571309561403
0.45347000725130115
-0.29861426270913327
-0.4687742223844076
-0.9287354049317393
-0.3170518090111436
-1.8261475031441528
-0.8086627619813207
0.09903304121592171
-1.1196107831499624
0.25711011602189515
-0.11177308745442005
-0.711404064950468
-0.32260745518940936
-0.5592278290091421
-0.9002608824555658
-0.990237100484304
-0.6748142837856186
0.006142338893273092
-0.5834312056041959
-0.10064408107755796
0.5416720380524289
-0.4590773287562193
0.2706692352402662
-0.7232695905698527
-2.073803243378162
-1.0818786472289297
-0.5044441120185859
-0.4587290110581641
-0.6739187437975822
-1.1404670743810321
-0.05492627298535169
-2.1674944102350615
-1.6925301014676926
-0.9590144894373474
-1.685354702873152
0.8522410310820625
-2.4248761816662174
-0.6376686920672192
-0.14349231819816666
0.18660830107858217
0.5089901127299647
-0.04292901336277666
-1.61684775830852
-0.5722875605565569
-1.1398594445032408
-0.9881684495556975
-0.4988931462567585
0.835011088580405
0.2535265665308408
-0.8405821597279264
-0.352510052367915
0.15460705993304558
-0.9665773411252694
-0.17986771729745143
0.4337550158408625
0.48945840752138636
-0.09863569342305922
-0.8998856341291592
-1.1657705072699223
-0.5164734800885178
-1.4620274568719474
0.08962585330784023
-0.009994139755772125
-1.3845762897487042
-1.4410287445045888
0.9850066029068678
-0.35356328544132154
-1.3559598122191225
-1.0490758433075449
-0.030001978023204146
1.1483335561380947
0.34636119322401626
-0.6751052941303435
-0.028111698721684064
-0.01834723889238532
0.07351737660451718
0.550783770774327
-0.04510069954636364
-1.8742910833596191
-0.07094574012831956
-0.7513397222874794
0.12328264715967308
-1.1343200545554133
-0.6790973572774099
-0.9727720708659824
-0.8546760139564888
-1.178038955068299
0.26351507556382003
-0.34696949463751636
-1.509512932664375
-1.2288691574804709
-0.24306356044737853
-0.1063920432683112
-0.657968866228611
-0.5459220857969562
-0.75319328526653
0.8713336261284077
-0.9063261982742397
0.17174052516570626
0.7540022122517378
-1.2724445660317905
-0.9058910571841032
-0.9291650876891815
-1.4700043838122774
-0.05994119870684855
0.24701342277626637
-1.0085651820472172
0.06081895244773605
0.32550999047869666
-1.6886451741424757
-0.20182835752296668
-0.28591191068033694
-0.3877249710960591
0.1006797605948897
-0.6742611414978619
-1.0412317347986537
0.3005093219609769
-0.44012400272326246
0.15882287370432735
-0.9070752788968655
-0.34030871138530117
-0.16855229300862717
-0.7235551242995619
-1.6525243683713562
-0.14103947762549396
-0.1021780134511765
-0.4931591287900936
-0.36136524913666435
-0.43988135946652207
-0.3701194260486709
0.6934842370710221
-0.29614344696097916
-0.12453063175800239
-1.5787826673870846
-0.15543330440032932
-0.3795149378679632
-0.5760665539383858
-0.8937675432488241
-1.175027579517515
0.6955833413551495
0.12769842954667254
-0.2158351393526452
-0.23804293899764772
-0.7349559938671568
-2.0001972575785736
-0.1940704387882839
-0.8259442459065802
-0.6307176306367204
0.3784391626411896
0.49558343448659414
0.7219667590365226
-0.45598673680040847
-0.11827336480476092
-0.012118670616526828
0.005178010386647003
-1.8438833779626655
0.07653599942972633
-0.8646446710550002
-0.7168353189603884
-0.51852089358648
0.36024467149774253
-0.08675669239915962
-1.3292617373925673
0.041172458160449565
-0.21157828388819766
-1.1759202720014876
-1.2785194580353725
-0.4986853797974753
-0.8621553035701446
-0.13665212380011482
-2.1854057579539834
-0.2298902461452137
-0.9419086760617397
-0.8632522576902595
0.08961921461675004
-0.22286712680023513
0.20641798652751575
-1.1619395767543885
-1.5403151419734193
-2.156507389151681
-1.3947225377142551
0.09127768580649231
-1.1552849810298333
-1.1123648344043566
-0.10144018527052978
-1.58873637562969
-0.23973967332068113
-0.17904846916958306
-0.7110282937995258
-0.4351884565464381
-0.29166831698803364
-0.18389145271681784
-0.6530368548417407
-1.0090417667563791
-0.03543781895507081
0.5721922796742156
-0.613907622472734
0.3564004351457193
-0.042088616005440116
0.8345777937022554
0.20794476067695555
-0.9001804015427375
-1.0391510016385972
0.47367548438112905
-0.19631166844432002
-0.2929938708305393
-0.7185266009239335
-1.1501621058711855
-1.1829712887650707
0.31927150037551044
-0.6944351690354971
-0.6103444713846748
0.7531723849242731
-0.4588010074715605
0.05034030476241824
-0.19089801395166361
-0.11456712923424206
-0.5601307810690876
-0.10759643982823874
0.37826111111630567
0.21574256946050596
0.2890296167573787
0.002618072069527244
-0.9356325335726972
0.001226976006268643
-0.35685320810399546
-0.12291294016581489
-0.6915294956836497
-1.0995724436080359
-0.3544211973918685
-1.9046862966650444
-0.43667962658819803
-0.5744252755273429
-0.8518476823670191
-1.2856593434396295
-1.5889269849681362
-0.292367921941203
-0.027133513137481913
-1.1278446765853225
-1.181120911561674
-0.39640033674603714
-0.06781532276289326
-0.6385071436279439
-0.4911371718666935
0.326718379902065
-0.3009221526494166
-0.6103396307118025
-0.5112741152208251
-0.5439402937086122
-0.26396363122905697
-1.557698444721165
-0.6753104722138907
0.21764059022739346
-0.8238177180519095
-1.4248866222506074
-1.3148520424836612
-0.1616008061544072
-0.63439876174888
-1.352880162359508
-1.0445604997103537
-0.26889844282868225
-0.7490159182925105
-0.901310953356937
-0.36678714195700124
-1.319775710095211
-1.0151377968775073
-0.65431557106292
-2.1843024113564518
0.3863629871446541
-0.4693905495713402
-1.8079507296902584
-0.3719293936141632
-1.4515410413737548
0.05486409395578917
-0.0003214488527127912
-1.2162506919864278
-1.1348856118311481
-1.6511322166755882
-0.7290263543789415
-0.9371845708081814
-0.6633440932658594
-0.007624050127798654
0.2282785892014978
0.07990268236723708
-1.0318319387077217
-0.2878766556350705
-1.4190639156115559
-1.4725516257877125
-0.5640917360197442
-0.01052139846293798
-1.5876920535638668
-0.15819824986733622
-0.3293871099758654
-0.19354511003404795
-0.7154089251111166
-0.4695280786986409
-0.9639405252482156
-0.6837412892209294
-1.9979448351769342
0.9019691014845357
-0.9155936770216577
-0.4137091049854966
0.3444256954148024
-0.030754449465487
-0.8175953957084907
-0.34367391641213985
1.424032586520699
-1.000998874026319
-0.7686137126977961
-0.22631920618597334
-0.42978350005062893
0.4371589070117743
-0.7400724927727929
-0.5316080777229466
0.062227670677334146
0.9999230287899685
-1.0863455063905398
-0.35830691290319905
-0.10396312155723919
-0.665892830927671
-1.1891798388369743
-1.4264233908241941
-1.024709792435882
0.232585994232128
0.6459083603708855
0.010545839832520443
-1.849650314487672
-0.4994513524650408
-1.3127300488539753
0.1954700476220843
-0.8743057802810448
-1.2354095819573807
-1.1692933442344575
-0.6178200340117961
0.42207121487514243
-0.38441424461181484
-1.2790256256421166
-0.8653078617031831
-0.6938680733332738
-1.5816863509396022
-0.8221150033426419
-0.9307987089300092
-0.7463007286665082
-1.2757796268176627
-2.4490385782853217
-1.1416180604655999
0.2459668074457575
0.32292298629849725
-0.39976666194545984
0.23026084455219475
-0.8136668295113303
0.37191183328629407
0.09689472643423258
-0.617771062107149
-0.07946576654090265
-0.39391274464439263
-0.8289240065865435
-1.0356659630098015
0.6567570061029961
0.006065912366228332
-1.2004073385953369
-1.4396847314168433
-1.6577459849614762
-0.43824557983304757
-1.2565209410135445
-0.18926559244398433
-0.8737386279611421
-0.4101311666957308
-2.097590704623382
-0.9582743380670671
-1.428642881222455
-0.41534656741398734
-0.9096658241913893
-0.7817682874832705
-0.09317899537422747
-1.065156610098736
-0.2258978017223363
0.34371397822465966
0.49446402665779843
0.3260609478807517
-0.22567162391323947
-0.03775496509903675
-0.29944391503812184
-0.7104653001030918
0.7761230467792508
-1.0452116892586183
0.7460962191723759
-1.1117806173447455
-0.728205427869451
-0.7433532547378796
0.7728540796345023
0.15287018346387882
1.3673158744412781
-1.315610618950796
-0.6262483090411699
-0.27601176683205253
-0.18149318838871054
0.11298687188177681
-0.29615840237104507
-0.36781671035937435
-0.5643894360189385
-0.17711069951669955
-0.7330788053123989
0.04783104654937986
-0.9874508752669406
-0.6671171109266361
-1.573925347142417
0.5119419368337397
-0.44008186176413844
-1.4616319511717073
-0.8034658969749664
-0.8001035973200281
-0.5025211027484282
-0.44850923211367544
-1.3872672810097804
-1.356942752537602
-0.7609560684138579
0.32424216333453515
-0.8631417302991586
-0.44742270170672427
-0.16503007343080967
-1.5797765642578376
-1.278936433160677
-0.7549763191020098
-0.5321948167888699
-0.0496486640983953
0.33145625329338557
-0.8473695372685874
-0.13228170921489024
-0.6564763395850655
-0.3190435781002172
-1.0209932432187934
-0.9547812025360081
0.07403020373905989
0.1947450022838133
-0.8388568303755726
-0.829277281580385
-0.581156340935717
-0.538902916496621
-1.824588665089376
0.25273298997818827
-1.1938138356139198
-0.4100959292535258
-1.5826525978385568
-1.5145239879222565
0.07933863802573526
-0.7783100724682264
-1.3484701068382456
-0.3558792176167138
-0.09802963103870965
-0.578031608379586
-0.7189091889621118
-0.25965824830512574
-0.3578981533269534
-1.4996563281108557
-0.8425315765427079
-0.6889764574626547
-1.1540810572773204
-0.8500255739524327
-0.4807834387058101
-0.3070743149642361
-1.5965984924735572
-0.134268223771425
-0.7563706501481953
-0.9099729423252221
-1.3054885317192024
-0.3578986392876793
0.5236844252545616
-1.1201799958560308
-0.832784072816164
-0.9580336594172785
-0.3960122255260181
0.01688288893470613
-1.0967887947019896
-2.169685084376436
-1.2276138402903989
-0.7540468966502765
-1.6458177252500228
-0.7575566982498536
-0.516701666788105
-0.7897503719782115
1.071916976530435
-0.05211447371895517
-2.5193173375194924
-0.7218399821499695
-0.4386114168370021
-0.2522537996815082
-0.8011379979792643
-0.8664838825440278
-1.5105367303567867
0.35414402003079104
-0.07698113810104346
-1.7882887712183582
-0.7628033317282181
-1.6483701768430983
-1.106366178503972
0.05282871052232352
0.11272400854187836
-0.29381425026315
-2.20867059944565
-1.8988705922176727
-0.3368324861353891
-0.7296645324225288
-1.149101547024042
0.31920077984326056
-0.47410496201895214
-0.760202354845898
-1.1117778429465908
-0.8901336414064893
-0.27821592146180407
0.8421740454644784
-1.6724502982778766
-1.0863158133219848
-0.7942501998729021
-0.7099718355955211
-0.7278465130062948
-0.44569431561842165
-1.2119965067539447
0.2415562959852231
1.3901372172280766
-1.915774372807146
-0.3199199436529163
-0.18279533218482058
-0.009298724712547113
-1.8045937854750882
-0.42117581852171426
-1.2897759666154336
-0.6017863768707166
-1.6177012464605944
-0.1146369284524944
-0.9952301685094049
-0.20226570929716203
-0.4326721147114192
0.571944520779784
0.04318764535392816
-2.214029726688178
-0.64853112485849
0.13673507893247816
-0.2676183095597473
-0.9826036791162345
-0.7454491816475972
-1.101736377655893
-0.5874452312306992
-0.852512693141886
-0.10291442734459721
-0.48967200198293526
-1.0122183919625165
0.09940568812352879
-0.46998523771931033
-0.04772594839472433
-0.47542949370508936
-0.9053344037609854
0.2812375591647829
-0.48204427556320795
-1.6475318648942299
-0.7050372157964908
-1.306112647376903
0.08567110963219093
0.5628301257525585
0.06743175529873113
-1.1446754509163775
1.3250618463162205
0.0392634100834961
-0.424232539816753
-0.44660584676116954
-0.2705857577189157
1.2026719986349725
-0.07206103449577128
-0.005088130914810307
-2.2967182571352076
-1.0812103569795504
-1.0593327071803422
0.246236604110738
-1.724953698297039
-0.3925248797027585
-1.101141982277806
-1.0437692922518345
0.5036018506881454
-0.5525540110415186
0.7241960993479815
-0.07022420564930698
-1.335917663777817
-1.4235348748477428
-0.6137796719359834
0.14205097369996977
-0.11096095292932873
-0.8241615771488107
-2.2949398103848715
-0.22133687030990856
0.2673957725526499
0.20920657570018264
0.41833160624978305
-0.2665737241693016
-0.9516112298313963
-1.0794091037916154
-0.18064759556677856
-0.4402640873163044
-0.8520204579904451
0.5447877055123236
-0.8994806752436766
-0.2869132076065135
-1.285785735077848
0.08878367625556294
0.22111039469456628
-1.5939272012386816
-0.6959042985180695
-0.20208072470928684
-0.6006815137936989
-1.0306489001058843
-0.7491477580846997
0.43554112368386555
-1.6206248702041925
-1.287190618511584
0.17190710642659113
-0.3968162832397688
-0.07492871596977224
-0.7413476249204471
-0.1344603755621243
-0.7006938927051571
-0.37587655427308775
-0.07317221668615659
-0.03649070457124637
0.22372357055984438
-1.15996501444857
-1.7628637859730922
-0.07238835794231235
-1.003744115820549
-0.907860812728412
0.05770072330851761
-0.48422316930425424
-0.3060715869188009
-0.5581670144651234
-1.532628053362611
-0.9328767827237208
-0.6299751036929528
0.5704581923014764
0.4339373771399586
-0.6206290012344731
-0.329699908378597
-0.5453122620764042
-1.287257362967221
-0.915365907079515
0.5617182312344973
-0.5661840217709617
-0.48480427313844743
-1.2387511897543213
-0.8648734190476084
-0.28901081723482136
0.8238396606643867
0.04436305835304566
-0.1158111294647135
0.01427180964887853
-0.06253722253228133
0.01746999168605967
-0.912085594636121
0.5513624624460967
-1.3444576276984002
-0.4215374699538863
-0.5661940663029235
-0.2849170212158576
-0.01768636276312563
0.29521219712670543
-0.6625072832933334
-0.6998172053734599
-0.6319987151135358
-0.07287057188474577
-1.263781010806337
-1.2087968495888752
-1.7979995943874023
-0.563642868680656
-1.1946790491416657
-0.27003545908375415
-1.1742585525251847
-0.5248491502695849
-1.4710533569361068
-0.05447673226617766
-0.24254854923557545
-0.32813362221531506
-0.76921321358871
-0.3216463171175796
0.3020204522274703
0.05626601161006661
-0.14687974381676483
-0.7280407832037632
-0.08550361917147242
0.0373262937023533
-2.042545622986861
-0.5532064801649277
-1.2109886740418823
-0.5191890141896458
-0.9527489002137592
0.7086432481565232
-0.22489500567399645
0.6555347871343891
0.2999270942645076
-1.1183897383638133
-0.1773594720827809
-0.7432551585606255
-0.539200391420632
-1.129049393461056
-0.5654593572584012
-0.1673309834999337
-0.26680251571812263
-0.7560658865962857
-0.5641278690821387
-0.8589308651871441
0.10301252646289427
-1.035803844468628
-0.26435704864827514
-0.6169515847682554
-0.5197991194209912
-0.8128048128350507
-0.6557724514603045
-0.4651414159423801
-1.0705240749030445
-0.7383707191184605
-1.153127810416816
0.74484396226784
-0.14534369282672444
-1.4344356926282664
-1.0270406985587748
-0.5769110722793407
-1.1485112774529078
-1.126267334845732
-2.078581165628858
-0.1738092171440364
-1.0777637524194397
-0.5601082299589528
-0.2043911162143921
-1.3446455963933595
-1.948001833673782
-1.0303652177369962
0.05735501233617768
-1.2594841432960742
-1.6972433207651072
-2.029020993597424
0.5465260024021283
-0.1015893090040656
-0.41621605862513533
-1.595934102247238
-0.9550781288314703
0.07217473134749142
-1.1209966128796616
-0.33881183587343955
-0.4684011157195549
-0.5124640119923463
-0.576899174741893
0.0813273778626531
-2.1196978731594918
0.2385880967771392
0.16071006106560404
-1.0083361967925377
-0.8136651492655282
-0.48595263068434846
-0.6456273766711824
-0.6773390088537461
-1.1239351166341969
-0.507716893457907
-0.44800431211467284
-0.9185881565432332
0.03621620070825671
-2.313888374308913
-0.20741004125767049
-1.668147273327147
-0.39371880908296575
-0.686873315786297
-1.10704155862312
0.07107051282020294
-1.1745173804496112
-0.37372594015772265
-1.1054495731285634
0.1453693728287
-0.33628010418548726
-0.10560020761510813
-1.5558059870492364
-0.5099686183703476
-1.4714396590124572
-0.2562272564305026
-0.18407843867943186
-0.5885813080634925
0.48983229463151545
-0.7142636320996694
-0.23709505270148767
-1.1969483829078875
0.4399817037427205
0.07746539151355947
-0.677489676418741
-0.9193604972800351
-1.4832607919097391
-0.7738093629644673
-0.39287490541455483
-1.0961461459078627
-0.11929353021504241
0.614470341891856
-0.2385379509072827
-1.2163637573154311
-0.05945394978976637
-1.1095129118893787
0.36597237755282563
-0.7995660846824215
-0.9570238098906394
-0.508825395109735
-0.9139775084358455
-1.7898585753823788
-0.14277369703564702
0.26151540808661267
-0.060101964379764894
-0.16035092203187773
-2.106642644739562
-0.8498013041765766
-0.6160221487756665
-0.3665617061710371
-0.6348659049647658