2.365089726663672
1.5210650885254409
0.7373487652034627
-0.2618741098687785
-0.5674481397771286
-1.7688331479184551
-1.8311735866180667
-1.5381330071935866
-1.0701502580471
-1.1852884367726622
-0.24593334811562675
-0.03837573022584899
0.33975373862055125
1.039132952081014
1.137455592069077
1.3699821052508756
1.7936334024681202
1.6700665638264334
0.5229649936377186
0.2984719420393182
-0.5585909039846351
-0.7309000906469153
-1.2714795375419035
-1.6758217935076198
-2.1226004413551025
-1.666066636181419
-0.49823885097435006
-0.14189002238356643
0.6071173642390869
0.759999914325608
2.0607464100767316
0.8238248216640902
1.5259734365901099
1.095987152970163
0.5377351913439504
0.3388670254625631
-0.4019429061464158
-0.3281158697141308