-3.065772783225274
-1.5182525115167742
2.7529228570708675
2.767306297056937
-0.16545134309445686
-0.9386836933273308
2.3565635174861477
-2.678134129619199
1.7089356260594677
-2.395075944969438
-2.17123194537297
1.224168091688174
1.0865797870005913
0.3558353428556167
0.48342759514469336
-0.8298096793884717
-0.10431073681544589
1.2966974880932263
2.6686840620567516
-2.7632819023227135
2.2856036472915555
0.2523191021227724
-1.2958522008119608
-2.9741723891329848
0.4428960921161753
2.6720613323620235
2.1075048709840054
-3.0376408945977182
-0.10972382157960325
1.7974745823028577
-2.0357121115681913
1.444590796388784
-1.9978468421328408
1.2028949484555405
0.6689752215586005
-0.6749177148886183
-1.330647728666758
-2.2929301049455155
-1.3722896938821485
3.0391082714127826
-0.09489972264386992
-0.3092115046631214
-1.8592969424543035
1.7591359558823108
-1.3439372767472513
-2.3687121911728717
-0.8580147315268754
-0.8400312545991646
-0.13315890504260253
-2.629638012210318
0.5053351571976954
1.5555205929856832
0.3373660099721896
2.087776263552552
1.462232536082201
1.0658927703445222
-0.41436344454630714
-2.4893561960340698
0.8072280200972735
1.5408427017171995
2.4904204619291512
-1.2567409942671155
1.397968277486921
-2.8592035324805742
-2.93275655899593
0.13035915665422593
2.4851054332927767
-3.129746037198796
1.960845647390972
-1.7872860010345981
0.07340773928128286
-2.852594587593668
-2.140191692442226
-1.5453724121570183
-2.9646669278202715
-1.8991341601613634
-0.0358126552059268
-2.0425820373849497
1.492862000165804
-1.1455846527264235
-2.5491790445091063
-0.4234650363697732
-2.2485286137529705
0.8397467094447855
1.2498212813124319
-0.09725425231104268
-2.4072909270388543
-2.510804797048518
-1.3251458066843291
1.0313478945154095
-2.5685476007303443
0.9546849514307958
-0.44291552663868217
1.1620937923729322
-1.1706017180562291
0.7917391110369643
-2.4905683291708165
2.4212055515928945
-0.4415488759902466
2.1558088320518074
1.4610102039006314
-0.7343001320966884
-3.085417896890693
-2.873742861616254
-0.9010170313414214
2.5724225326428503
-0.3487116408567168
2.6275596255910436
-0.8185051240049681
-1.7458942380398632
2.8129364222735695
2.0364094433264164
-2.288887026809622
1.3316032257180375
-3.1242772002537116
-2.495235264988363
1.531489755446099
1.358108761370186
2.0057494685923594
2.2857968826235613
-1.9674940131155232
0.03672526988727398
2.672631710743051
3.108485731727864
-1.6550108889005308
-0.27236732026832655
2.373616533157918
-2.783905577395654
-2.7198736908775807
2.119950225625974
0.6604211184611195
-1.492028106240138
-2.4148903793115046
0.2162881551051079
1.143165799620693
0.45450494437266187
0.06171810701367875
-1.6462062688261447
0.6891902557157046
-1.2928524531313137
-0.287740687866755
-1.139176364953311
-0.7554013635232728
-2.3793772477952224
-2.351716624029965
-0.04338220656358871
-0.2001809927506848
1.7065793251991188
-0.26873422648710843
0.7082269956004588
2.6318680922211932
2.589735146511156
-2.7087333537079736
1.2091492006504048
-2.691301038848163
-0.9382296253903881
1.6435143635835736
2.907781602387548
1.2503570166108524
0.21489005223441282
-2.6299479758849778
-3.026803316674833
0.5476262456033858
-0.9751948233300816
0.7385261985170821
-1.5026044081966852
2.8047379818969667
0.6164548644239751
-1.9301296078957897
-2.65709488566279
-1.3752678763629227
0.08578370597763652
-0.911182864537647
2.176960673811312
-2.167567184512496
1.655939024323704
-2.2628307374473984
0.4482708007001186
-0.37089215728236624
1.502749718381306
-0.42642262546044307
-0.9386219137842282
0.2074967630668887
0.39235761489740995
-2.7376460792712045
2.1931459023855915
1.6710235962532032
3.065448959497754
2.4463162369572835
2.6677338622632227
-0.41298619424423677
-3.1343174718000917
-1.4019566625087059
-1.3842095141416273
2.5446909895209693
-1.3047351008977266
-1.5549393365017998
2.9650704665080703
-1.4334020860015606
-1.0663055708144746
-0.6617866812907174
2.2345195793285306
0.7836705166154054
3.0540814049386746
1.0945090105740967
-3.042953778601447
-1.489490502989323
1.8461890383696833
0.9639659442064961
2.335592669012396
-0.0774415235572512
-0.02352835795303676
-1.550515674280117
0.24618512215818456
2.1701133624142734
-2.8114268536711897
2.137321223832611
-0.5519414649384053
2.243405404484708
2.1600235914203942
2.8004856746152633
-2.7151210412405113
-0.9684728558855191
-0.9423510508764359
-1.9244968118822179
1.4419282626952956
-1.7760993441326853
1.6357605347998536
1.9211430149181759
2.712998843831638
-2.379992296321472
0.04706207427289044
1.1709582989298148
1.4921274773031108
-2.535113710386245
2.4386669758226454
-1.0647113378926
0.13583911687891614
-0.15940392317636665
-2.8068892615527155
0.9676117521876542
1.5372968216612541
0.3149329301215751
3.108444948451318
0.8790475274289697
2.409039162115416
2.208977703547145
2.0277946927301365
-1.2587733360258078
-2.017541762846964
2.570342463580939
-0.977326710448704
-2.2970953720226355
0.014065922903444772
1.8739777843858398
-1.223185067524792
-0.06960975204847486
0.5037282912820764
-0.2388178995602992
-1.4172661037767362
2.850016801801356
-0.3008922675247696
-0.0403686052456429
-1.4488238752910512
2.8032018494896285
-1.9955063668857314
0.562820523559413
-1.4670400704278812
-0.8935552299675145
-2.667702759707179
-0.20777030709804123
3.1257022248597686
1.9654487827975906
2.0947897435114378
-1.8929902205372109
-0.6963408112043474
-1.6570113626660934
-0.2470350228228817
1.8853643382731953
-0.7041519335230468
-1.4846386510909007
1.3604793581057173
0.8443067090331517
-1.47971588046887
-1.8410722772003503
-1.0109960311954147
2.393292104999528
1.3322130899722389
0.9544404846043228
-1.904668359586534
-0.15807552882253262
1.5436005815184366
0.91648370995836
1.829227460347031
2.766284472796098
3.1223703581576068
2.510785168359579
0.11460944685207508
2.713664138768582
1.490893157460878
2.757635106882919
-0.16331216634993595
-1.2094599599268427
-0.008717772095234722
1.8084665879948751
-2.9684636472070416
2.1414612157024457
-2.317864852627107
1.2464583785356318
0.4109449164148522
-2.4033626468494553
2.255902429722216
0.7623848894067784
-0.9272850832879094
2.0503588525497456
2.2829257614309775
-0.43591088311002224
2.162149735295703
1.1581702690311353
-2.037027553814422
2.984487001236129
1.1851656361016047
0.9586892181238831
2.1067329795175134
-2.246118054898279
-2.349582594119692
-0.04123863695589236
-0.19197853527353104
-2.060162852926357
1.5550923960864687
-2.629678728390413
-0.39905676717082983
-1.5880021644931723
-3.087870189008232
-1.6668819266569521
-1.5493011196102167
-1.0466338588393391
1.1449515217119917
1.5733728062300365
-2.6877389555138542
-3.1102465669915524
2.881772705516635
-0.9106732307984053
-0.9663992050183303
0.7868978217622988
0.7679526793122342
-3.008733246223418
0.6669168142199631
2.5759346825254745
1.3605864989398633
1.5906678488928527
-2.0032121998482886
-0.057491830842845815
-2.579378899014838
-1.2368109884997374
-2.3349636131669946
-2.377002288666308
1.5333794202507356
1.8255010155351847
2.202431300001141
0.5657822817535028
2.7944582609442854
1.8451855506226629
2.7612966880482155
-2.146140996726995
2.550452991861288
-0.7986611630633966
2.5924574166133034
-2.087931917107145
-1.1546170428004778
-2.5573783433139035
0.2536773578857954
0.927553568583992
-1.4902019602745717
1.6803124536310285
-0.8455778857578444
0.3913501185283401
-2.8859188977208383
1.5571814020250123
1.8696950753079769
-2.2399905444465524
0.8001219668890549
2.9675797909241304
-2.116630994885231
-1.7565396273114793
-2.414347669964453
1.104338365434156
-3.141043931620377
2.8483226386945013
2.4891016209976478
-2.2613464322650607
-2.0149705474347392
-2.479267162904538
-1.7586714757944257
0.3775666144712382
0.9914218011482241
1.933071624547555
1.7198822681560593
0.9700211282698952
0.6946414537177539
-0.17495821461713135
2.4809297961208863
-1.5172514477629413
0.9226702669398641
0.4208810547021393
-2.80697335296124
-2.5969908991830444
-0.448215977190511
1.273213988015538
2.9429082635723596
-1.655338673291336
2.6958792843085213
-3.0181459021341475
2.63649550369912
3.095702845227901
0.964334382797734
3.0075169403814392
0.9251880464344602
-2.131349452450994
0.10706285371144375
2.7136225037264374
1.8999846722610876
-2.479965615378706
-0.5673433276089348
-0.8906877154891468
2.263747077424977
-0.5932777113380574
-2.0149928599389177
1.2906528310615109
1.1016514748476247
1.5669102340193497
-0.3599446153304733
-0.34048484894170983
2.207713945055378
0.7524066664686195
-1.6295195577699353
2.811775032005155
-0.3905909307987905
-0.9508127309394432
3.051430428340513
3.0053129214438563
3.079280241790645
1.4628614378770841
2.1606584736225365
1.9798585298009392
0.0008262964168928022
-2.817041739157826
-1.099443762619014
2.3845957114501495
2.147279594192046
-1.63136676383429
0.5045919129542575
2.765564998312197
-1.4719767373120867
0.2233202785387114
3.049102245170321
1.4844247991739614
-1.0533764923645883
-1.3974327067701715
-2.0336877514197305
0.6399648116002403
1.4201988527563394
2.2019522431658665
-2.588766797273056
-1.6862821598632216
2.469968796266155
-1.9344025565790552
-0.8820260498934793
1.5431878860046204
-2.747461122237983
0.5193483354729302
1.2502970809499239
0.9902183227963413
-2.3186475124337314
-1.6983935031590782
3.077695022862759
0.2687147278827702
-0.9693241179654812
-1.8384657910499946
-0.4533042852083291
-1.8449274456115852
-2.1590844365378565
0.21131338066426864
0.9011083025482272
2.007374911373983
-3.0865658005938776
-0.7513796254645904
-0.11299584666431528
1.6458498336075245
-0.8101216916264029
-1.7713713542146756
1.285353814374158
1.8558774482387257
-3.042186256929792
0.7597778677309073
1.2974822402733004
2.891091196267002
2.024446236624822
-0.3080785775950652
-1.0022047900154085
-3.129414954663023
-2.668479297240534
2.704334047145405
2.629131169408627
-1.427677421330852
-0.8471685509929578
-1.6915252851675824
-2.595672804274809
-1.6908928089993474
2.1797577072098484
-1.768106028705457
-3.0879508242856097
-1.9606699591220966
1.0686121886014668
-1.1004984768624944
1.239119845856873
0.3468752902999519
-0.8194055587817921
0.09235465076489291
0.6054293618233437
-2.192586153057686
2.309364954214157
1.3968303392076358
2.238265358208654
1.5825511963719343
-0.8195018159973237
-1.448356543508961
2.0407222276512265
-1.5924145567004153
-3.096599727722772
-1.5685802567517975
1.0095250196406234
0.07864572899025646
-1.0011406186369491
2.0315412071496546
-0.5598645538529148
2.5984632781888273
-1.4718988366112278
-0.9876008656040192
1.8296979201864225
1.5166821766355234
-2.1600165998908274
0.10702122396972769
1.5705053654857828
-0.7452907070484933
-2.9308831304197476
-1.221483627007654
-1.745085795587567
0.6030090019253755
0.7049014865983771
-1.963072398139854
1.3954072429984414
2.8267317027281784
-1.36990470500184
1.3656072179118262
-0.5995962896468221
1.3815025594820547
-1.720679867142973
-0.9717835846625569
-2.9058273609573355
1.8921218410938927
0.8067635636644219
-2.9418716780216307
-0.012298918401338454
2.078682088876338
1.2948896161348564
-1.9536593256729553
2.8504756477297413
-1.9831998002897073
0.09510905703224992
0.8761338277857114
-1.54862952380331
2.8342315463776195
-1.9921904468167604
1.442938204149332
-0.5535465437746403
-1.4773433010390953
-2.5502835542920472
2.0036640566179464
-2.2637238781868056
1.8992195515967687
0.5225011157420916
1.7594149374669819
-1.2423126812862755
2.8508373641022935
-0.3924643523335014
-0.9843545704336201
-1.082472990055404
-2.4780947290499533
0.4249296471885238
1.2063095545152756
0.26976162867487474
2.0346977770778203
1.459728714717361
3.0265443555918417
1.384144644968746
-2.6590584608425125
-0.6351799832887615
0.039517873316970764
-1.832557814761568
0.8398094433827517
1.7193723146344517
-0.5672745803873873
0.49846782435085757
1.9296702032304331
-0.8593766222110837
-0.6062717896504175
-1.8486329571266218
1.9741060038632803
2.3940644059861107
2.0427830201894714
1.4538697253749682
0.3718585106389618
-1.0945179109221748
1.6550533075083926
-0.7118206770354583
-2.987689799895538
-0.010640184436578437
-2.3446581831037356
2.553348865991513
1.4921696570280822
-2.0776165898752232
-1.7910621026988984
-3.1183305014669678
-2.805217036740931
-1.4206433156351146
-2.3669360996043416
-0.9599825678073266
2.053814998446594
-1.23578325578978
-0.351478438108753
1.2246602234598107
-1.2340910262622593
0.6637161031817449
0.30352953199254173
-0.38125110281663055
-3.0310284671638605
2.655172849631409
2.645753231080274
1.8722523675637426
-1.0417701553392469
0.8361595337141701
-1.1701365862314894
2.780416712140383
2.5992703857666335
-1.6018558376347976
-0.04041854211181928
0.23289088506965427
-1.4347241020302697
2.805291109746822
-0.6613076407806453
-1.6547226961851287
-1.2411404544469882
2.461471549519036
2.341289832663488
-1.6271167773525796
1.9950649081692795
-2.5186140216613744
2.8723305607461604
0.7062358712593557
2.7289669539994286
-1.1768069809653205
1.1583962142746707
0.11448326745965076
1.3272979142119858
-0.606522672384326
-2.83786970386468
1.43003152793327
1.872901185647347
1.6739327378687356
1.3523347045803185
-0.62964447365081
1.9590947814492772
-2.475818570119852
1.4856432322362316
-0.530216232146639
2.3460528684101583
-1.2158838223373998
3.0059346944210255
-1.604082721222479
-1.7176767239230593
-0.023349790374108892
-2.5367184637695352
-2.09796624077946
-2.0533254065291935
1.0224909339180108
2.639817491993636
0.5775990855440831
2.663480665631891
1.6136124950999964
0.01818722454011734
2.602552155470331
1.4415766286887965
1.334769035128982
-0.6361920678649788
-2.302644087143225
0.9319106687235212
0.23990395335143333
0.5361975735827436
2.2400223903181917
-0.40507620945345124
1.9692228460784058
2.42068055652177
1.5998409133051688
2.6816108746391443
0.3396884456584566
-0.8346759604277558
-2.077322454742866
-1.5019451233960943
-1.7482824661309415
-1.0501331747503961
-2.244138746311034
-1.641696033867472
1.0585029525842522
2.2474422959563647
0.4126463406581742
-1.2069653807876755
2.2153655098266647
1.0955683665554155
-2.5485248443116255
2.2071967111664286
0.7814197874091384
0.7972548666632981
-0.8437889998103962
-0.8067591605524136
1.072287877939889
-1.5106742294162636
2.006783639033589
-2.43294610904022
3.0025668822716973
-0.5467945960114058
-3.0798329984612813
-2.868767940013779
3.044405453114809
0.5044528630708136
1.510058384069783
-2.3122276159611808
0.004272823068792064
2.988839729204681
0.7360293068231876
-1.1324025427196567
1.486701487711283
2.457309542888492
1.2760563306463801
-0.23621964374592253
0.8939173033209507
-1.3313956310852255
-1.867093189375975
-1.7761107256598727
-0.2516769328170021
-1.7488688502070993
1.7356252418329952
1.7802290008113921
-2.612511419898059
-0.2604559266692199
1.9267640595223448
2.8513077829670586
1.509794259093777
1.9840407482531752
-1.893989466395123
1.3373756187019161
-1.0434329390536696
1.8383431528328238
1.6231430333714947
-1.9981804610956253
2.444327851851316
-0.7133441562668814
2.9517260932551075
2.420007198316771
-2.7417424926374956
1.1835469189336756
-1.9403904699161068
3.074971712321595
2.131459069445274
1.8396945829016182
-1.3641588985495154
-1.3850662222366132
0.43521584930268276
-0.6403901681447444
0.2398244774563132
1.6693795024410854
-0.024445442198267386
-2.182499641805169
3.1034423659424597
-0.3546719831102614
-2.4999377117228043
-2.704407590063216
-2.256686794409891
0.7975062024217898
-0.12941916736395953
-2.8206745263310715
0.3030923357100086
-0.3823312846954785
-2.3842752842982655
0.8326512447613403
-2.3411933718506255
-0.8551907275210304
-2.033691942003248
-0.6577553714315165
1.8263468829858915
-2.893822327898132
0.26886187771836845
2.814461438936366
1.1663449340312972
-0.19684920294856667
-2.089220158702897
1.3960591078240192
1.3651820640758423
2.3313724456226375
0.7599399168184995
-2.555055736180609
-1.433797529125325
-1.6131694686148812
0.7894016995547197
-0.2787442902756787
0.09793343152778178
-1.158245078236984
-2.8892549620737746
-1.8924962994032164
2.1072009356054515
-2.6120482633650006
-1.9726851529493779
-0.0683635679736021
0.1228270768967441
-2.091858273476145
-2.800090050807267
1.9683921772232331
0.8211544815708613
2.5347960606653963
-1.621337720043723
-1.6336801324170658
1.798720193736191
-0.47185658663334706
2.16412217778144
0.8201117327134604
-2.883205135874828
3.1105262983883257
-1.124012654208908
2.4960459387693312
0.20690146498185769
0.1718322147523459
0.0330979291220963
0.9252811464361663
-1.9744620047916435
-1.7595546733225085
0.8767375762141576
2.8549641077918473
2.947167652809963
0.895126964429938
2.530012578287451
2.9671578457105703
3.002816490697281
1.643911088777653
1.2462578712745405
-0.449264045795271
-1.1848594081104942
-1.98267905621692
-0.1826475770574909
-0.23695201215234007
2.14068298214033
0.9198989353018625
-2.205573721738272
0.9941442718684677
-2.513770054102064
-0.4056448249578004
-1.5175592255499986
2.876132073466099
-2.026268719262678
0.7885895806792895
-1.777753943319933
-0.3465655979965554
1.3623178746644875
-1.9893806719537928
0.8406487014956419
2.7495156472441415
-1.2931310570335732
-2.6109468982995985
-2.0824919538828475
1.2431818340843428
0.9221873268568892
-1.3962368096415751
-1.4566928787496316
1.904759734040109
-2.01561193788174
2.6196824523158178
1.6577365201655248
-0.04746410335918583
0.08628769485300225
-1.7983672226568181
-0.9775420895943903
1.0151884485908518
2.572010523040813
-2.643549749763981
-0.9133447679160973
-2.0602723368671754
-3.0178237310718394
1.797403162284997
-0.35863211687302154
2.5963748686436325
-0.34274055634810097
-2.360587045365765
-2.5308504729595604
-2.3972719908134046
3.054893192766979
1.1245756134909293
0.48179964784019447
-0.07748897649171838
-0.8393624527440657
2.0705708206337228
1.3808170224018248
-3.089078447639391
2.5279823389441596
2.88644329671882
-0.7867453146493055
-1.246986237154541
0.8498111333998857
1.8123342937399975
0.6330953012846159
2.3116999181675517
2.5455809275248704
1.0995861332280619
-0.10580304173235433
-2.708509428651926
-1.53118810039906
-2.527183475802129
1.0301453695991292
-1.5106272736257402
3.084645753608452
2.7615018147326786
0.9918257743755312
0.5046979817269808
2.3024305653879686
-1.3072457326946498
-0.41025047339764953
-2.560934147354029
-2.2030731878623833
0.4694593287199247
-1.8594970273967526
-2.6196028202019015
0.8929227335985566
2.67462702231197
2.16577005300665
-1.8810127869278368
-0.37909479584572736
-1.1992995707721228
0.031113162717137044
-1.5261194067361252
0.8032913533933659
3.0613040537702254
-0.4764918390134163
-2.607945647467762
-2.828938020285154
-2.7947483889117457
2.4613710486207943
1.6507196902563273
-0.07792514805620598
-0.5251449881983881
0.8021440955639925
3.117813071860919
-1.93748802779076
-0.9234717386955928
2.931032623142624
1.7437463605769885
2.0444637165992425
-0.08434963959721742
-1.2860793393240293
2.9833694067165446
-1.8601403299897434
-0.48269940424239266
-0.8238753141447823
1.2712729856505298
3.0078514258148523
-0.13128816701908974
1.3194047558449107
1.0009544205230618
-1.1489821475659703
-0.7498181667201003
-0.364598268899055
-2.2245802041187055
-2.7821371560498456
-0.8450591637641018
-2.70030535527032
0.5136749311259372
0.6615078790354083
0.4532215714554617
2.748113445807011
-2.927382510255544
-1.2430050303051097
0.3384924878861888
-2.9069226285216097
-0.02050950555250708
-3.1025721575650103
-1.6599833344713026
0.6559663033781398
0.8505437937048477
2.9806411331287883
-0.3320048547212302
-2.4652022603645314
-1.7659081585779681
0.9863808287245099
2.633921125133181
2.847620229930765
1.6820873854847527
1.4525163160616437
-1.4337308000733735
-2.153943010225536
1.5953558609865475
-2.2442799323343614
-1.4152038162515588
-1.8794686675726915
1.3574986123168067
2.83825141418858
-0.08918082175446429
-1.4535607701516504
0.25493572551984656
2.079015193203265
3.0917088414097442
0.8817088107449003
-1.5861346859495136
-0.7949469813756558
-1.0829308198557435
2.255301543310548
1.8794766770053677
0.11673153948388304
1.7614597383747856
2.5260414050711084
-1.1509172120272062
1.7736531159160727
-2.439959875030514
3.0088272570499335
0.5271120890708296
-0.2628760283197913
-0.6208653869272887
-0.6390874348468394
0.6596572219155554
1.5244368147850018
-2.055994403167052
2.848533172422446
1.6154111119301326
2.978695136782111
0.6068402943984701
-0.5747001735319621
0.8197487396316951
0.17203263312856976
0.6343967578538816
-0.86215734804804
-1.7975000060240625
2.782635078920972
-2.0748466132065637
-2.2163843348642196
-1.6545685900919516
2.268387433171686
-0.773804274905455
-2.8384539094766517
1.992424099054265
-0.04097718747805956
2.7517454681277975
-2.18951700725
-1.9578980484808959
-3.06102245519779
2.3818924020778915
1.0338705152670435
1.026053535290533
0.6421188192884735
-1.257404885876479
2.7159229007495576
-0.6895878378873554
-1.9259877175372644
-0.34309132966795275
1.0571553059631107
-1.384672609485147
3.1258680894721103
-0.07679921030854686
-2.8799929408124747
0.42816288180022255
-0.21126143201629688
2.407554479189084
-2.6629768052153615
2.942551398963456
0.6966096237328436
-1.9881765029058762
0.6466421081423057
0.519123296810239
-0.7603640556732039
-1.3509744500520036
1.5989040257487126
3.0240832569200684
-0.5571024068163091
-2.7387316096709036
2.943884860949371
2.8677991520433928
0.9084274435966684
2.232398738754025
-0.5899690431881304
1.6266890049317944
1.9546527667347142
0.9301277522908471
0.2963634021857082
-1.0686514099867814
-2.9835833903737985
-2.2051855500284
1.7234822011555089
2.0502573059354354
2.5966357949456302
-2.6916699736107326
1.2077169581174623
1.3110199856312938
1.9543703127988117
2.4177586385977996
-1.235740518972019
1.4915261939106408
-1.1239345384117705
0.40280673724038607
-0.42024402318316945
1.2413459438085006
-1.1861504669443228
-1.307704358973222
1.6928407377514283
1.1746169875225725
-1.0853124222608663
2.3941061293566754
-0.24017354680436753
-1.1766592798252837
-2.7887258406460553
-1.4892528564160266
1.7054004693016545
-2.728952124845936
0.00484125246176248
-0.9022889624923742
-2.9073605153728046
-0.024023766645665745
0.8448525665540991
2.355615259871019
2.562936337522654
-1.0547512354344768
-3.0406450573427755
-0.6660477250220929
3.1283135250229854
-0.5081082081078385
-2.116500412189378
-0.10446821194338085
-0.08359313599452989
0.01940139772870353
2.142628419000207
-2.355241147653121
0.2828990795391668
-1.3249856439761025
2.2970053070383933
2.640117015684961
0.5397435499151619
-3.126977029220388
1.163307264683656
3.0598049977685626
0.6301156250052493
0.9996172086331718
2.48887681669871
-1.8035566128925602
-1.711612234697963
0.3124868684341102
-2.48446926338087
1.6444473625985445
2.1023297957837848
-1.9262353701938757
-2.898473761168109
1.3858184493322234
2.4189993043383957
-0.30957839928275277
-1.2345056166226946
-0.14117057587588633
-1.3497047403829434
1.108475557302274
2.5664867882305167
1.7508198804955803
-1.0878077754067412
-1.6890409277493568
2.390853438536727
-0.7002945643275318
-1.7554165552082814
-2.0545262455023128
1.6196685035247533
-2.0941798133738097
-0.2774692514812891
2.9055338601238354
-3.0882129608622257
0.7090308492205857
-0.6228861308700537
-2.584752473101471
1.2976144489326806
-0.5045591313334761
2.574501832881804
0.04227311431555236
-0.5106268324201402
1.2093817891769554
-2.9622054776687996
0.046205410392563095
2.526260796403232
2.6762724211286475
-2.199770651585805
0.27316067047276604
1.8551393051202432
-0.007902849828877123
0.3247757763261383
-2.4926447207713345
-1.0631417409703765
2.1035036522116464
0.984237774724253
2.4026637247953566
-1.7877161352976678
0.01299232370081782
-3.120822356459332
0.31879076009252927
-0.9429184060807039
-2.095073723954936
-1.7701290536780867
2.8635541717683815
1.9326962222744832
0.5245284032523649
-0.7489289017335459
2.148809412609676
-0.004181691046834857
1.3768335562402605
-1.4482375316096459
-2.919252042101167
2.1668036536407165
3.1323809964478535
-0.2682533900818065
2.6445888680925655
1.8470112083077872
0.0050659790377274305
0.6463651674583453
2.1914481084278954
-1.4709381624308513
2.393998290083065
-2.7831252494351766
-0.4405502257733467
0.8861672850660831
-1.3714614176299555
2.5435898501771383
-2.537663671034064
0.011992052662808561
1.996481843762691
0.21480144779602384
-2.203880379970645
0.9108739485396349
3.0781394560145294
-2.1921967032190857
-2.585373768745871
-0.7624629609873885
3.095134947813616
-2.143863721521594
-1.0085462356416848
-1.0971870047016772
0.19062351270786237
-2.2943173895036004
1.3225917249403416
-0.014001384224155089
2.1508486629500574
-1.0609868181209912
1.7065812802634532
0.4481998821475379
0.3091082051049945
-0.9362047432386724
-0.47915263349721826
-2.6007832068179404
1.6819908006107376
-0.3748902151494029
-2.6788572747962256
-2.312045601424199
-0.6559445753059059
-0.41754534093952245
-1.8889259354768164
-1.8438435338170471
1.6912089602257403
0.19024390723290097
2.1896388784204497
1.7327211536569358
1.4392139745741623
-1.23586018824059
2.2621723032615044
-0.00683338184573401
0.5921265428247473
-1.1260897088804391
-0.8788826855116803
2.03329003566159
-1.3118737271020215
2.446831191579715
-2.3202219358111726
-0.7123161330328394
3.1080926072021278
1.44009522550839
-0.8405624611347768
-2.675388085074598
1.3728962326062408
-3.1179159872363904
2.3451868215346288
0.4919037704644218
2.418534413154095
0.5820284135413267
-2.635700699433311
1.425266227978124
-0.03542355257092922
1.7663099736812349
2.2895425413144643
2.163432697388412
-2.7791551888739754
-0.2390729567309613
2.734545011444606
-2.113454647194022
0.6253798553598138
1.6138283310526056
1.8730747012441178
3.115886729497273
-0.10250002184568174
2.0908857852457636
3.1193590032878653
-1.875028600890925
0.5483239180336064
-3.0138926777802517
0.3178128812202239
0.3264524648620899
-0.5940905429464856
1.172012086816121
2.7252493846219927
1.190739511381583
-0.30017444305070384
-1.5247920236575645
-2.6727292650150183
0.10268297984720576
1.778909642808241
0.470621212699573
-2.3182050012347553
1.4469032337522698
-2.4477661526187156
-0.5459970687236897
-1.7341960570984405
-3.0490259239254307
-1.0202599840411146
-1.912534019167321
-1.754635342205443
2.9933766086450753
1.6566656222112108
2.137563371037306
0.25631044614778276
0.273943421148207
2.21403500522538
-2.593454643686332
-2.0764177016089143
0.21326642599045798
-0.14282350762790585
-2.6654515724100527
-1.2154728486521087
-0.4686642803132024
-1.7183571092374699
1.9552776644874363
-2.767344946987574
1.1818875471984889
-2.925808728158632
2.1696155424572403
-2.7323688396552406
-0.2699843807201141
-2.6257859025733445
0.9801181053651966
2.633851066321018
-1.74406653159809
-1.8715166695402097
2.8816652177748914
-3.031488554297159
0.2611002135069107
-1.2997445458825716
1.7951647497318284
2.389823451762215
1.5860113012506751
-1.092500614574373
0.8903950184537202
0.5006956155030231
-1.403331468417985
2.1349748353689613
2.4328677095833875
-0.2826846787232249
2.9280331765979675
1.0751473287726547
0.2574705694887065
2.013657344541958
-0.8321624322443419
2.154084170551844
-1.706047530760653
1.2152851334574457
-0.005718260954619581
1.5464993186131757
-2.0574984385076895
2.6685552629036984
-2.853738906654396
-0.286203405392083
0.06168672344459836
0.07776085507895303
-2.819357076934036
-0.15175444852236453
1.8964110696059642
-2.968320361672273
-2.31077821912422
-2.920839011044844
-3.137300948235332
2.967200038171338
2.8600843803976836
1.944869991595592
1.889225093908177
-1.4356642452975983
-1.1837962707097738
-2.666039665617671
-2.313339067255196
-1.3359461998003574
-1.5344202118075252
1.8844530959709154
0.39554846507580876
-2.273625161822512
-1.8095058082542828
-1.5705955155804041
-0.7445980922504383
-1.4277962148325223
-2.3341947463847212
-3.0340007772069875
0.34834291545483964
-1.5106874757982318
2.6661306686831487
2.392900417781238
-0.4204659618481621
0.1649550386529519
-1.6628337975304213
-2.967569533280578
1.844453111234582
-3.128254692532881
2.7674732244390334
0.578553238534699
1.2812284255003057
1.5144654006803187
0.3251309609746649
-1.1509298825125391
-2.069636180772033
2.526670311581956
2.9326933587037267
-3.007320566251483
-2.2992119736411105
2.801269582220147
1.7470706760911945
-2.4461519709698614
0.25990367282216553
-0.31220605016204317
-2.771339199652754
-2.6783104606477472
2.571749441051555
-1.0346969733039764
2.4151026072966424
-2.866682006171576
-0.887447791401808
-1.1596883588681486
0.8959056866181676
-0.2523000302029139
1.215534268403271
2.266655046960107
-0.06884080515041191
-0.675264944496174
2.127561453108026
2.202112973507024
-1.667938459583933
2.1809758979781897
-2.937017787079565
1.1323367691875
-0.13820052377560543
-0.8890828806692319
2.2481455760692945
1.5906256095405986
3.061479657833562
-3.0056354360036757
2.4382873003134584
2.325164901190309
-0.28967756600638594
-2.795541529812443
-2.413123193616787
-1.6793739630324147
-0.3024540812058767
-2.0504000390555
-2.511258214146107
-0.18228192511902463
-0.6239371150182187
1.4096888983503
-1.506044378555199
-2.7807623567757283
-2.0760543681949066
0.14849356287693993
-0.18218434178318077
-2.686962879329837
1.8411274102246828
0.19287664938737592
-1.1185186626967116
-0.23606856121403652
0.6682667449871964
1.3881367743607562
-0.17855106780369212
3.0415425741255824
-1.7585525266884297
-3.0341186475782003
-0.5903925777212145
-2.681083658145834
-1.3126829112974825
-0.2173012197012092
-0.14120642361396207
-2.7232508991337205
-2.5304373846608534
1.0130090795209732
2.4335244276534276
2.445792947903218
1.694889073413922
-0.3058000610845504
1.5983543612957156
1.246514316523804
1.8524408902762026
2.1847294514114104
-0.5119441595670473
-2.4724328335943646
-0.27233972230905223
-0.1846931614617766
1.8434524026667667
-1.921701867300282
0.17978778975913556
-1.493237376373255
2.082789126426558
-2.4248621832988597
-0.8153558599002046
-0.6369505088055512
-2.13753602956265
2.587993964110762
-0.1878449045669548
-1.8487068062026957
0.3882586795455616
-0.5160555880936464
1.2935502004429118
-1.590915580954853
-1.7114350503183395
-1.3999328828114947
-1.8120713151886427
-1.5117325809255213
-0.06317958237077548
-2.7149481722353848
0.16268285271207006
-0.35912798529316703
-2.1978981098466654
-0.9262419242593545
-0.5209034943025124
2.8108387209505032
-2.473004901915562
1.3700454445427788
1.3710939562114284
-0.37996818056506854
1.8409180296211254
-2.6983927068958202
2.151633049454542
-2.372957238713152
2.3434016354674476
-2.8723786041244246
-1.7746197477132704
2.090100479927326
1.6524445181793972
1.6422668913250824
0.29730932799657595
3.073964699984412
-0.17579540145862538
1.667293343385797
-2.900692450809604
1.7459212144769545
2.0252566295615857
2.1096024307750447
-2.134592681255018
2.3168818095774846
2.432119767156511
-0.4797071796340866
2.198928298972749
-0.18912557502701688
-1.695087494157871
-2.610249000469448
0.086030466872419
-2.612166627755375
-2.3023427624742574
0.5033453018916028
2.6109373476663684
0.5810377592472129
-1.2822232947169958
-1.8876842254283694
-0.8606624970512193
1.6092702191864667
1.838399317855032
-0.6470553047231071
-0.2816948755863642
-2.0981013230786694
1.6493474828198735
1.9492251277239738
-0.7923926968635548
-1.3030587376572065
-2.112729393984001
1.7743300617436937
0.31920031386700387
-2.710037828630984
-2.6061092841726214
-0.21069658564999472
3.134980957457092
1.969213604041503
0.7010659917948381
1.7499086432835007
2.1696593655425396
-2.2889010148263047
1.1565511510817323
-1.9847222425054447
0.8849637493859923
-0.856287912463781
1.2776402067263284
0.4990391641274847
-2.0286373600947805
-1.9520609096640236
-2.884275875509939
1.7856060337353803
3.100161751443526
0.39020161056500413
1.884690239192711
-1.4839452623439477
-0.12233488093235323
-1.0273752427654834
1.4992707671323764
-0.031030998253381625
-2.9006339615998407
-2.584263281207175
-0.2835648975449594
2.9156670734731343
-1.5518306109493345
0.5103185664613257
-0.13580410700303602
-2.215593604982505
0.32173461707975903
1.3131997117215555
2.706557240000226
-2.126895644588739
2.466830576651514
-0.3397850606987127
-2.633767129399704
3.011057054820906
1.9843726276005746
1.0272756411534836
3.058852571134974
-2.00679402376365
3.0038752292022615
-0.320013964311908
-0.8193598865215215
-2.467597219009729
1.3846918650751725
2.0889085173586857
-0.5703437420008406
0.8693104779127445
1.5174870353751224
-1.6579638246932369
-1.9543969152683438
-2.2357184168497035
2.973100618311559
-0.7221218443748647
1.724355309076639
0.5503996932181998
1.079213961781651
-0.44754465290435164
1.1692501467414367
2.0396786828461195
-1.676793285518908
-0.05690633988887939
-2.5920406897811183
1.7545594989032018
2.1562553811278953
-2.6826725074764504
2.7562395918548184
1.3500831247359208
-2.236201659232112
-1.3658097869335357
1.7558961428380861
-1.520123674296709
2.6102871779022685
2.3405964231607364
0.3666940548971276
1.7624120457330612
-1.4734460812187358
0.5879930771761828
2.140086803094878
-0.12815261980136583
1.7154420055072244
-2.3193884266026537
-0.5949644860679619
-2.515631137393843
-0.14332683835911197
2.492505108284366
-1.649549320296682
-1.935708361740307
1.2343640822856905
-0.9453715448388031
3.005880845893433
-2.0998821495346682
-0.1667180616305437
0.37198704672831084
0.2975586635603129
-2.1064101945100653
-2.9776032622938438
1.8129466344491298
-2.9624800315657787
-0.3924487506277039
-1.1576251892019052
-1.909266793618169
-1.4509371108163513
1.417203389969277
-3.0590292675263946
-0.7298243343586499
2.428670136650883
-2.782875139980792
0.8182818868022004
-0.8694938619408639
-1.29249974385095
1.4658069404064626
2.4181387282428055
2.531025812256278
0.0849004064162564
-2.9690689893207285
-2.684776597737578
-1.2671282760075648
2.1451074383410607
3.139415873399738
2.3534510884640305
2.230276933720429
-2.1951734923725432
2.4885209786682374
-1.3247045393663903
2.8133086470735513
1.4828056026176348
-0.5544219708432614
-2.2682575429149985
0.5439667328581983
-0.7726674111861307
-2.426456335742497
2.4943399823597794
-2.097991521783708
-0.24746443630681014
-1.1361756093112199
-3.130564202562663
0.9468246623411609
-3.123281737936143
-2.0427723421105206
-0.5436950806455023
1.3577049901498874
-3.081426364872126
0.43876714733768907
1.0341379186555635
-0.07745089961033713
0.9663948592204044
2.0459204108173417
-2.075671647229843
1.644244094383854
-1.1173218720733153
2.354854687355026
-1.3882076044254994
1.7907586643766287
-0.25440221431668064
0.6673241655380373
1.9226158839173486
0.6831783759921599
-0.6103171238074445
1.4694268656715046
0.3966476690699672
1.6642256500246226
1.5788978949715649
0.10027095333206049
-2.0355522438925853
-2.6022295021208315
-0.5049378658922699
-3.0760368857114493
0.5627877470812912
1.9126793415469656
-0.014118145908977198
-0.9876069860619587
0.5378153895436277
-2.728850911045452
1.7127853869227074
2.951339680434163
-2.5378671987791925
0.32598330159472155
2.6074141048495285
2.265212146850832
-1.6574351973469525
-2.331986512844278
2.4310576061694498
-1.9396330528853376
-2.232426730109861
0.4828265043901645
-3.093253833605427
1.4217536138847144
-1.4022214034582952
0.3425810525761257
-1.54748054925032
3.1381345941765026
3.094053669972144
-0.14631669204349507
2.6469345737457424
1.3481721764280898
-0.7322496251669115
-2.978146730750314
2.8638028473899872
2.5698867563798196
-1.776739404015597
1.8837312004043092
-0.5968479747146027
1.5738803106232133
2.607772066983582
0.938863691665933
1.0465898078853577
-3.1113704465161156
-1.6147213633351178
-0.549885428165549
0.20429409751155347
1.6198077945076257
1.7087001306635337
1.8111060446960998
-2.4947488284220505
2.1481722678361415
0.7684571414407237
-1.8127118629782863
-1.080582978128941
1.7386154264304743
0.5458449978318676
-2.072916991297131
1.6722850835751366
0.290688809787472
2.6840028533989404
1.7716151866114096
-1.7794637785398173
1.0375132444026143
2.4154981415189276
3.1337886652469784
-1.478325985854692
-0.5105067095988396
-0.834151383343734
-1.2349867678454949
0.4462952108091578
-0.36273585723433754
1.3184641497380376
-1.0306362079878504
2.3341033938178377
-2.9621915499727827
1.6105032201612026
2.8284553508414767
-2.247221780951943
-1.7412650612341132
-0.21332838398486942
1.6242997099889003
1.0546065853135964
1.573811080899663
2.585781718737696
2.683552275346809
0.2657919318202495
-1.3109057229281937
-0.12570607002565382
1.7892375458727976
2.3340055705721774
-0.7883335673110246
-1.2373900322383626
-3.0706349389160046
-2.793668653424607
1.1688071627466563
-2.5909701543116235
0.44021304398714634
0.050737776215729724
1.5970525082942721
-1.42021106325927
-2.9453985028696117
1.7355165691216818
-0.6766659997141566
-0.17779963481390482
1.0647188362601447
-3.1386736801444037
2.4985486825355885
-1.3639215445061232
-2.702477342938206
-2.656182533154702
1.7251898724787615
-2.631952564193444
1.1877579710743653
1.89346870524248
1.910049066660637
-1.081086279311517
-1.688885494071311
-3.058868761142808
-0.36044406851921096
0.4986719019513579
-2.2583777388854394
1.1090334513268125
1.2446666582451975
-0.3609175911305975
-2.698644325776346
-1.6923895899673589
2.522867308102871
0.5693013951656987
2.125202452963425
-1.625566836172876
0.2950637580294746
2.1723490218718275
-0.5169057092549103
-2.151173123628059
2.334626266108149
-0.8037036343549708
0.5241864038805808
-2.6898475600989293
0.12161276778029517
2.722256425877209
1.2755106926052555
0.6938102380809319
-0.6118725196227608
1.4223968465477022
-0.04936311076759736
1.5027361382378253
-0.8745410872419761
2.90715562014994
-0.810825504726008
2.495061290320816
1.2494043485724156
-1.4789031351112065
2.9370534379370845
1.2708136283223972
-1.6846470779428522
-1.250998756914509
-2.1377495043709196
0.5216531743361976
0.5078506912763352
2.8782247150149125
-0.8615772302255316
2.046186763701858
1.3195832922153024
0.05373736063799939
-1.602918229680565
-3.1312726620213134
2.118418405160863
1.955374488208836
2.514988651146968
2.9206314534941633
-0.7497088173926834
2.037813670427436
2.3226329985717875
-2.676697237051787
-0.7973121268053056
-1.8439329476086321
-2.038143037870011
-2.1290488276735395
-0.9242613971680065
-2.9572622613030326
-2.387443033879837
2.5823351479294097
-1.5627116273186168
-0.3507644684640745
0.5121219827404424
2.5090081462530485
0.25330064739799596
-1.010879580616571
2.3327180453207212
-1.7082631111183524
-0.48947600072640896
1.2314569660702936
-0.475292077534629
-1.6500245955943136
-2.029410810302
1.6065965920288399
1.13707568221297
1.3890475208676882
0.48263970489020735
-2.540220403806071
-1.7748083558732155
2.2483212479924894
0.8457454675120353
-2.504080725396509
0.10680960526217476
-2.413285986456632
0.3950130987661886
-1.88225088364376
-0.2549621792560792
1.8900542935569895
0.050109033419392546
2.319764914848374
2.9465805614242093
2.1922815030279885
-0.2637050350372583
2.319092248837503
-2.424855867504075
1.591473909486968
-0.20931212284251544
-0.5819585435913375
0.6288037133352624
-1.3926665614378884
1.5406301861433285
2.4521937318542903
-2.5316472792695457
-1.487452365239104
2.0422943621105354
0.7875350247660045
-0.25350258915345236
-2.675452103431784
-2.0232791215083985
-0.173646660734331
-1.830553585601546
2.4101987908794236
1.4384620122754619
-1.647655752539503
3.1371492702311947
1.3857784687705852
-1.8266085046400882
2.58110617436132
-1.325413023960845
0.9392653089116614
2.4304116609846638
1.8878436828371399
-0.7664516848722904
-1.2297356974228357
0.6459651598269751
-1.1944296776872925
1.3069717816565323
-1.8262398988686606
-2.062285394809333
2.533109052148834
-2.975745862379913
0.18863255065287277
-0.48012147248655523
-2.082718153940778
-2.6591441813256615
-0.6270709209055774
2.560635243432312
-0.4320281362663785
-1.8498644254302938
-1.2368705897098913
1.8029183404440623
-0.13944256414086098
0.5562341535542465
2.7046022536316734
-1.7223572123800288
0.3597852503510275
-0.6930232352961063
-2.2974964189135356
-0.04268051596589473
0.7623471208371235
-1.2704709198467121
-2.0302134539230146
-2.464696560170406
0.9749647185467047
-0.11341791704765214
-1.1773676773059485
1.8002687979019036
0.31932282395472456
-0.808338051424851
-2.3274749187782042
1.0730516085037287
-1.609539651012053
2.9742677784865457
-2.063799563070557
-3.111913730505105
2.406291779408587
0.03940383147098103
1.6777565365729536
1.2104404722694149
1.7696215158098134
-2.6006155586359263
-1.5970535199441223
-1.6512530899288116
-2.2993583877637995
2.9621777263964795
-0.3201230013170111
2.0895312734099143
1.9464159242525518
-0.031893531315486
-1.4594785730796183
2.1729601498304696
1.244023905482802
-3.0359036904265544
1.571181082368856
-1.8481935828685856
-2.824281806359142
-0.29272193310120187
2.0910249886649375
-0.5548465227992772
3.0398155154083817
-1.3198946034778167
0.9603336649985046
2.282390150500394
2.629104352773073
2.8226455468170464
-1.2134909119409194
-3.076205583988955
-0.4675653564843252
-0.32013012897089865
2.3110440719098726
1.8253237639075302
-1.5337061148238256
0.2910990428017648
0.06484566794899038
-3.140854420837247
0.3743386825400741
1.2585598240784925
1.7914601321844223
1.0069074586132594
-1.9908752832505492
1.4367607167823486
-0.6626997904260712
-0.4795721996214546
-0.08141577415342383
-2.7879192119306957
2.3857387288755554
2.7826185732894793
1.525716204942423
-0.8267674543620949
0.37997851235845204
-1.8000726165488565
0.7809225446296004
-2.8435346222088036
-1.153391855747369
2.3542259553535096
-2.3246925688095565
-0.6655367065025324
-0.9328304052225143
1.1288500820379745
-0.6847083216271663
2.468380017298724
0.09116898055889422
-2.909746603488923
2.417450644330412
-1.6855162515031417
-2.8016865631119607
1.3371564768083068
-2.4577737285078562
2.2741234584992362
2.4844938379764123
1.9151938779336497
1.139753282685934
0.31734741292752133
0.757945824749573
-1.2817202604170426
1.0899621835348974
-2.6124450207854473
-0.06071935597783451
2.012748128416778
1.8890888686096439
2.293956585178396
-2.748993407823807
-1.7173928895434862
-0.892558846844036
0.2891256928440562
2.2939111814771387
0.9746723904154955
0.15217771111608513
-1.136645780817485
-1.6254068343569195
-1.6170770307131583
1.5081642722522695
-2.2884833151377926
0.18448294534941923
1.0265131507497252
3.137260005349223
0.6206047714726317
-1.6564820626112144
-0.2581667925231521
-2.469464156732027
-1.6161026819732847
-2.0507514073515303
2.6125946472397565
-1.5677487393728846
2.236837923096086
-0.584996511458737
1.191895232928868
2.90350612298948
1.006843510349686
2.7674032301871385
1.5757642923613453
-0.7072894980477535
-2.383484870382187
0.5901342086187675
1.3899248840443796
-1.720679082121034
-2.77527974174971
-0.24617870750374138
2.730733207267196
2.2111210355103132
2.791913524347688
2.627781643001331
1.6919264255890347
-2.180513536760092
0.719821674285388
-1.5489061210092494
-1.8647985494121535
-0.11076671169513119
2.7500916781405316
2.016353570930871
-2.5113505950348376
2.0308147145275264
-0.22740112323669948
-1.0340407701310674
1.8055159664018596
-0.11873589784897476
-3.08092244971861
0.7439367351280346
-2.1291334139601155
-2.9108707787221384
-0.30133563085649584
0.014748785824441057
-1.3086782382812423
0.5479224448924249
-0.13333194910940094
1.06697001654344
2.46397204715581
-3.045183183040532
2.579129445419671
-2.2492832773557403
2.837815738848601
2.8098211556085495
-0.6858726994577999
2.491599247434454
0.9091779919615028
-1.9601974228370658
-0.6104141816414703
2.975831725039196
1.1348082057499305
0.3062622833664541
-2.7638259887306553
2.792852271247245
-1.0596665521585429
2.1701348846867
-3.0873573092048083
0.5538835018407475
1.0223077406473813
2.9457815680237154
-3.138814368914563
0.5282640578133346
2.76134112600381
2.8798295526915005
-1.6706831739263315
2.2369831620530967
0.3592564094418158
-0.7334079650681495
1.9768524810793444
-1.0942029757527045
2.734514007087572
-0.47593895053696755
0.7328557709834378
-0.3231826943122904
2.4333233502612295
-1.759407303291109
2.1942033486431534
-0.6257649833721324
2.929402749748167
0.2771904538036445
1.279308767538975
-2.096171807963305
1.9021819625446703
0.9818663025768508
-0.9299533717729354
-1.561466850886145
-1.5287783311166372
-1.5387537837492964
0.051951064052151
-1.8975805611270253
1.2505675542778967
3.029918170548026
2.580844053389658
-1.348518500033844
-0.3042594716929692
-0.5870310115060953
2.935728719837183
-2.168185590758565
-2.1593562912195416
-0.5451443325672294
1.004813656068908
1.0798740528826052
1.3331210391942356
2.741992379251247
1.621492019340021
0.693545309081177
0.17426527638635392
-2.473682142437543
2.4610049100597386
-0.58374816602932
2.6378369473084824
1.8771404098568105
-1.4073853602617525
0.4142329244793821
-2.716510127516937
0.8869860420620377
2.352324837800726
-1.7243269380274988
-0.49202951771604475
0.28728195281364677
2.844221959015446
0.6085836994281841
-1.7268255315506558
-2.743682732802231
1.3722700594929655
-2.4773957029181766
0.3328285274596148
-0.06242106052824781
1.5320390641644188
-0.7558137851178763
2.230779089926809
-1.5919287138728713
-0.8690903496958491
0.053793354872031074
-1.420235336082765
-2.476559005407541
3.0822165581455074
-1.732991775644205
2.7178975369764125
-2.5859775483346787
-0.24400498698461703
-2.9125689558313432
-1.1815390037861526
-0.864400423225117
0.3735640643863043
2.43489736740435
0.07021546250139821
0.5458931144970371
-1.2670210127266692
-1.6292973868939349
-2.808605155992911
1.973637474890669
-1.1816396226555632
0.1300449241859276
-0.69751516414264
2.3920349616131595
1.9605276324706473
-2.6031229559998117
-0.5399412670225239
0.582788599154032
-0.8110745263321029
-2.3686546007218716
1.6939736854101888
1.4484240494414458
-2.8116206295136514
2.7538896520087413
-0.24553906316165452
2.657069924016927
1.5942608826574762
-2.4386979413672485
-1.5261497774764585
-0.1636227526741827
-0.9222255378522668
-3.0586507443923416
1.306465278739875
-0.5956239433849753
-0.11547395012685158
-1.4225074226871008
2.648502540859891
0.8533387923321278
-1.1619856764067968
-2.1243070665037997
2.9368859344727305
0.721370037510173
-2.7744064310556276
-3.0666070689308036
-2.698445875249373
1.7567785604492663
-2.855247612837257
2.9743529217291744
2.1992631582310445
-2.4272549569179738
3.079047014252499
1.102114464623444
0.6526807533432795
-0.5868918468017874
2.6155731640082642
-0.36283888126312647
0.9753257443430563
1.4022063940061678
-1.6728075715142374
2.0344620527665107
0.430631384694383
0.9939996058551124
-1.9118289017442827
-2.15174626560972
-0.9215239901421448
0.46453748582867505
-2.1532756540202165
-2.572957216343216
-0.945555998576733
2.1223868528520136
0.864790201357085
-1.0157364358238787
-0.4613223942422984
2.903616445223019
0.5138849925411684
-1.7824639045745947
-0.05492036262765154
-1.615383999715288
-2.3498369276607285
1.7002448785721036
-0.02580933926503448
1.8742844988127167
1.2016377548619381
0.38379628387589904
0.009681354941736942
0.46766534207614896
2.450348623756131
2.2899748411503005
-2.4493027639669585
2.6696237489042325
2.8383318181197232
-3.0169301331777127
0.7944418758505414
-1.4538167208235357
0.5129636577141419
1.9177774364243767
0.8265269898996515
2.7235546585443906
1.018930792164472
1.8305222430600558
-0.1691854209228687
-0.3029368454676238
-1.0738650771436475
3.0230618804215617
-0.6900167678044333
-1.934420759373392
1.745481812304579
0.4453402157131059
-1.5895997025405926
2.484721654773427
1.4406407091495375
-3.051371250942193
2.6962964901648228
-0.19438712635037447
2.2346268912257834
0.05229076229274554
-2.7733539936045055
2.2333437839770944
-0.3027723043402055
3.0095907845267327
-3.0265071355476927
-2.1508408498193283
-1.5659786272880005
2.135840647710804
-1.4373930897239653
-1.5887987486031498
-2.9107992777314102
1.1257945894522159
0.7726001262002775
1.6065523832288129
-1.4731927000705376
-2.8980798831026213
-1.0188889800883878
0.3262710881201265
-3.0423253624821704
-1.3772156653275225
-2.8925850282191483
1.26204442958851
2.3279038784894333
-1.1442179289404173
1.676878214761519
-1.2441313541776928
-2.5272569206271562
-2.032035359522542
-2.131353014421375
-2.8280829412137685
-0.9191926499635592
2.6970415662137874
-2.9054008891232534
-2.836363958543341
1.66341364835667
-2.195550870700007
0.5883432606241179
1.1436233147993313
1.8168834725553928
0.7151728364881826
-1.7463079855981327
1.1428697805773034
-0.5064104730366488
-2.2350562861677155
-1.692306796848026
-2.6598373883796036
-0.3678834493800984
2.0899892395265915
1.9254170352294828
-0.5555183610324939
2.665293293965572
0.056700110958917804
-3.036105866202657
3.048178144701847
2.1597963447969697
0.8382973185353428
3.022083664430948
1.2205255151313246
2.2667574163517763
-1.176803922526144
0.22550618953784252
2.8995757152348425
-0.7319457018014184
-2.992237990528242
-1.0058674382119754
0.9030517849508648
1.9332980363412027
-0.27964009573303983
-2.792670353219723
-2.5535701629163476
0.47343751046624405
-1.0103317239996237
2.4192528625018177
-2.157847637791935
0.9757719904101556
-2.7813344173752945
-0.5533819046560176
-1.4718078467167963
-2.3754065453537585
-0.5429692676100437
1.8686220779054459
-2.009671607167011
1.0391404335335785
-2.93981788763352
-1.6939539178272973
-2.799479939235699
-0.3610582949658827
1.0209365608769367
-1.2917997723583277
-2.7807668677371105
2.9767234481816196
-1.4767987825626498
1.4064108451515303
1.239596598299972
-1.1058045939684966
1.800309014724558
-3.06489335186917
-0.5502560045677534
-1.1363188631084817
3.1192355432680934
-1.5597680227227748
-1.9840489323352024
-1.8819075258958513
1.4646002069378987
-0.482846316426528
-1.8132790371789547
-3.0387302401353473
1.6530004007739372
0.7443213609004324
2.132281476862911
-1.0749840924403564
2.5628912691657355
1.2393719309588924
3.0646164141977614
0.8594287891520231
-0.1278655685630774
1.4829032012062733
-0.5813563561604802
2.863976847138712
1.7200437179906523
2.778807140633038
0.5868166264554624
1.4468680275588603
-0.3515767914044794
-0.9377362438038652
-2.82567955802892
-1.0216197140933154
-1.281815704741387
0.7286590868886158
0.47765761308757604
-1.7581154272767314
-0.549026984196427
2.5871036524200086
-2.186448144446178
0.39340251671169213
-1.911004792675211
0.06750456761489332
2.016713095695831
1.8784594484678188
3.1183325979530245
2.3769996520695678
0.4488859579747704
-1.0964860540055277
0.57036535431914
1.7552976595536514
2.9754561081664583
-0.7918048406047795
0.15182094483897757
0.6270824620570501
-2.984974438697872
1.2178733750277964
-2.605679040554815
2.5981541826464785
1.0186855747879129
1.929816009247407
-0.05120449628683943
-1.8786673207419788
-0.6511109514067037
1.9934919639751918
-2.5124612408337264
1.8473129935405161
-1.584178684586842
2.2984312672989837
-1.8783071194540604
-1.9084833460301205
1.0376955094197804
3.0683219798537102
-2.657075141118394
2.4759060294997646
0.7918507299563124
-0.379855477538495
-1.3915701915568626
0.8766725492722465
-2.3800284341065385
-2.461385832889885
2.426316399995894
2.8362679193728617
-2.129245837078795
0.7178235556824468
1.1325099694262413
1.721619388711897
0.8995088853656092
2.1313506518486385
2.998759058414141
0.2505538363305284
2.9524048387125355
1.9421402978023643
0.2005189642165739
0.10049997794834908
2.224663528308273
-0.11757008005896452
-0.9414152185325655
0.1775326890756368
-2.1931745027216216
0.717179183844511
-2.497503022037936
-0.5076450255188227
2.388629294923728
1.2822234938330617
2.191945692831961
1.7945806353284404
-0.7743013297334436
-2.3996233213201954
0.3554502717115362
0.5653938251351356
2.879829512958292
-1.330112597869256
2.120997901795466
-2.0136303177447807
-0.880439808399526
-1.3653241718353364
-1.3807398033114957
-1.469521893432269
2.3578375783897165
-1.363335065840399
1.8333888221456753
-2.3652928735623497
1.0349856574959766
-0.7057573610300487
1.9220655905210826
0.732744031391622
-2.6884191549148078
-0.17700789653896365
-0.7893782414173494
2.766512664619146
0.9604699454010337
0.07703702884632335
-2.9947079089420434
0.5168466241298155
2.5691149305167507
-0.7703224537418798
-0.2836384795410929
-2.887775354962624
0.11991564522525167
0.5910079718030268
2.7735671937913544
-2.8737771920166075
2.3859359228695887
-2.0208842518730314
-1.658658943747266
3.0914416013060055
2.3982832679383854
1.1587593937027698
-1.4991561120264798
-1.0452685501081298
1.1032752247094955
-1.1043090322047924
-3.042068051767263
1.750878705368205
0.6851574295485996
-2.1386358784605726
-1.9412107908412501
0.9432567830709822
-2.9210266717865814
1.5726931524799745
1.249186643120975
-0.49069535217855886
-0.9233321285458196
0.4546129654724531
-3.1328946365842505
-0.9071131098711867
-2.420026876369942
-1.7050677565549357
-1.3656728832653577
1.5717097528924278
0.40387767803308705
0.4438736388356155
2.103731116149401
-1.0957676478358813
-1.6172548852766475
-2.037871577461349
2.7149608059204446
1.2444797155715754
-1.895979243464378
3.12503195169133
-2.06557291209511
2.6319198650397517
1.9478925001278817
1.769047381367887
2.928785992059087
-0.2861947674273857
1.2035323697750222
-2.223924956503044
-1.7958079606989905
2.6389389749493652
0.5403795484364089
-0.10662509745102611
-2.86372851635436
2.1182387887261136
0.553427612629978
-0.2987064098840442
2.858313077315568
-1.8663811697318629
-1.8906373157864174
2.285457174219193
-1.988731677321777
0.4675780107985368
2.9056058532674136
1.5061916772358082
-0.19109716522084952
-1.3214830313080164
-1.0386032016104245
1.8968516682457128
0.4496167361967345
-0.8758528974262525
-0.7392754230300049
-0.9778469108744439
-1.0684838387966487
-2.4470363164280293
-2.0550865754546557
1.885638985082128
-2.8723001624977194
1.7689147340222213
-2.9435098287703063
2.867947297474455
3.0904513944639156
1.3952029786122928
-0.2816669323928771
-1.4159494333266274
0.8243716605468769
-2.668857282706224
1.5822594665716672
0.7831506838267508
-0.35822745207280704
-1.725709862388495
2.1513848423131883
2.3453912428761434
-1.9937568063794977
-1.442725586773971
-1.0839091271009345
2.3304596359451217
-2.0958073005134743
-1.2472461216186836
2.3112757340481203
-2.8782247713941054
0.5165181967933172
2.816412322810738
2.744339402625446
-0.11056577086808872
-1.970531892846136
2.860901267526881
-0.8686666180285947
-1.1083462469998828
3.074584340013427
0.49550583936603587
-2.490929607824601
-0.04583573546477382
1.7427821028275794
-1.3716832435852915
2.8991626614356996
-2.204793631619186
2.9794416375128954
-1.6209893680441887
-2.607603986496759
-0.6607722622071002
-1.0432904373110397
1.4446224739826583
0.30422421599189775
-2.1276210811734693
0.6579770761275832
-1.9139691429299113
-1.899586729223227
-0.12388344321325562
1.6543954938428023
-1.1354346081324387
-1.8412700990623243
-2.9828906305717844
1.983441861997516
1.7681096576561224
-2.9400248569626477
-1.655824663545996
2.8801282119447897
-3.127977201164857
1.8608919513647528
-0.7791659088677498
-1.712145754301826
-0.14227990972022653
2.619467487070171
1.35795293697905
2.9742911377556247
2.337838547701171
-0.7890918069499939
-0.11503852959891603
2.4994515414378036
1.3565504032698037
-0.9419477113825927
1.7691436408051935
0.2687216535761259
0.16968126677713613
-1.9134504857626347
-1.7357178091041696
0.23095499288220722
-2.7313562338544948
1.9011261510676043
-1.311475192897685
-0.7455306141261211
1.6330665438206644
0.6495411249470386
-0.29170461095024436
-2.274336608380114
-1.6647967711275946
-2.5673397246473293
1.5307452271116766
-0.9553501370288835
-1.9315996766711798
-0.9649117003286101
2.567414466755391
2.3591192910639087
2.039927707479915
2.037012303588053
-3.1259904375529963
1.6470268056311745
1.2316629111008162
2.046250324170483
-2.2701052324490156
0.14449734004071857
-0.527419732229216
1.1834672890475169
1.406370145060965
2.204172550695464
-2.2252125626644848
3.0249871967419573
-0.8187397815424298
2.23913782477263
0.28932750596918666
-0.3561858966462772
-2.1949202265830188
2.989257532531216
-2.787567440473193
0.010032861123182357
2.3384914342621776
-1.9109276428390096
-2.832940549081922
1.9276806279230634
-1.9074794349451984
-1.1213108189160543
0.33334917936895536
-0.2798642428767941
-1.8128813237344126
0.3839494731070694
-2.0490979633072577
-1.121211267225842
1.9179872634782633
1.4187163886258354
-0.9296567619401905
-1.0695738105952124
1.1156920337626168
-2.7801981502829882
-2.130421948378885
-1.609510610994075
-0.2679491224300925
-2.177902568058027
0.6534792678192964
0.616769750591903
1.0213349378367447
0.5554488104905353
0.6180610686819143
-1.9501751698946599
-2.430852043095232
2.633095759368519
0.08704109372046176
-2.372683386409026
0.12909914144457346
-1.3548867916951046
1.070428512570107
2.617106950428198
2.857228003204508
1.1172119176436617
-2.7607363258633804
-2.381557819258166
-2.2135442093293243
1.3225449088256376
-2.936964194719277
0.4989555519748201
-2.8816639260246255
2.742402466398861
-2.8052819424509075
-3.089079106502634
1.7292179216375807
0.42741482600806435
-1.2007894013070732
-0.41991579289412684
2.7435725156803024
-2.869507430746612
1.379691006438403
0.3218662229743394
-2.533235681383413
-0.04188399645934382
0.7895228607700098
0.9228492515869853
-1.26993573979939
-1.4062689995560582
0.5173682689631711
-2.604983303474821
-0.9167649414868855
2.234480098997853
-2.90933620655321
-1.1829057812546147
1.9362510227917333
-0.22698288961970192
2.4917025072084122
-0.03808840007718217
-0.6091937995206216
-2.949985797540517
0.24735245828972907
1.1805695190423897
-1.8202250792841248
0.7754549789191039
-2.062798472462891
-1.2266879781286768
0.4570733467782908
-1.0784982265340624
1.1903627481721948
0.08697347581624015
-2.385807860382169
-1.8847273679567387
0.25034330285487627
2.8477285993689883
-2.867121491214011
-0.9215450265803575
-1.7208106016147262
-2.5810440034640685
1.4859218816752637
2.147914525458919
0.24661934332648983
1.539323984539454
-1.4113888655355389
-3.04978326140316
1.5675082538587581
-2.676964819829241
0.04601608396714951
0.7722481148018865
-1.8191486393013854
-1.0567194026164337
2.1442782713578374
-0.3096026640279739
-0.47224731499455785
-2.653543432990464
-2.75603717317615
2.6947268437247125
-0.02245622405217418
-1.046734251564029
1.4607164157224197
0.215819354478743
1.7326686960065025
0.4206782117764938
-2.5146740357935222
1.8851606619915806
2.658264211781489
-2.5905586383235963
-1.5704619295226045
-2.7467699880937637
0.4448835726959892
-0.8166204247615205
2.7056521751143556
-0.5854042931906172
-0.8777953539733367
-1.9271696506210212
2.0401094507156223
1.4074739219319916
-1.318089186464345
-1.8671725398160497
1.9573800014713463
1.729164253941395
1.309490699304721
-2.2511735492958813
2.146961645038413
1.5581234296592008
-3.012133793756849
-1.7676966950675528
-0.6590337127524144
-2.663025401684788
-0.2258826756378305
1.4618304020607447
-1.959055675721327
-1.0430715026610606
-2.244187115239132
1.5576038615507635
0.9361950076414907
-0.7364569483481738
0.6396857428192426
-1.9983824824700953
1.8526310339390157
0.6463044565005625
-1.3153153847713916
0.49753447813573715
-1.7611267247597588
-2.065483984444125
0.8630852686547179
2.0780994418153718
0.41206310015099135
0.4141880204798447
-1.1778264784177672
1.160843984950528
-2.1552576084294692
1.0233193043360167
0.6207158908030017
-2.6030399967792555
-1.5220176968232373
2.853586590100587
0.3524502139330288
2.6233420978004496
1.6438387904462992
-1.5879474018253
-3.0817712924971055
-1.3992925902171258
2.692824579607059
1.059420871287859
-0.13217529696354902
-0.5505752022886519
-0.1586167937660825
-2.708488798721614
-1.0530739496948733
-1.6318975797622066
1.8334573211408802
2.143697217433303
0.5324608149101557
2.134139428603394
0.46959609886227227
-0.7259093713579254
-1.9576035326874255
1.123185784632188
-2.0237100154300514
-1.306485942068246
0.9346840102826981
-0.1361017367579045
2.1501419254981933
-0.27515349502453645
2.440115262745156
1.9549894007091275
1.4991878169381287
-1.9972376488634005
-1.7532490786462596
2.3305386342894288
-3.0443611840123275
-2.563333001808612
-2.7093913235931915
-0.6506146407890121
-0.49474158413230995
-0.9542810838505282
1.4628868519011995
1.3393051046747182
1.483503809438286
2.826750743091349
-2.389759481372206
-3.121871061218993
-0.9899365007196756
2.7672825078560983
-1.976116680330957
2.2569685035911995
1.1218130860265951
2.0771902720205695
-0.26368841051249703
1.8067795173200984
1.406928302204296
1.6970449425525622
0.4300036581916551
-0.555802188503602
-0.08750516545221032
-0.24365734133072792
-2.2300057636209623
3.0025402250693496
2.1872218667824406
-1.3164656874041718
2.446079331499842
-2.5768489040977975
-1.873868648141947
-2.7788567323728337
-1.0127291723784246
0.3705912602523149
1.7467798116343651
-2.7355072424481897
2.7805578523439785
-1.1209266369734898
-2.292514076595932
0.12431928440091511
1.8020469537930488
0.8630484668349574
-1.9774728247532316
2.021173152261884
1.5880730230423374
2.010985714823878
0.2075933176346787
2.0475614722436326
-3.1376784599838423
2.9242210111037785
1.8844735683685307
2.8462851312325164
-2.3638636235241997
-0.6836537321765483
0.8264505103624238
0.38285426803634337
-1.9194222057812702
-0.6401474894477523
0.44643910032361944
-1.9613934906418073
2.221676682396602
0.5135707101706011
0.5386662459272635
0.1583045716857363
1.4603969599841342
-2.2564073931452917
0.16532325849792429
-2.131988583658302
-2.165183059967834
2.449197842872575
-0.5463083426295547
-0.26684783258026457
-2.7517842035421047
2.469238434185538
-1.333567068691476
0.050431274711716156
1.5332193249248824
3.0258521990312452
-2.473623395826234
1.412487222327993
2.669422924753153
0.6577449197209013
2.4977544024673755
2.2159999604336598
-2.307381994658673
1.9650654959412712
1.0822592890258456
1.7088539521497133
-1.713761580761382
0.8044351223868382
-0.012198027230123643
2.9184483937455603
-0.3479294727219404
-1.3356624470761709
1.723207932541495
1.8360640549251137
1.4301356668188951
-0.4310214642795209
-1.3343592057228442
0.19252040329502407
-0.1891744474689112
2.4186415581266694
-1.3359334919765864
2.4618797196142417
-0.4948994628276431
1.1442786030580159
-2.1708095578461517
-0.3604396760967994
-0.6891706556103507
-2.0923358508098495
1.1654333874502107
1.3085069448098672
-2.8877958337868215
-2.16782112496006
-2.5261916597604888
-2.7328713852863906
-1.3944597637901204
2.5685915554866803
0.5437921324672352
1.7175777189880357
0.9217142741320181
-1.5817130649561015
0.7715503829355477
0.36362885132384193
1.4573199946621607
2.1070065882219318
0.025412621898031063
1.3261036749950783
-0.20632835488498458
-0.19056698319580434
-1.8465445714358957
-0.0489847869287523
1.3818767827024807
2.687247174223746
-2.3696065121343786
1.4961498301029046
1.8357033523853978
2.8769638471716554
-0.8822638397747475
1.9456548629027672
-2.9397792329977612
-2.234370188893852
-2.8367558470659624
1.831798206489733
-1.3872392956900335
-2.3959905960535686
1.5274507344838035
0.09661884931800913
-0.08710804532109861
-0.5511364994337491
2.3971782435225357
3.137774410049392
-1.882406714022121
3.00431146128955
1.6525219442009025
-2.1584624803133643
-1.6339193828251801