1.5177362891113475
2.067677517341177
-0.2406158027902927
0.1702835100876704
-0.0418887028560191
-0.10801337229415803
-0.5007061367110202
-0.8269352939109756
-1.891190805020411
-1.5291138210424717
-1.1411329201871951
-1.2300649684481453
-0.3013634276954913
-0.32024936234305457
-0.7252166523264046
-0.19931338968867976
0.4015160587474295
0.6394657452392296
0.9117270746085627
0.9464750272317138
2.118952145148546
1.7681399423694721
1.096218177843583
1.4074438395226818
0.38104760556749917
-0.4267083889407616
0.6774511849909692
-0.5280026840267311
-0.2354788113261164
-1.5530598188121385
-1.3428015168706298
-1.2487386086331853
-1.7620256108823205
-1.47151412415866
-1.1445403131882141
0.046362415597865976
-0.30223697321629345
-0.569145906811456
1.2798075704983192
1.2587029911672993
0.7985013813061244
1.776340559008873
0.8910157662537297