2.3273579037086343
-1.7284524618125054
1.968260920146566
1.8423211246107023
-0.8507554377698163
-1.6400214128422412
2.392379987397792
2.987381828869001
1.8086223709615261
-2.003395980264674
-2.5458144531589433
-0.8006466591748271
0.05855205548018105
-0.47615675036820093
0.8034584694307689
-0.704095216708648
-0.5462932946809325
0.8178288895099861
1.5439753822874955
-2.4224950514844785
2.133304190660464
-0.9326898760786939
-1.347437370458703
1.844593687079925
-0.31747947864129955
2.3329625521537274
1.037483661158948
2.428331987052541
-1.7847384508769828
1.8384885794494927
2.603287070976709
1.0645503626991832
-2.027214275770792
1.5776713008283103
0.0192581648100294
-1.797485735201814
-2.148623372644007
-3.130316683671193
-2.157935334344753
1.6036626882514717
-1.0698614010003205
-0.7258597790460435
-1.8694580225037605
1.1546190080542083
-1.5718361157547882
-2.7673376849841738
-1.6299552886787403
-1.170970848050569
-0.9776521093283712
-2.7871621443014583
-0.602037264501984
0.8054013086562755
-0.544594885818281
2.3401528945677974
0.6379001782332985
0.7513615818533346
-2.3096214459513043
2.698303336035
1.446457257786978
0.2111485448711683
2.15605208692104
-2.112862906425182
0.62193762218104
2.1028233304762374
3.0844095288867344
0.17022531660458995
1.9677965037823704
1.8047872004301873
-0.11656823632953817
-2.817863686711437
-1.3133522868886764
2.5925811197584103
2.3771697387253248
-2.554865185461086
2.7681649331270073
-1.9300053522692728
-0.5939034818777422
-2.473599879336266
0.6103728830899975
-1.8157312504765422
-2.335327380478166
-0.3069739823096107
-2.4311372521472983
-0.18290676496522096
1.1254659961615339
-0.5631387739066689
-2.712969809917791
-2.3688589112205527
-1.6496975783957701
-0.7683329707300679
2.983206499385627
-0.17910440516585524
-2.877723462422612
-0.37801425725714566
-2.85481625632357
0.18814467773643528
-3.124210448369535
2.6193607178499754
-0.6151420125745766
2.1001326277963805
1.3557463696696495
-1.4058950752562502
2.7364965573116926
-3.053310065147695
-0.784448761414918
1.239231328773986
-0.7294448874439574
2.1666528853132796
-1.4085280304385002
-2.694411934774873
2.4926112141282992
1.6818261638620235
2.7691645724492737
1.0501426307667678
-2.61644264082069
-2.3485644097402094
0.7066829471501315
0.10946136759654124
1.96591430118902
2.008999460551056
3.1148821415415178
-1.1481764307604685
2.2216620417983073
2.7500025442266214
-1.097923027377032
-1.110922920561901
0.2368087413889306
2.843149646090712
2.7830175643851156
1.104848891504492
-0.8401930114913618
-2.7851834796949184
-2.6696412939576
-0.0126879016995467
0.4467225058946873
-0.08605164175437707
-1.0626049813872065
-2.3974911118451097
0.0756575495047862
-1.6302148121739286
-2.781543398766221
-0.7133549000257311
-1.284325621734535
-2.70815836669043
-2.113421853929605
-0.6947455434487004
-0.33516474428526166
1.198333652231991
-0.756222839676564
1.1831711446964839
1.9521772521496779
2.027214940035318
2.999456290644435
0.979352827626375
2.7104122705905134
-1.442413825861916
1.8958083104156138
2.3611984678087374
0.3422664020292423
0.6691878309981867
-2.39513675905523
-3.069020155360885
0.7089529278899711
-1.1504255898205535
-0.03258060058120904
-2.7556316058523898
1.7553105284336574
0.408802444338324
-3.133015291382886
3.123453541363215
-2.1644502920105673
-0.13523130173998865
-2.1647016788597107
2.5663946423127832
-2.559537072408883
0.6597313377714791
-1.7853487925364497
-0.4889808259137105
-1.2140699390113774
0.11305523832637121
-0.6679921633159545
-1.5591310793914026
0.8628517724993721
-0.654923119242806
-2.3700883051774717
1.4441998113395051
1.3692149263820745
2.434112982605729
2.343499020393832
2.78786456710964
-1.6469315561898092
-3.0047101817247714
-1.24106391890221
-2.016892031702394
2.061022347158893
-2.5764737211322633
-2.0496768835857004
0.7856768026857601
-2.3313543971559163
-1.3682935268509588
-1.580560403430649
1.1049307137488604
-0.08232288127905107
2.8201238042076717
0.6620365087472386
-3.058490918002132
-1.3045193092783585
0.1111380050605284
1.2333202223583193
2.8759187598800473
-1.1556783470641783
-0.7667622653168102
-2.752258178461762
-1.8870973252324852
1.8137177353672094
2.8830596816059106
1.2746976247021884
-0.1476751798210465
1.184192229215565
1.8676707980622815
1.4554807428089696
-2.989379283230395
-0.9888806084952613
-1.6246994667131354
-2.5571865141050303
1.0561449146830348
2.1921889708629614
1.54853681653179
1.921948372923918
1.7813168342755965
-2.9189369259686693
-1.3088608485009523
0.7832146547804832
1.4321619097058793
2.8268532156811226
2.0605755616645958
-1.5526435600901145
-0.6406579525575715
-1.3386554409718023
-2.479408922447977
-1.057079497610328
0.9131011905068114
0.09166046792512716
2.1862219040005506
0.19935874629961248
1.9414072656451005
2.1550406340580714
1.2794673929067777
-2.1095173223318646
-2.597634408311972
2.038908481284647
-2.1228426123455186
2.3404296785972782
0.3720634532882521
1.0649664831259322
-1.4782972198307753
-0.9180023888168272
0.3652654685962524
-0.7494931486813066
-2.3970610608241962
2.537528083011278
-0.372332024621425
-0.24327169809694382
-1.4094052461676903
2.061010599346968
2.8755269333313613
0.4023184884957267
-2.0131405549977863
-0.9699032957117559
2.8587373316419367
-1.1484094406549836
2.184897400312618
2.3647766061011133
2.955455892091802
-2.3959909762895855
-2.070175273512806
-2.17400236549123
-0.7281869458714674
-0.03500852228544815
-1.637937054872392
3.0150260455761746
0.7074322940259812
0.40292332720708046
-1.3226611752395279
-2.254595579472639
-1.8566995995238464
2.3905574537682988
1.577416952632067
0.7512890558628449
-2.1962026005175694
-0.37390970074524077
1.334171564994623
1.051697713199804
1.5789418492699987
2.561995629501798
2.334503058436969
1.2948710430024768
-0.8449902615380545
1.5459979071034446
1.6669391309997899
-2.920027099849424
-0.5905185248803342
-1.1963780310696244
-1.0434842624780707
0.9815966114314314
-2.713017049646769
2.1147926865950346
-2.392140020224719
0.5323412138256352
0.42517296261879167
-2.270423495683513
0.8613047115449781
0.21654146865046542
-1.0886380860485012
1.590926086065874
1.1134311632653997
-1.4650622199638086
0.9692157175474883
0.501651950347398
-2.8793039664455797
2.827148624328064
-0.01908707852235736
-0.7596913317296234
1.462956814559771
-2.256082419159892
-2.6400917970800144
-1.0819427264645434
-0.6630392160885172
-1.6043395267320442
1.9078685391397237
2.039553660022367
-0.9425079625829191
-2.2088108886219793
2.510901092355187
-2.6687014831481015
2.8689599771792196
-1.441740917784852
0.033542105976426484
1.5975822147213954
2.7192609341071154
2.5474732067961945
2.2066199806802764
-0.7262260734415058
-2.3070945251118395
-0.31343325363135577
0.2623235760182361
1.9453915636950505
0.6383407442444344
2.7102598483789997
0.8499291322734344
1.237585699385395
-0.9002076981358265
-0.3122239226276484
-3.044039577768036
-1.43722772118306
-2.987863277453858
-2.5802433085044676
-0.0646608973514411
1.701276948565944
2.509761700531943
0.3468505971769993
1.7028559194971287
1.5247987613779195
2.4621582725735998
-2.1297024651138834
1.2984062323571415
-1.0270471479053889
1.3719538208476258
-2.062191233930779
-1.9715697789529507
-2.994626378421149
-0.932737121567424
-0.006285928796000206
-1.7224243567213158
1.5216255154752822
-1.697957488969518
0.19703763641352978
2.1154511241525036
1.7979936546577981
1.1908829323275718
-2.61425700537907
-0.06257517205211727
1.877009948134603
1.827631549130448
-2.7260333795007945
-3.0478852242661993
1.5067451685284148
-3.1024640879096985
2.1820748049166845
1.4722553572542658
-2.0918307540437446
3.0958622448458435
-2.4439027509254494
-1.6757516036859492
-0.5812335996898774
-0.07945401641887528
0.6794308372799982
2.8171296801554853
-0.6002468478129366
0.15606227837284692
0.27474096287236094
-2.8200915876152415
-2.088051321023574
1.0766793463546342
-0.9927590415981591
-2.9840375316643666
2.9945215112723353
-0.3967056376547866
1.0567286742072248
2.014201302280032
-1.1660675041733377
1.6141701213439923
-2.5333623186598437
2.423914801066754
-2.882470993917533
0.1395196542463033
3.0462919016115926
0.565880631607687
2.978487606613765
-0.6689111795643008
2.569716841694511
0.1391027939712366
1.618691227183124
-2.0942206670719123
-0.9556074824353367
1.6980341707750135
-1.550360401308037
-2.9933173605833225
-0.40407883132618494
0.24075802949571212
0.35353921642657227
-1.1284727431773938
-1.547409348498757
2.2270018517714085
-0.1430701505762748
-3.0132610662151613
1.9852866144593584
-2.012803291194462
-2.5414001774226485
2.504763396697836
2.460586624358367
2.4298280746477197
0.7475099355817498
1.0441258953646049
0.8480608882738814
-0.8471620196987111
-2.0096303981222654
-2.3230667170681762
2.2434893329259786
1.6597793673697616
-1.8814983850205458
-0.029540067440503748
0.452847225392663
-1.8684077744022254
0.18152259895932232
2.739199768440198
0.5155909055137222
-0.5747393246429588
-1.6531508647726376
2.9405433682254376
0.40081700946540266
0.9447408091243297
1.832821108718516
2.3888075473687813
-1.8034645226738597
1.4151608559051319
2.6700756333462614
-2.211235209144977
1.9353978906867049
-3.1165226958504384
-0.1507879713968201
0.8524875065933237
0.8491740470679083
-2.497245856513718
-2.107670242063275
2.586935325719015
-0.4669384718373344
-1.1511375234770718
2.271425328469565
-1.1183773810723743
-2.8722315035040147
-2.9251368574440413
0.35605861148508566
0.5098453507475007
0.3511131270937291
-2.8995719958049584
-0.4472107987110796
-0.1122032997754836
1.3602234916125333
-0.7469499118570972
-2.619102850965948
1.0793194137352238
1.0294231741433642
1.874432248031784
-0.05216053484623373
0.9814176435108273
2.5028243828319
1.816317775344654
-0.8553640276977852
-2.1061549037265657
2.921432061551858
-2.136759482854405
2.21719685815712
2.0492331939760895
-1.284556941748729
-1.9360518404142333
-1.7636465943228181
-2.874422559381923
-1.1748999746178121
-0.19163893229685058
-2.1240472814150344
3.0478118956185973
-2.512006118930781
0.1012427293618181
-1.4717325638816696
0.5652362820301171
-0.7147908172381783
-1.2690939635190084
-0.9566432423963356
0.5655012586431134
2.2382943868464587
2.2593034924542614
1.9123775343686766
1.1402543169998687
0.06511342831149491
-0.8414301515498543
-1.2438726139909697
1.2116227130371406
-1.2992451583533686
2.744438181104453
-2.333386817050684
1.2653744575660077
-0.3894500831292582
-1.5477537130479355
1.8954980406381132
-0.4681986448801574
1.330007791631406
2.8897302692605997
-1.5547942981921743
1.1455918904289994
1.6304816912115605
-3.0212329759745735
-0.12099666878914306
2.2081538516141386
-1.2442647997455332
2.8769777560124616
-1.9519537769222204
-3.050220229621079
0.5969181679041249
0.4776471317687374
-2.390482505913422
1.1780541384613805
3.0354655343629666
-1.2530646091180948
0.8615063139351271
-2.8926807286942697
0.9345225735351228
-1.4340080828575275
-2.3082740743305656
-2.3742582657231104
1.5664079590909985
-0.25112463263000606
2.8231588620833428
-0.9662110021559265
2.175084283128971
0.8785143009118066
-1.1013191118393841
1.886234684453587
-1.9356830743141664
0.005860148000312648
1.1123631438898052
-1.5326182722163644
2.1940072257948877
-2.4645555815185425
0.031446837908195135
-0.646439798010018
-2.1110467492888993
-2.8612336776511818
0.5112292072176992
-1.947610995182071
1.8539438976568299
0.39825916512267057
1.493786948999972
-2.5860607891930236
2.8767738941629197
-1.177864678790396
-1.5542949836250237
-1.3839907837977954
2.015781382943967
1.2965512232964151
-0.7831793502171926
0.06762976199673076
1.5370659743378745
0.26287780675375316
-2.6608046488027277
-1.1041502278923723
2.826679366766026
-0.18103092186118985
-0.5515817768337108
-2.222677825668054
-0.24947109934178613
1.9322148658828233
-1.4289429273045862
-0.16365083488056698
0.969499644176512
-2.186791137841606
-1.210675658284071
-2.426377542753958
1.1417127681461814
1.3677733427213674
1.775609194063346
0.9520512810704282
1.5167313130977185
-1.048764811059396
1.6306886463032875
-2.4880995785328572
2.067815556873466
0.3521588024187885
-2.3946559899782507
-2.8487927259472663
2.1512757883854228
2.867143422712676
-2.13491296134654
2.0729337575053
-2.997252107198829
-2.0831258603493943
2.533899030486989
-0.11075528014391622
0.4116930338079108
-2.640609658767172
-1.3761025011660415
-0.245315586281162
-1.083312639234574
-0.3032219952310946
0.5743078784848628
-0.29656786166864535
2.9784013150057795
2.5779438364140326
2.04751508517025
1.0391392478538286
-1.9832442253666578
-0.9942359925685302
-1.6171070851044327
0.9563073784811174
2.620198143128821
-2.13215643991575
-0.5081038697702915
0.16680147131630818
-2.5227952896705865
2.7040687283617935
-1.9874934471622545
-1.776655456443745
-1.67569194380523
1.3023463363962797
2.2125075168656743
-1.3428242244168125
1.0515911138537923
-2.873530717902657
1.8183226999005733
-0.821816106635989
-3.1335782556503453
-1.6373365037748293
1.177432616592899
-0.3700743955316419
0.5474642284057474
-0.6387693269281236
2.7143896891286055
1.2976495428521595
1.1414601233046717
1.0164402905850558
0.9643059624596226
-1.318835318819918
1.8329553483847896
3.1004575880969263
0.8611032941703947
-0.8179265642904845
1.9268567855902141
-1.606602816656487
1.6716971629831683
-2.2236220280077426
-2.4422133483878845
0.06809235482686304
1.929718965685229
-1.8143753679753694
-2.1271109904626364
0.6177351677388607
2.8152836289847976
-0.7084463648483812
3.110576192000213
1.055192571058928
-1.0116060976220602
1.918151979369231
1.2407351393786747
0.8490902361269725
-2.013538262821573
-2.5493463021402967
0.6526262431587107
-1.1111078278056077
0.24546448590922765
1.4954972072223178
-1.329331885673536
0.5056225179130287
2.1817409626085613
0.8765291165027129
2.0754071791672537
-0.06691700554508984
-2.1939660537245693
-2.5500254255556634
3.027643666141362
-2.497209858044233
-2.07902756205716
2.3046045304045
2.281174264783676
0.7113360871832732
2.00050106102643
-0.9878562805879874
-2.1965074042592327
1.9329287143474936
-0.0001714480557062359
-2.9154657399528325
1.0026877811777588
0.05026479531908379
-0.16165168685959586
-1.8328123815856223
0.4909075562343368
-0.6536690694977771
-1.7882127413343163
-0.01748622793099841
1.9171289260943531
2.0474170010646127
-1.0157727630416922
2.824216792424753
-2.939523736872051
1.6021692352116155
-0.5382656994600659
1.68499512936042
-3.0043756590460298
-0.1625551231880813
2.0842369067610527
0.35269644926673394
-1.6593882100197952
1.415174727206459
2.570244045903788
0.8261782584900352
-0.3993074680465263
1.4463842567314877
-1.9483307326089907
-2.508710522693196
-1.8095802494359923
0.31608102445345665
-2.295299685193502
-0.2516530091272635
1.6771654070622226
-2.5796736056492797
-1.316031120027457
1.3148262454846424
2.685346695990237
1.3943995669196703
2.1370060234643837
-2.3665858444234864
-0.7820026884304632
-1.4189288719128363
1.3420037024336473
1.3346648775125765
-2.581179693637889
2.242197410472887
-1.1933569091674023
2.2408569030908048
1.9727203404781157
-3.0261609992416076
0.5586710416441498
-1.7161301161527511
2.843551568633597
2.3145111177916
1.5386155942634296
-2.401911424861151
-1.507573312590818
0.3269935127488317
-1.8014990323979525
-0.36491231261717516
0.7875973638356903
0.11721742832900262
-2.5828595574260937
2.6764330873229305
-0.12120227165609876
-3.10212387624129
3.0439017772670987
3.141197412717478
0.3529633000781338
-0.2658193144758023
2.331323133287352
0.3660090671695748
-1.6980924643098483
2.5829656335149984
0.8446451602454665
2.965147851744998
-1.1552517008560237
-2.245794687062915
-1.0914882488384272
1.2158424617859787
-2.1224336836078983
-0.47769610737618606
-2.950153992606925
1.0577597606431404
-0.9969154999434942
-2.6135050117597025
0.6870410939112226
0.6403819087836133
1.9810817826974052
0.14017809134542247
2.9890727753651625
-2.022212566841123
-1.9969258127125222
1.2822481510652857
-0.6188567647600216
0.27377208927973484
-1.6491417824105774
2.702614383429893
-1.8962566687218576
1.0611324577304693
-3.009671619894082
-3.0909837831696088
0.3542644601300715
-0.928511132313556
-1.649501168151442
3.0323871667523044
1.8710228202037236
0.6617119686487491
3.021275105658713
-1.8328305907150444
-2.830049660985207
1.8977130075384103
-1.6732886356413665
0.5288864599435108
-0.004911624509414736
-2.8931188398669043
-2.492257452331213
-1.495636966396031
1.9122261091867863
-0.8849055560084302
-1.0684941283761127
-1.6599563602155563
0.9250578610301297
-2.6713212349715754
-2.1354287393081073
-0.42321356622160167
2.2288696623689255
0.9271482353867846
0.8017393086064608
1.6628158062464102
1.811067200492122
2.8427491768998756
1.733786257515579
1.342993134060368
-1.83543325641811
-2.942318219038693
-2.082037977788655
-0.3766273394369044
-0.39364996580907174
2.5057497045629695
1.0010177248278787
2.7036728579697247
-0.41566900034396426
-2.859787091325135
-0.47307519078266225
-1.9212220144091212
1.6442996675820645
-2.946974714691681
0.5069445013795537
2.619287001515371
-0.4858187571507777
1.484390136829493
-2.3809039974514015
1.3008202063979333
2.4755319469776715
-1.9150070206591288
-2.286837392567886
-2.3388084743367337
-0.29944473483714873
0.4676129678068044
-0.9051658903717588
-1.855203321054784
1.169089715209541
-3.08191315579133
0.3611494981265828
1.6050012619991243
-0.31254171904165773
-0.40163542722374856
-1.8899862412288222
-1.2705410953764975
2.0699936826722443
2.3787052571347935
2.7579406215287072
2.881589653184381
2.529372997967588
-2.500039094224139
1.846459236594331
-0.5619345167013954
1.1481725796670652
-1.9681329862376309
-2.7645678049964495
2.506137510994609
-3.0192758297977242
-3.0587136452537003
0.35221097596037865
0.5061065228305246
-0.1462030867575912
-1.5303078499736635
2.0854719618491977
0.6929850486088647
2.424845843507452
2.015253882234507
1.3978953670985241
-0.0037120459032102815
-1.9153376386524847
0.698106123452181
1.4880526764104722
0.4624107879618897
1.5882138110785995
-3.0167467544633944
-0.9745218547460546
-0.7263072779808333
-2.9062140822259828
-0.6366930877657175
2.017008255676
1.0966159615415485
-1.1596175535486388
3.0839072762868263
1.1702563863125626
0.4178983730927861
1.1103444982353246
1.1358143955178654
-1.6283732305142387
-0.8118433038813997
-2.6394829651130216
-2.216725529749109
-0.3336741767455855
-2.3533730256825613
1.8612167165230993
0.614489153804076
2.7512128984933106
1.8845556180390979
-2.712128226308966
0.05995794662026199
-1.812831942330515
-0.02333732162813007
-0.7716748658116153
1.254390935158451
2.9928218330825196
-0.7024910245640932
-2.9557941097994735
2.940571601411076
2.1063995317404967
1.8731071875352292
1.884302591290389
-1.0864249832435
-0.9091647228954081
0.6055172426371094
-2.996100556801398
-2.48124907208771
-1.4150191875034146
2.160069618284151
0.8615499912524776
0.6156528287103846
-1.2091124497744623
-1.2705854068864078
1.3933645382904096
-2.7963493935929016
0.10447057217485067
-0.31320980275749477
0.6282612190087953
2.1608063336177885
-0.39074988075696737
0.829177722601262
1.1582830327102336
-1.9308907987644481
-1.1554969619716466
-0.8333968999874735
-2.7730642927397504
2.641334675860872
-0.32312294700689037
2.7716337019103285
0.012437674858848169
0.0056012165273280345
0.20761212278769747
2.623204952451193
-3.0778665910080782
-2.019533360520061
-0.04835359141125295
-2.756769829071704
-0.609055396342125
2.3389538960866822
-2.1124980454509945
-0.4414146231890719
0.5071163715111062
2.7492078749171434
-0.4191223439754985
-2.881811370527654
-2.381457468062603
-0.7891819057502509
2.970064006125039
2.3534033165934183
1.1247841656224047
1.3864106005968218
-1.8985413879744861
-2.4109887299233357
-0.057510722919371204
-2.150582931527442
-1.0297183841424236
3.0901051720717696
2.7508125294958283
2.1692364201571017
-0.28018495587526715
-1.4864313260078994
0.26410485237891024
1.7815657995069394
0.7350417971946861
0.30029068328704867
2.7934826402239743
-1.46511815137492
-2.556361059035698
2.1073550925817166
1.4331184548136626
0.6388585953642014
1.785065901589082
2.055451987263215
-2.2365984877577
1.3050848403262272
-2.654756497387549
2.2101320905935573
-0.533452583096075
0.5002033274906985
-0.992416245199788
-1.1080563724549926
-0.09028415325066064
1.0767631052150541
-2.4036721248600053
2.2687304884598625
0.39165969694674985
2.709639681650504
0.2949190877070613
-0.820228305257853
0.9269252315660488
-0.7038687866446587
0.10156819483701796
-1.66360018710456
-2.4037616046193797
2.2607606427250992
-1.4384115721007298
-2.3668713460441744
2.6449405849070082
1.5943500835138416
-2.7637626616883786
2.8112648917322396
1.0165872504961904
-0.20695706902109734
1.4448607320781157
-2.101648531685786
-1.8341795260321554
2.972388026016592
1.994243277570515
0.4173614442051594
-0.9830267742874206
0.1115115645837399
-1.512947530907578
3.0245327958888844
-1.4232011049374442
-1.8145165666784315
-1.2518443068134921
-0.2271890298811563
-2.065644875940759
2.5101098239668254
-0.900488431882291
2.70130564754977
0.4058441116140905
0.30473745927924156
2.138851702353282
3.0975034859847774
-2.9547279563105526
0.3612233013939523
-3.0535019547056272
1.5602931062785608
0.2637199265342538
-1.0804545282458626
-1.5896828052769187
0.5230178892377388
2.3997874107169075
-1.6434885375899562
-2.9836327288435776
1.8673816445256115
2.4699258968420317
-0.6868422076768006
1.9246035240196413
-0.804484382373456
1.3194725588773402
1.5644196331627818
0.8567997678653008
0.35181858870113913
-1.6240704469129064
0.8389088592912266
2.262414808897109
0.9455745039940417
1.4657449262449411
-2.9696499889864505
2.9542741719379073
0.960864908105723
0.016122309093152154
1.5330105246769712
2.4471834703434716
-2.2148966652010778
1.0881607809635234
-1.1651548608258189
-0.7568858713592412
-0.7501643119466301
0.4892128691747253
-2.0102055575715205
-3.102214475952561
1.7314075939943088
0.623819028515971
-1.2345652414871005
2.769781549414102
-0.12213163233490931
-0.5735368087870079
1.4194030033329632
-2.50895565254444
1.3694096772638709
2.968240265957551
0.4382496861832017
-1.1282758242766526
-2.9437329730957735
-1.1443320906681258
0.5860081054980562
1.9099499181331971
1.6583617201658107
-1.7703894998679992
1.557785442431065
-0.8588234784988735
2.368274664595045
-0.23556506720535353
-2.5841746805668997
-1.8152073733726546
-1.936348229099675
-0.49596255246329335
1.0554733789555222
-2.684872659652502
-0.4453550379221518
-2.6458736455243788
3.11538391691251
2.4265528448240765
0.054851473825639374
2.668209155729752
0.03745996390344786
2.2714233199320724
0.6480752550553497
-0.03947398659058976
0.7031354551455173
-2.2613040381045018
-2.5013915529717003
-0.09944311749030632
-2.615712638864192
1.3487307946189766
1.8234582720031334
2.699537497980149
3.0634633288498456
0.9465243100597469
1.8261104998193396
-0.47938783613184555
-1.6704974335116525
-0.021756581680900666
-2.8191475874206553
0.39494660423476446
1.6026186484894573
1.4538175473636308
-1.6508568713749945
3.096929399133547
2.230704740385857
-1.1831163069087118
-2.6118787983081795
2.754058079085862
0.9511681433361083
-1.9291213795644175
-0.9575278821644524
3.103801326956795
1.1574809135628534
-0.4964640483829008
-0.9483647937162196
-2.783600040510027
0.6759747056336103
-1.9380189629108138
2.6316872936061664
-0.4061178293212002
-1.6671800066874134
0.46415726726607787
2.4953305180384824
-0.125667816148745
2.3657449109557156
2.6645685708106264
-2.77285534751336
-1.207064315378556
2.5015200375290156
-0.26409054876355853
-0.2372095824340299
2.5451557974676753
-1.4236052967889457
1.3860032632465682
-0.022270883624994298
2.239121742395522
-2.5214255956705465
-0.6673297946048358
2.6497944380207095
-0.3389569125694969
-1.3324631235113706
2.8284937039129865
-2.557555147959132
-2.454560017734554
1.7145986818380585
-0.3149389368222124
-1.4412876611912644
2.701950856870578
-0.7085220663260507
1.2965744689406868
-2.0781716186864365
-2.857078601037859
2.318358886200354
2.0103804642569862
-0.9684587815041787
1.9792538194538203
0.7813503480900472
1.0722084950577404
0.7810765150903372
0.21279247067375096
-1.651569111971849
1.2536832300793144
2.8226665889638944
0.005971272176200415
0.8841604795679281
-1.7247184116106204
2.2023897144574995
-3.11775134708677
-0.9938737701401799
0.8622343420507015
-0.15331774434727308
2.9324567352485253
0.32727934150252125
2.9803347719020756
2.8368528913073696
2.9599039859877685
-2.0070949138136633
2.7327434971662363
-2.3504160363134154
-0.49570776570383757
-1.5110684296000265
0.2993912945199675
3.01007566286356
-0.14267662709073292
-0.6392626424666581
1.4353726462171004
-1.0958257424845748
1.5844868350819432
0.7447779027535297
-1.90729028504661
-1.0681257601539293
-1.0547123045328526
-3.0174372813282027
0.9776266488866021
-0.12484251584976036
-1.923847901415197
-2.623423651410665
-1.315328283916923
-1.2311618664735384
-1.7626370494585863
-2.134174511197397
0.13283202370213942
0.11529906669230527
1.7021928417080296
1.558073570354285
0.03219239797546791
-1.27811390116403
1.9064563822465637
-0.6714328062060098
-0.7532736273232779
-3.0624930055976485
-2.0274870335149338
2.3739192897539105
-0.025918399041156448
1.8973499274299392
-2.707885577699198
-0.877085770647934
3.0645177706149376
1.8037969144561323
-1.6179122504948786
2.6059250283934254
1.4433511106720651
-3.112206693757077
2.1041659643114734
0.9826736027551597
2.2539299467913203
0.374627988010932
-2.8910520590142106
-0.1635366529547717
-0.08644613252264932
1.3204636621409058
2.234769065408134
0.20939794386706367
-2.670785264533759
-1.6951897769637974
2.542593882918201
-2.832814150382287
-0.17126654418262532
0.9688182792665181
-0.16974269025341115
1.9090168766031077
-0.6970268733463421
1.2614104255888243
2.3657091119277887
-2.257145709887208
0.29723614468924
-3.138740357488633
-0.4009329927067533
-0.2361023603330885
-0.7362421583390919
1.2636699562342493
2.064114341880309
0.8712064004542022
-0.30775002408716645
-1.6424647918276456
3.024148377213617
0.07726059155190868
1.3071224845933465
-0.1987630549790076
2.7235623048504216
1.232832435800308
1.8212231019835095
-1.0808883336076143
-1.8260646936066642
2.1869137922055337
-2.340278280108908
-2.517943891506949
-2.1071171621261193
-2.9925588573905237
1.3358214856481858
0.30573407200575176
-0.6386737443715127
0.3495047616796292
0.9249376039812951
-2.7311882018681963
-2.4643641535224
0.6134391522147418
-0.8286231275868055
-2.9158357392424286
-2.510310365701013
-1.0802093136343522
-1.6260459600558868
0.9783660236180118
2.138144722029505
-0.13654678621695027
2.6289344163425064
2.0522742322804355
2.54081890635511
-0.4418300560809847
-2.8425532916450997
-1.0172737471130482
1.214721233920212
-2.618612004497866
-2.445698735668575
2.4227920207302667
2.836772729836273
0.6853752214457849
-1.772325337952278
0.5080002647619359
1.9095077372257343
2.0779063371601687
-1.7250953489604335
0.11404168415373661
1.1179090302395913
-1.7522375738458145
1.6297238889053354
2.400096957181443
-2.2174022204481325
3.017085473570628
0.21911447063776635
-1.3221104081592863
0.9042374530427715
-1.7740020688429006
1.6302077491651197
-2.6666617844320335
0.426120324806309
-0.58801227040858
-0.20985293519995807
-2.513267599095226
1.6631982336301867
2.400471037289069
-0.7997208075736033
0.9120098591226373
0.7914744101641737
-2.492979440005346
-1.1793318996130573
0.8914476654840406
-1.6154058446880377
-2.83149667844663
2.409422462476339
2.259357814648819
1.0405547547192704
2.80441915526929
1.6321980989726548
1.2881038564970915
-1.1651019155288047
-2.451118200943302
-2.7282597721295083
-2.7150344840970924
-2.2835914956457906
-1.70147642495294
1.5692575168147833
0.2115518831393679
-2.200953272820815
-3.006042029193093
-2.6033351715494426
-0.7792570667713754
-1.9475455363315284
-2.0214999233588564
2.6641812689281856
-1.2453664578047459
-1.8892645775359362
1.3775162383193624
1.2902027859553193
-1.114905785481465
-0.6330154329466318
-2.502007951066016
2.763615809524847
0.182304613026691
-2.697724380122775
1.3607668601529745
0.21522497297396015
1.237020651486926
1.6440944762468241
-0.26990484429665784
-2.2703557360173328
-2.705709265752791
0.9820562256513519
2.82662125904287
3.130149369484567
-2.229836479905739
1.7951424431250693
1.6483546191152634
-3.1083627625501613
-0.7835186049019676
-0.7952221777475863
-2.907768610554964
2.196746480988214
1.703059370214607
-2.2476086304777105
1.8413876831358955
-3.0452793266260123
-1.3930578371187998
-1.4179729239049088
0.3655443693992062
-0.4418198099472157
1.0770183136002807
1.6978011060882245
-0.37434341254151704
-1.624667916311008
0.8754892943897268
1.2542469063274488
2.98565914591855
0.6396974304074554
2.5420363764239333
0.657115203114973
-1.1965786518404364
-1.5428956006291052
1.8806586840954118
0.431493871855924
2.2353827683680514
2.4641316986041524
1.6465408228281824
1.956104331840077
-1.2132040870558534
1.9477032809955084
-1.9176960027572783
-2.7531536170344744
-0.1778300428499584
-2.50863583269059
-2.7324033494317668
-0.8334652593426561
-1.0936327728011825
1.2920649538117992
-0.821687130521223
2.571960204341277
-2.5228772729460296
-0.10434597052178773
-1.7223753071323777
-2.9012454855024963
1.6576711992741089
-0.7445400119169783
-1.7625581508570995
-0.6572944689497255
0.5869289053196987
1.2434025649369396
-1.214068571411925
2.4777268809347355
-2.2125572686211363
2.680786258153244
-1.105720960032027
2.528868707728808
2.8123689013354003
-0.9942936796719515
-0.2775978296795607
2.862495340103404
-2.859325429343901
-0.0029865040959258238
1.942416262551891
1.8774027093448034
0.9081498903516696
-0.7570994793949346
-0.4399405805667236
0.9193833921700509
1.8201619727711211
1.326234259866947
-0.552953701572573
2.923355823680655
-1.153279703060445
-2.5294745616968832
1.607425500372127
-2.378677678180974
0.22613012039632352
-1.3462456935889229
2.290432928145929
-2.940334928089438
-1.6681723364425487
-1.2345118569090054
-2.960095831655938
2.444883021903589
-0.5430911586253693
3.031819694179884
0.5481643101904901
-0.338861972468532
0.9179309642533617
-1.558524337245725
-3.0331778042177326
-1.6360723798745305
-1.944082489341863
-1.1430213904352335
-1.1067705625378856
3.035710865160109
-0.11727235353577825
-2.5119638178953814
-2.611330050943753
-1.6985073009184468
-1.5392646772912961
1.2303212393557068
-2.813630813065931
1.183694443374879
-0.7224928872356138
0.12500038391194224
1.1920364256774043
-2.70730286101848
1.6419533539730544
3.1216249294754412
1.2514172470921885
2.6058334885662724
-2.923232145593918
1.2821776019225943
1.5882610967128734
1.2919763796580988
0.49511053012142625
2.214085366916077
-0.8541793637204584
0.29059763532365324
3.1410766172058793
1.5152605214824142
0.10106469785920424
2.338055785945901
-2.963864007043032
2.1584952030058737
0.6005513238836535
-1.497698249127776
0.8327842639138403
-0.7292201064742407
-2.4521089097229556
-2.9025572139008595
-0.4164108017719279
-2.622813347299715
-2.1183068628129753
-0.09747372553239231
1.4908682983998496
0.895552605850515
-1.7383371990760956
-2.420309482493739
-1.6430875650182593
1.1932484335399245
1.3042358768370867
-1.336142934630768
-0.5692794789670295
-1.4269485957538812
0.8894176975555048
1.026769198759336
-0.7517037460541296
-0.33685668442492656
-2.2600180970129777
0.334533553443368
-0.1830642805465139
3.109761129719896
-2.7907917631287624
-0.7180704857359324
-2.9330581734693304
2.0880408930311525
0.3594331631600234
1.5256754463646836
1.9392659073879024
-2.6103823582875556
0.46494341510464565
2.650118654263533
0.4167296934459763
-1.8422984344044373
1.0335549279834915
0.33725637533673947
2.8537344712567254
-2.1292687339236487
-3.0943300248135976
2.2961664364386216
2.5287597023101007
-0.28757377254110494
1.775268105065532
-2.5232445243124495
-1.0065906743545519
-1.4396733983142376
1.0625112775586878
-0.6887723924524884
3.0877614788350876
-1.4936269636391124
-0.49928742947852456
2.3405829965559697
-1.7143880024468494
1.5757766825882662
-0.8540748596350021
2.4140858306150896
-0.24467884660417027
0.7036233225510138
-2.944624086301804
-1.8517688877932663
1.2356843441039267
-0.7306176446889587
-3.029905944816445
2.456399903823179
1.9040340050358928
0.9406346151570126
3.001394853303996
-2.1975566418460524
-3.0192356656016166
-0.10298057921147219
-1.964507013470989
-2.5269693232782195
-0.6446655132817618
1.2358244556670321
-2.9370034339159368
0.3966562215540428
0.9429650072088158
-0.811836806643722
-2.971466998514334
-2.511984800640331
2.5733023069729093
-1.6694053253330985
1.0111635882528027
1.2034601531401385
0.05862816717692354
-1.4559658284416592
-0.21884649070701911
0.37452683280813304
-2.4575926809059503
0.058769100299219446
-2.2480540217456912
1.2492206784611746
1.5711065857041184
-2.8775265206661764
1.938577804774571
1.5715584721318514
-2.0608469544396435
-2.4085128581068638
0.6501720455952018
2.61990431607094
2.4604684014452367
1.0033593602233033
-0.0443137251494754
-0.14200004202590932
-2.6529483360364345
0.5096692384344301
1.8277664062426844
-1.3429000573888707
1.8205780265385307
-2.3253591997506753
-1.3779981636194911
-2.7341166931911864
0.1994854044781711
1.651965088946671
-2.750778427224933
-2.596775677080334
0.8917752093576787
-1.9422856229529764
2.5676533518846476
2.9620150391048305
-1.9405973101303253
-0.785720006272765
0.09019903372243121
2.9320572210720606
2.0973064919027244
1.209078802045287
-3.0057388187120857
-0.7590801038644308
-1.6508661242386715
-1.8989524412555276
2.453530871443018
1.0257922018966106
2.42327573492312
-1.4832399920431634
1.1532775368133876
2.579781391602868
0.42638712114143473
-1.6729910268611512
-2.9599665226391956
1.1752442402244192
1.3814854613710388
1.5073584985643116
-0.8123235293614179
-3.0134389405160853
2.965947898288885
-1.700281114072535
1.6891630494039056
2.7187723946765594
1.9269065159475893
1.6454662403773561
-2.7321159834068247
-3.1388326994079314
-1.6656496181657978
3.094310597769759
0.7290966998689363
-0.9414128194801883
-2.6855224441323493
-0.31092427083227037
-0.9216630867685858
-3.0747443234090532
1.7749016746729716
-2.6244821338559596
0.002787963901187851
-0.4473405552688767
1.6538013568037577
-0.04271683399909065
-3.0159838998036044
-2.1428934483449957
-0.7162067619631038
0.6200012485044262
2.527247889511653
-0.7402417439253064
0.9781347031152627
-0.7139332491947776
1.5796631144373485
1.6851292029574516
-2.5543759431654216
0.8787569752240678
-1.90200896124065
2.07459340587393
-2.251620426291556
1.1790480162720947
-0.8444750331590534
0.8521615138606258
1.459038889968344
-0.2935043221760729
-1.4877587318321126
0.7470585575649586
0.6380459641461051
1.5574999885033556
-0.4764769483879512
-0.3310208690916987
2.9888124620539536
2.1336339986346538
-1.4957320556746758
3.018170839368242
0.22386044385247672
0.11491161922173276
-0.7287152550159668
-0.9472115481242405
0.01900808965411116
-2.17990910083385
1.9667865335769967
2.7710365568435726
-2.8192706538486654
0.18771705693962204
2.1404417861574423
1.9304177462252063
-2.105846123186989
-2.8390436566394435
2.043857842986558
-2.774851918233157
-3.031838665129154
0.26767741031007475
-2.3864825989070333
1.0653108615607927
-1.9680557737439095
0.8008960983800826
-2.2746000580785655
2.6373821030845086
2.327528795950645
-0.859573994637767
1.878257648479984
-0.320572120849544
-1.61347117901094
-2.8833693348283482
2.7474480865358224
0.400413651297189
2.8941116730394647
2.61910191144133
-1.330209255469068
0.7322968864352113
2.143346657784786
1.3344808310614873
0.45022476158337454
2.603537807548374
-1.6859861961665494
-1.5011455842031687
-0.1505894198431541
2.214194825860904
0.17686373350146667
0.22438731431688907
-2.84999296361136
-0.06845782712022341
0.48091427186439617
-2.6513216108736835
-1.6523932702216904
2.441738159170402
0.5003230612371858
3.0107671757612415
0.5094619216676826
-0.28645291474660084
2.0813546714531093
-0.07863344035827069
-2.6658476072066257
2.072992255297361
1.1060479599639201
2.270761054235681
-1.736461370962342
-1.1237516572883202
-1.5968778030625508
-2.3573509670094843
-0.4857501633797874
-0.7469224280845701
0.5759343673355382
-2.341635994686275
1.4318577721480032
2.9796024718937737
1.176635132178422
2.4853620580032008
-2.4049085444737806
-2.393329564032225
-1.2549578943138577
0.6565901911005376
1.3901054323343693
0.8217175561663943
1.624379308198332
2.5958655977754113
-0.7583020484996261
-1.7095669074409265
-1.9092840588737623
1.4143065955841898
0.05379774078742017
-0.8212130550928087
-1.9839801280773237
2.6491552072745
2.6596992738268064
0.48950202126795617
-2.8911037753291104
0.3240554587812774
0.3471390731175923
0.5428021962743408
-1.6523530162813351
-3.133707628291287
-0.5518181943183968
-1.949493786889402
-0.8726587021192067
-0.07159318346148424
2.506916338842469
0.817569305759509
-2.195329417474408
1.064914375738656
2.767478436939907
1.5444601495378372
-2.9815592826255006
1.6033706112881951
2.91937250929789
1.7317166753466786
0.14636861208940743
-2.0319245911767716
-3.074883886700608
-0.9119222898650996
-0.9848827098752473
-1.4715526190727353
-0.9462976840457422
0.9444605236625314
-0.23604475090960975
2.487648928797615
-2.427244644311667
1.5188526286491033
-0.5711851448028931
1.3253891060149137
2.528654200680375
-0.7655750508654471
1.4634116381783464
-1.2212157643830714
-2.4778381553519147
-2.6135523456778778
-1.5953156242526454
-0.04740958915412463
-2.130423115811748
-0.3843055773680071
2.1610757367155564
-0.11678690367997646
0.04060543069137523
-2.7551326923553425
0.4871705087549323
-0.34570187971300115
0.8755588732138087
-1.5088309676628846
2.9192949406270223
-1.046240913217968
1.8893912268169935
0.6373585956670986
-2.0282545255199302
2.259111685870291
0.982658549722661
-1.9387863427636312
2.8437276333518575
-2.158786448113414
-0.2219698047037575
-1.0448578843358085
2.665782191603295
-2.3287395474906667
1.498365934149259
0.8804900058990093
-0.6338563775259125
2.4509825693487777
2.163431409994441
1.3302709512634259
1.0005250525038214
2.0595936968546162
1.9608831653146943
-0.4188182769718871
1.2868939899884175
2.8097397681117933
-2.9671522588307546
-1.112804708838194
-2.9922259660180366
-1.1056644389667802
-1.1079063739445552
-1.4343513963372452
-3.0949226399245653
2.960450005666676
2.7448710811625254
-2.2416332040632376
-1.373083869365555
-0.2472450177543486
1.762997779796489
0.03174193321935448
-1.801509876985829
1.58825444994687
-1.7316257110565054
-0.5758064179387894
0.8852491595828447
-1.6355166070714056
-1.8970420724705512
-2.5190266853226255
0.5335496073831258
1.3421580880791346
1.949633892837209
-0.668194904291493
3.014928918200109
-1.7043326989746497
1.4778258964969417
0.7458844418176973
1.9847295989451048
-1.1130843215355206
-3.043368806946166
-0.08135045043210809
-2.6952678984655414
-0.16028753719831101
0.5470809734319211
-0.40339384153390867
1.8317242468817376
2.1992630699585654
0.6053578283183505
-0.13881268991704232
1.5679093456552486
-2.849017585873316
0.7839926719215136
-1.1266188855080763
-1.9824424265082676
-1.0045267268412594
-1.9593974316976066
1.5590691212788208
2.264489366129933
-2.9480159488714897
3.0427716771382656
0.6473310430473624
-0.7922506682640282
-0.3648401849115821
2.495020171220151
-1.6125756754492464
0.06938206785399714
2.9464442241374904
2.48934852068982
1.2231079612032012
-1.9671622192096088
-2.958920069070114
0.938383696597743
-1.9817544395138107
2.509660788147226
2.7970302441868746
0.40568379477246097
1.5685830339932672
-0.11554705159549528
-0.16901856321207376
-0.280905737975484
0.36012130254066577
-2.1271425599498777
0.4442722866452904
-2.791925634143208
-2.496259894948512
1.6259205471457925
-2.594491633480981
-1.4889983661611517
-0.8480951502224165
-1.8623536534070517
-2.3782435524454435
-0.6523487053245525
1.7620786487680284
-0.9762036431751078
-1.4151297879974258
-1.4339003402849322
1.2452819423898482
-1.6476094167405755
0.30625753276270373
2.157190827776187
-2.1013841053240263
-0.8184594363219979
-0.9844190729354771
2.7534059298876308
-0.13015764248475747
1.3509953110951578
-1.9432605724593763
-2.573437594605334
1.9667954274436816
1.151135262494929
-0.19173960625758113
-2.1334347981925994
1.5797102370604925
-0.3752995012617468
-0.16724802838129094
-2.993890017946139
0.8147694917140349
-2.1760662220780596
-2.4068225909094103
-3.0310886811324274
-3.0065850300114967
1.918461344276114
-0.5058645791007272
0.5297297686887568
0.5407572650476915
0.27456550429510074
-1.6219593951609959
-1.8433155058842878
-2.0141450121931364
-2.8829745095599684
2.6464470913583007
-1.0698868071240888
0.30612611410767343
1.1816148364160561
-0.017033488616089443
-2.892979325150332
-0.1176007047077654
1.4253102472201498
2.5679441965409886
0.07339193581951875
2.979771144356942
1.9988616887722976
-0.5836270332969029
2.2252883439502718
-1.515664316081125
2.6746082767068593
2.988166324769832
-0.035428849604283386
1.7901076974293169
2.14208960225184
1.9545081540704992
-1.6473854935960297
-2.439071167863549
-2.1170574352791327
-1.2686293990220712
1.1249937907455667
0.5736600495225481
-1.9740980108300015
0.48191895030865695
-1.0741641699756421
2.8260153559171677
-0.2444907934406011
-0.8398203693559445
2.474968877815133
0.9990511957686898
-2.2659201496967576
0.7782303446253174
-1.4159874844646048
-1.3096012086213555
-0.8598076462270647
2.569931547976825
1.427873933796544
1.5393247131669305
0.7491669581915978
-2.1505630687475907
0.6674464527998403
-2.7964611624241265
-0.2052263955095377
2.537818089532397
-2.9385025314515936
2.3090538325234213
-2.973864899149948
-0.42767810834571307
-1.036412647705827
1.0887119964134975
-2.3661127814712692
0.6875917684796669
0.8357593948331932
1.9168517861979844
2.1245461514952986
-2.1446216240489058
-2.779500818046028
1.085842676474801
3.1016888412267996
1.6778445898452823
2.4927111365881878
-0.24602748417684595
0.04527102910320835
0.46827062379388806
0.29242073395721846
-2.793549859760642
0.6220108408126528
-2.13063618016103
-0.6939845065649983
1.6820683651873516
1.7033201193982812
1.5988977301513323
-2.1847727010718536
-2.1084266164105507
-2.2176295746085337
-0.0023513677148336853
2.5935169769900135
0.30566289792777823
-0.1332958806519393
-1.7576383663450592
-2.1665478278932717
-3.0042289692887856
0.08643655514154958
-2.8934880608938194
-0.18781422662932457
0.3626394540094857
-3.125124850807186
-0.4995968874873249
-2.5194947186693604
0.37162184315305424
1.5444985360807841
-2.869739279464344
-3.1129392119383077
1.795962942231828
-1.6288163779747826
2.7469113305186177
-1.4946959543595248
0.4341264374386249
1.604100504790285
0.1355928204330077
1.5296042268225385
0.7154331168711003
-1.114180067536065
-2.0863864582616536
0.12993549446816033
0.5507668766018305
-2.814457581612519
-2.7438977807672025
-0.602539021498739
1.4757140400917201
1.8948696574049784
2.4282335710165306
0.9646580083209351
2.1039556206901047
-2.0146005905530835
-1.2364008893988334
3.0416598441757507
2.9487343912953072
-0.2567109704734314
0.46222668639152076
1.3323134537473216
2.986002498350043
1.013941364003859
-0.2999673963199534
-1.1906609980525893
1.1780518998780956
-0.2610061775162329
-2.699146702521322
0.2685134146649979
-2.9745217422494257
-2.8669961656795415
-0.6265928430699823
-0.11675058226535029
-1.0091024685692496
-0.8453365889489781
-0.32285610693719136
1.3665974784485009
2.9924352414672093
2.9839495387946577
2.2512096426496377
3.106663458226752
2.707995425074831
1.309680388791687
-1.7387472291025539
0.6173360203499421
1.1041324850244472
2.5062834561414
-1.8702436802699047
2.3980837709951395
-0.5551676875685665
-0.40240881703614306
-2.936981873808616
2.358664431031091
-2.0083406779712014
2.1256753296490736
2.1039045093810635
1.014173698669186
-0.12083647475510517
1.2578663595658135
-2.5900150750682833
-0.1516256063648136
1.0194445846454023
2.8509333965961012
-2.854396158609344
2.3978580852404114
-0.1309342519766794
-1.6264903869999578
1.3492934614465533
-2.3864058954293306
2.070222578773464
-1.2366683115323234
0.6646675304075167
-0.8365175650131214
1.7346337438064516
-2.5532883087537037
1.8462946912526625
-2.5047785501301654
2.7933385313267998
0.28455302198796417
0.5693678854751205
-2.829565814454998
0.8973971472952975
0.6390992187544704
-1.6683241882108284
-2.1697009801595506
-1.0276620681086648
3.090509302139804
0.03736746174145722
2.810318591219694
1.682820925000481
3.0171446854762003
1.056380229478723
-2.4872317474853354
-0.9188362386138884
-1.920966683217923
-3.1138445910818824
-3.133939159037997
2.319681472729169
-0.7562106075023358
1.5195338616306238
-0.17460856780126832
1.983433464092716
-2.8925157482546204
0.20151188490091343
-0.316156541440062
-0.7554362227505713
-2.543638743948893
2.5873300469129212
-0.8686179520191324
2.193783580501087
1.1677119027855305
2.7275011033159977
-0.502320710306531
-2.2506631577548184
-0.2686627069890868
2.2165420148352446
-1.5848303438993376
-0.3881494632919207
1.2787005604835464
2.217167232747503
0.3581679579172068
-1.8801486533007328
2.7534689330187057
-0.4725299285409754
2.235939868432663
-0.023740038787149587
-0.8437943000534851
1.005023653172163
-1.165111467404767
1.4177133815317866
-1.9071655518335824
-1.5619123000672595
-0.5488990595041763
-3.053951980972304
-2.7580180909070755
2.189380077644291
-1.8003457209367717
1.4513800886702803
2.01901302451439
0.3690890218569258
3.027205129908449
-1.4135278221710017
-1.4566291484473304
-0.7255951526364406
2.699949333220939
-1.3156566794781348
0.3068599860995711
-2.560318014032351
-1.7280196830448027
-2.7759356934194592
0.8648257473857548
-2.9801883232639135
0.15172193286193547
-0.8152998399454923
2.056360037806133
1.3757854407791221
-1.326884069367079
-2.3562371694366213
0.8678986581146297
-0.5344022995531894
-1.8808655510186973
1.8730146421750398
1.0688596527653296
-2.4929058293077766
2.4160944947021683
-1.162989122207275
2.1045838858044412
1.1410269904921542
-2.3673124406920287
-2.6533415443024175
-0.5529073370718685
-1.9778488892662232
2.556112438215134
0.24760754273401986
-2.5941437290807308
-0.9846941066337642
-2.1164683916301534
1.1624951732755555
1.0220692717719864
-2.0753845209938824
-1.1881539290935983
3.1324295489411575
0.29857845953450024
2.107215124217749
3.052341785350368
3.0736663550863845
0.7705091584683181
2.65838350106365
-2.542032957448459
1.9518147478856527
-2.2010965397703153
2.133176041040901
-0.2790515562594855
0.8720251921115114
-0.8931650671886864
2.3914913199787726
-1.1294076754201647
0.8004831368717795
0.7646006641109899
-1.9454848494994188
2.4524604428204206
-0.4183924795304499
1.4354224667158597
-2.212924141079572
-2.0162918903810443
-1.1321141991310064
-0.32203881742516316
-3.028269135517217
-2.2245763535854444
-2.2143565121344757
0.45192184854163386
0.8997446098188142
-1.2942683177737955
-1.4778889882816735
2.7239136601158087
0.6616292864291928
-1.9344645283169193
-0.28619553261233577
-1.9677920202175123
3.0273684737706397
0.7085244793404719
-0.4984345787258171
1.5110668091496073
-0.15268113178894893
-0.05442305845036444
-1.0591072201318603
1.015202235040622
2.310024969695366
2.558797475906392
-2.31531688887328
1.9837457137263534
2.5820227482424407
2.606008060327351
0.10928031621945777
3.0054213655247928
0.5191496523280854
2.000093149519987
1.279996997150949
2.424940395835261
0.5501565697800608
0.9017868381283201
-0.48623722993401586
-2.129084348611773
-1.8825278391249718
3.12209492163748
-1.8096275509543993
-1.6773106433515004
1.6337087248501625
-0.2660638492373657
-1.9122071577300055
1.9254938257642884
0.5403798266939681
2.2415769557530787
2.0214822063792077
-0.18824478745710493
1.651195685621584
-0.04835331878481597
-2.23168195555208
1.7742664552208716
-0.03210306909994287
2.2863211939568835
1.182874928253728
3.0504658101313247
-2.070422739306583
1.6771116366526435
-2.111311833521551
-2.7292658229841784
-2.9657255507167655
-1.0416998207828492
-0.9199299752674186
0.6475378937914691
3.124637904235886
-2.0458388520205553
2.8394201454249703
-0.31139760394709626
3.0973676264992385
-1.1906073642489439
-2.38359491548918
1.219115416225737
0.7110561201809169
-1.7165054894969778
0.5370187702582747
-2.232299803733394
-3.026150066883911
-1.1970242709421335
-1.8778264478905378
2.6145202062378807
-1.2717027023314778
2.8516486261468366
2.41120707693106
-3.016231675840789
2.097168664197529
-1.7060924631786172
0.4897075672010551
0.24373768067016854
0.6511129652854741
0.1986993563996613
3.0748498647095026
1.23249563388514
-0.5164046127924244
2.663552731263156
-3.1333355413526114
-1.6748307854727322
-0.7214467348214235
0.7340294273074655
0.8763411919219415
-0.5855203390557016
-2.469558457075923
0.4030613041829305
2.571974146846582
3.0200664459801665
2.141449105904588
0.9118146951398565
-2.7103178719743077
1.1754248155849645
0.3924663329921607
-1.247749662654467
-0.5258335327496404
3.022858362394512
-1.8662657563568352
2.6118499593739237
-1.9786395090779543
0.0483757709943724
0.7552590812729001
-0.016125020169223347
-3.139639847857236
2.220102211598853
-0.7554316470142304
-1.2533952844470058
2.312860819233503
-2.8158165040205425
0.42984990461319583
2.748657604537751
0.3179517214723866
-2.3781340449910324
-2.203666020188056
0.21103294464169053
0.5961775118736519
-2.9155626643511106
0.1099753458443935
1.8733630357337852
-1.7538951165341494
-2.552466516459436
-1.3696234770131035
1.0817555133246692
-0.9662897818796345
1.8137732652999965
2.7748950906586565
-1.7627106932429903
1.0186858740554676
1.3402763588948652
-1.780065735466362
0.7590772799259078
-2.7643840299081965
-0.9903800072910194
-0.9774959894041579
2.2121602643712244
-1.9000767341080795
-2.152601225343826
-2.605462650195417
-0.18792416143345392
-0.6238857940520255
-1.9154570506301347
2.7512959382541347
1.2916351516372764
0.3044400014339068
1.7621620508142435
-0.38149985536933784
2.266747822204753
1.1148412992008865
1.4858337468106733
0.7039954847516903
-0.5073805064310442
0.9068366472678839
-1.4751238994093079
1.6889492676212008
2.4156270593458053
2.906505570179707
0.37098148710281365
1.2088250885612162
-1.0865327852716398
-2.9379335013824424
-3.0197499968172075
-1.8475639599998992
-1.9125333353781109
1.1070982495298018
0.9732410475741666
-1.0361486682402123
-1.005013720996839
2.468830287615244
-2.1985668150627014
0.3985805270983356
2.528297136541699
0.1440405670446161
1.1520684246408344
1.1616241295074339
2.599811704366541
2.7372443235673067
0.3621292655756072
-2.4257477913980914
0.611537812479586
1.5437193756654572
1.7995358361649672
-2.0703242986401555
-0.3468644349585013
-0.23507284151309804
-3.1216265624979904
-0.9675323829261906
-2.835569286700025
1.6562455065847352
0.15543331709764985
2.0194352238641535
-0.2740716230870781
-1.6722493342144666
-1.8130505281610958
0.4531768220017689
1.6142166771941753
0.45259045582625745
-1.4929009987803532
1.1431462862691468
-2.9906719538584206
-2.009923531300654
-0.5510408662099131
2.8285823065330256
-2.8361236102879808
1.7648777357002352
0.3566622734098708
-0.6715237945265322
-1.575461644273684
0.22363569443050224
2.894115106316658
-2.4968236518449523
2.9985086796701133
2.2223602969001313
-1.772845401933079
0.6757349396770032
1.967087763128493
1.929564149388856
-0.0006715161771317923
1.0921996502100448
-2.810750764384313
0.05424216788620484
2.6594109678819997
1.2236136968784344
-0.9496431416546152
-1.0824713108167252
2.543935028683787
-0.8120052490944651
-1.551759689917244
0.9307050739999063
-2.6519755101931786
0.7675194886069256
-2.688401035989603
-0.6222121547530683
1.828498513854644
1.1746270540048194
2.5702068039482633
2.0103232047889428
-0.4852717129760684
-2.3970052492506717
-0.5801822618611645
0.5666208011414007
2.522976304854293
-1.4530255380350745
1.4294684061118197
-3.113202761352813
-1.234861005791398
3.013174838679195
-1.8174194298996973
-2.0439471689596083
1.5059898960226938
-2.648994409280032
0.24446183717754266
-2.657660795503549
1.0078521443584982
-1.8336020376153748
0.7409446789594121
0.33634369464558134
-2.7562344776777046
-0.8155150401669111
-1.2805154132840464
3.0932310445212075
0.6595477927516136
-0.5333026018654827
2.777203283016714
-0.027093669578800217
2.3051512992876972
-2.3280208984630413
-0.9589489517549872
-2.670134764735227
-0.7039020728266614
-0.8338786504475841
1.4587151513076897
-3.0353779981710183
1.7515371611207051
2.909420892947036
-2.7032194434576233
2.822543158477327
1.6492673496458785
0.25744844034582925
-1.8659432539834846
-2.3650442602033444
0.08813742783198464
-1.758624603267716
1.056814844055868
2.1372416925128626
0.21576687997725585
2.3365986990287446
-2.31314018445541
-0.5082842583027762
-2.8661625778307958
1.5723717036272582
0.032935951134550834
-1.6255809640097105
-2.574464345221404
-0.2744133889064919
2.213106099787151
-1.5704572031370496
-2.427650926497744
-1.4767891673534415
-1.2857702008981242
0.5398778141847096
0.11600102239801302
-0.9751902767759439
0.6311794903616921
-1.659859383855629
-1.627776283739589
2.657621676154367
2.556762556053105
0.9150926055957065
-2.0895243534984225
2.40962302658021
-2.5351009907937474
1.6679793397915397
1.264151210906956
-0.2288974538090507
-2.4524302136359672
-1.201788444449047
0.789823264789522
-1.8794992610882382
-1.826562410164481
1.821343579240878
0.1967056320242655
1.3174074890696694
2.4184579167988964
1.349625076028321
0.3271084064440011
-0.7284899099346767
-2.9877133228522403
-2.606453662504652
-2.4222453935093604
2.3476848448965235
-0.9888086485318119
-0.6187674955920066
2.547298940364218
1.4022285556785725
-0.8569899961485241
-2.5106628701449942
-2.465026592434615
0.8721418758098345
0.6822027304288589
-0.22994453705537055
-0.728729583197488
-2.8274972253621193
-1.567935191261693
2.523418941897571
-1.8596165278325678
1.0113332048010797
2.1754755627244755
0.5996213897877603
2.7218554443974803
-2.9931667948299925
2.7060371498521043
0.11617735297017262
-1.1469747940960637
-2.1098175066599048
-0.7573146903927288
2.792213021130717
0.6514607576416616
0.036849955160239034
-1.6340070788904733
2.108436866505766
1.009766781847592
2.5913580503219045
-1.670833820080997
-1.8424922487194344
-0.8536482825487433
1.5167928064337879
-1.7238954672271767
-1.1503513951844546
1.6935046719409748
-2.9576905379350116
0.12260545214892105
1.9874883162241979
1.708673439615648
0.5461912352349039
-1.9644659804799112
1.6604939289315475
-2.3083513494454344
-2.7660922319613555
2.636338760180383
-0.7610151016475122
-2.6801952002685887
-0.9195743634259195
1.332650936131845
2.813911358970909
1.940888323368636
2.6497487943379348
2.5640950700989045
-2.5306551922355816
2.893813033199546
-0.7539512575813312
-2.108447047409772
1.2187246722603184
0.6479381942165539
-1.6331570545156744
0.9840380240083313
-2.1396407668431543
-1.9373416943222672
-0.423327358251381
0.9439301937397069
-0.3593115613531914
-2.886481788320939
-2.236794411399405
0.8716612446527741
1.039904229786675
2.5998071954790483
-0.8829705839114972
3.032998395408665
-1.7606613267235751
0.5452813324139534
-1.4054142179089233
-1.988157521133875
-0.3237730981089406
2.7324543589519514
1.0617945346080013
2.606474427396247
1.773449111682229
-0.966202506466697
-0.8481173349113185
2.547282587987187
0.3690995280028666
-1.6090648223092323
0.19521829366277998
0.780663590409862
-0.27040059498700586
2.9081028702452407
-2.5391837060791325
-0.5691486044378244
3.0493079705766597
1.4526169189539324
-2.698742473907462
-2.1024733666637268
0.872110475406803
0.9737832882815702
-1.1548463412494065
-2.721759310086835
-1.8298268445584078
2.1360690182744158
0.2518087939510032
-1.7103264561308968
-2.4637944934600533
-1.014560364427009
2.89887072004878
1.5117497537953248
1.9076459982650213
1.3805359640029913
2.838151291526362
0.6260335624123776
0.27688170856480454
2.1202805279095394
-2.075360230165206
-0.6943594903348576
-1.3566970138096046
0.6023109481117963
0.8674672285643403
0.3795838856060847
-1.972479572686293
1.8311733611280339
-1.228835710795959
0.6564852269340697
-1.2251964819530734
-0.2768472586205455
-2.9732302990512416
1.6407874256929667
3.1397386490896686
-0.08799676991553085
1.7604598258825952
-2.629836831801125
-3.092598797387044
1.5697824745961064
2.8760495441235214
-1.9638423954587658
-0.35562727809370287
-1.433945300154118
-2.6629068976868417
-0.09683396559874424
-2.3561722782714973
-2.717809759699403
1.7837190397068419
0.6623457384776437
-1.8396297042654162
-2.3750623423144113
0.757793394474934
-2.25651372502843
3.032583362944667
-2.4422946838102355
-1.2259827818473745
-2.5739147935840485
0.670362156753999
-0.4800190441100902
-1.1483501465396948
-0.6721650297998671
-0.13598582796836567
2.687192412034893
3.094776565834497
2.1163940925804106
-0.7027092782577533
-1.3007664098785874
0.07698466772561474
2.4089811779649857
0.34858853042013394
2.1784955335911995
2.6049742035230032
0.3160739196643938
2.6559650987721675
2.3910907575646227
-1.8594001892985368
1.2455637707245977
1.5579323412419406
-0.26384777975340157
1.753151204311859
1.6360362878948855
-2.7524532319285875
-2.9763550979607594
1.4354036713744343
-1.7812557734375893
-3.0996599935247424
-0.7567482790295195
2.013907983257777
2.2645763294089285
1.69889178628166
-0.15223873904461627
2.9897472709502644
-1.1536618394059381
-0.1006107806364831
0.6446333301251777
-0.4277616943349152
-3.0787192978339313
-0.5689475443588172
2.8839518038318595
-1.6267367770824102
1.5066335859915547
2.928154785007944
-2.3949022880085558
2.177807318776953
1.1631543276083711
0.5759281344012699
-0.35800834373010204
-0.7919891317054457
-2.9592845222530606
-1.5572413271853627
0.759393700520679
-3.110001045899562
0.17366860204838375
2.6026855882560973
-1.3413249065811748
-0.5381568217311177
-1.280763935831228
0.757690633460772
0.6589179965960206
-2.342620215028237
2.184428212534659
-0.39818782200361724
2.98446367830147
-3.1347398007737546
-1.9041487056965956
-2.46625978326232
2.600404926059614
0.898476650444568
1.2954018323170295
0.14370491598188906
1.0496519825565152
-2.423607257498059
-2.950377573279635
1.0975230161394443
-2.7246907682239616
-0.4294134097379434
-0.13308628895910246
-1.537911080136606
-1.5387636781796452
0.496746406463604
-1.0146398798244682
-1.7783599623714643
-2.5678723233582694
-2.193207047423595
2.762158599023447
-1.1671316749685552
0.27832759475218793
1.4999798258059194
-0.20841318533801356
1.2860628492453294
0.15009245405757454
-1.3120020371585461
1.8130996274958058
2.6531760808666753
1.3959084117207716
-2.6516722865021514
2.4770826119054696
0.6911201768067237
-2.541574123058563
2.3131272954115936
-1.6865462754684266
-1.9215646462251748
-1.4235677999328793
1.4875554396741073
2.1316700212799695
-1.3883133921136555
3.080095103585709
0.5338451266236071
1.115384582005408
1.4515416730046873
-2.3621345022252065
1.322800067889606
-0.7368163807256671
3.049714643112825
-1.5003009225149064
-0.4498271370522353
-2.2446937954350012
-0.4924563998071356
0.5102191722293448
-3.038464779512939
-1.2237190982278427
-2.684451202555433
0.7055834035603148
1.4809827131538178
-1.635937623591854
0.35277253521272556
2.999017089631632
1.9414147101945751
0.8674148511951252
-2.9092425860100697
-0.19836982038233586
-1.9632074494690492
-2.6661654982378202
-0.16756363145116993
1.3289516837306685
0.8476042238348533
-1.2064368497243514
-2.4650170969293477
1.3327510913771157
-2.5520738916692416
0.9483905883662409
-0.12063173411744899
-2.737500372341376
-2.222711589528391
2.4777100358274957
0.27927799724686864
2.5868513932291997
1.86756236100614
-2.7479124162738735
1.438550228709385
-1.4716809481594417
1.6890804637865138
0.15156005855944343
-0.07447457365503496
-1.0347983715929097
-0.46468838068488694
3.016529493992845
-2.585702003057488
-2.564774362485931
1.203482217447931
2.7141554097347758
0.9663981920501108
1.5135104273689244
0.13989619048367175
-1.2712216334343331
3.038324411524929
0.2078198775526694
-1.4619917841955576
-1.8726699638392112
0.4498797371442471
-1.3748529265122293
1.2852685064505884
-0.5641643122593614
-3.01923038377004
1.9993524590621696
1.3833766874734117
-1.9829658392145255
-1.8157863011785444
2.348008625975485
2.326738528531127
-2.011970539362512
2.229336355887984
-1.072152110742902
-1.060935650435237
-1.2391981050663894
1.4452004891380703
1.63451730180142
0.8209965261449561
2.1269335377178855
-3.021758196485745
3.088443674075844
-2.253717511526016
1.5584856582672195
2.509069032461216
1.693325634910547
-0.0728659631150741
1.807154812936819
-1.4379469630376853
1.281930367050517
-0.0641250547318144
1.642568210286381
0.1874551089560761
-0.8839358107189206
-0.8567183790409238
-0.5653036584483111
-1.9279853113934955
3.0588062366794198
2.0403421229656793
-2.0445064706079314
2.360575712328373
-2.5395226103954407
2.3667710360507748
2.951122094641814
-2.2237178464203033
-0.14859775393733443
0.7940309114206094
-2.026863994291663
2.5556628466699784
-0.4653918498391043
-1.9925869823314208
-0.9940704539629017
1.6246874817102643
0.11979330827432833
-2.516673216173867
0.8921237588008246
1.0226136657839398
1.843654731323948
-0.05920919808344749
1.2914955856473505
2.5813789781135945
2.065290145916631
1.9874860948314286
1.810481286763892
-2.6282206721724712
-1.3006053169448073
0.306651390941429
-0.42995054479871087
-2.575194657241571
-1.105288905390136
-0.6240849745794286
-2.6997642097602714
1.0685488719797895
1.2584146724384446
0.39332255310053554
-1.2761311209425337
0.433356261425363
-2.833318465424636
-0.9831880189549871
3.024929388675549
2.0394210815828835
2.275388625728535
-1.624072095048998
-0.8269560625392209
-2.9561753197564933
1.124592837792182
3.0016164048143246
-0.9799339430252836
1.5905743372610566
1.7663680557351746
2.1123185905882345
-0.6165337712694274
-3.067236380024301
0.5561556107168322
2.0815383438422366
0.6200658581864253
3.0207251836894393
2.037240227288759
-0.03873732385381956
1.3700421162762773
-2.1821626964809333
0.2919711103944884
-0.5890972019720202
2.99977577160821
-2.4676273458814357
-1.0970743502990352
1.8839179936071027
0.8277278581325795
0.6164705175533705
-0.9169740949638729
-1.9799865823940301
-0.4848186055587256
-1.3131095641031116
1.9109246646687659
-1.7839378040912628
1.543291563071005
-0.4586832621193899
-1.1696097712509008
-2.3782195991038257
-2.02858694942395
-1.08288946469332
-2.779209166596143
0.058391828827087267
1.3795774576300666
2.22087209294315
-2.541547065117779
2.6515440742905305
-2.587502012457687
-1.7307398679756112
2.4629913478715757
-1.0120138545820048
1.2076091006176917
-0.5497253848804426
-1.8379403213866077
0.5874719442561123
-0.22495245673965414
1.9471522892936797
1.392742956122266
-0.21168243080346016
0.12915529208719434
0.23365334885773237
-0.11310159168224843
-2.5240342478546403
-0.968345284208791
-0.10138400920726198
1.913437811259282
-2.762481417548937
0.4000036841950454
1.7164098221703519
-2.7917511181160783
-1.1208017906820338
0.7292911055873397
-2.999233182787531
2.939302206396345
-2.470783469513133
1.032232121807315
-2.3442631055806693
-2.904815991163307
0.6134732260479616
-1.6932397260643732
-0.22988174235674919
-0.28962109134714
2.3370762791427673
2.9774234880175108
2.2941359484178996
2.15451015711297
1.0364997954252324
-2.525024186484398
-2.2687852877899424