2452993.523   0.93  3.185 0.015   3.533 0.020  4.264 0.038  5.146 0.081 FLWO    4Shooter
2452994.960   2.20  3.127 0.007)  3.475 0.007) 4.216 0.015  4.963 0.025 MDM     8K
2452996.599   1.82  3.127 0.048   3.667 0.079  4.366 0.190  5.280 0.413 Wise    Tektronix
2452997.344   0.76  3.157 0.021   3.541 0.029  4.394 0.063  5.240 0.132 FLWO    4Shooter
2452997.598   2.42  3.107 0.041   3.602 0.065  4.199 0.168  5.441 0.485 Wise    Tektronix
2452998.560  52.09  3.805 0.039   5.411 0.160  5.784 1.566  6.576 2.983 Wise    Tektronix
2453001.632 135.90  4.045 0.036   5.658 0.146  6.374 3.110  5.994 2.280 Wise    Tektronix
2453004.596  53.91  3.678 0.031   4.765 0.080  5.625 1.239  6.277 2.126 Wise    Tektronix
2453005.538   1.33  3.193 0.029   3.681 0.045  4.479 0.102  5.623 0.272 Wise    Tektronix
2453006.519   3.71  3.197 0.024   3.643 0.035  4.395 0.128  5.249 0.271 Wise    Tektronix
2453011.405   0.75  3.188 0.047   3.509 0.062  4.301 0.127  6.231 0.599 FLWO    4Shooter
2453021.543   3.94  3.057 0.018   3.546 0.026  4.272 0.098  5.086 0.199 Wise    Tektronix
2453022.606   1.53  3.118 0.015   3.548 0.021  4.171 0.044  5.417 0.132 FLWO    4Shooter
2453024.524   0.78  3.083 0.043   3.471 0.060  4.226 0.119  5.046 0.240 Wise    Tektronix
2453031.920   1.48  3.128 0.013   3.588 0.018  4.219 0.037  5.312 0.097 FLWO    4Shooter
2453032.920   2.02  3.101 0.013   3.521 0.017  4.155 0.041  5.275 0.109 FLWO    4Shooter
2453033.913   2.53  3.094 0.013   3.542 0.017  4.157 0.046  5.270 0.122 FLWO    4Shooter
2453034.916   1.03  3.107 0.014   3.571 0.020  4.167 0.034  5.414 0.102 FLWO    4Shooter
2453035.382   3.21  3.199 0.056   3.745 0.097  4.104 0.226  6.874 1.846 Wise    TAVAS
2453035.909   1.71  3.111 0.013   3.570 0.019  4.235 0.044  5.513 0.133 FLWO    4Shooter
2453037.742   0.73  3.058 0.039   3.562 0.060  4.074 0.097  5.468 0.315 FLWO    4Shooter
2453038.720   1.48  3.111 0.018   3.732 0.031) 4.266 0.060  5.458 0.171 MDM     Templeton
2453043.854   0.51  3.087 0.025   3.564 0.037  4.374 0.078  5.282 0.171 FLWO    4Shooter
2453044.885   1.39  3.123 0.015   3.574 0.022  4.153 0.043  5.424 0.131 FLWO    4Shooter
2453045.862   2.69  3.116 0.011   3.573 0.016  4.214 0.045  5.256 0.113 FLWO    4Shooter
2453046.908   1.52  3.091 0.012   3.589 0.017  4.185 0.034  5.432 0.103 FLWO    4Shooter
2453046.949   0.99  3.064 0.011)  3.536 0.012  4.180 0.015  5.257 0.029 APO     SPICam
2453047.866   3.72  3.103 0.009   3.574 0.013  4.179 0.040  5.386 0.113 FLWO    4Shooter
2453048.453   1.13  3.096 0.028   3.649 0.045  4.163 0.075  5.278 0.198 Wise    Tektronix
2453048.885   1.38  3.085 0.011   3.577 0.016  4.186 0.029  5.792 0.122 FLWO    4Shooter
2453051.850   2.56  3.102 0.009   3.582 0.013  4.160 0.033  5.273 0.085 FLWO    4Shooter
2453052.425   1.76  3.073 0.045   3.756 0.081  4.271 0.168  5.209 0.371 Wise    Tektronix
2453052.869   2.82  3.100 0.011   3.560 0.016  4.202 0.044  5.364 0.121 FLWO    4Shooter
2453053.605   3.49  3.450 0.035)  4.165 0.065) 5.181 0.297  7.286 1.479 Wise    Tektronix
2453056.349   9.58  1.568 0.299   0.760 0.151) 3.299 2.971  2.087 1.305 Wise    TAVAS
2453057.341   2.12  2.896 0.061   3.672 0.128  4.175 0.276  8.833 4.272 Wise    TAVAS
2453057.795   2.78  3.121 0.015   3.543 0.021  4.294 0.064  5.448 0.177 FLWO    4Shooter
2453058.362   1.04  2.949 0.116   3.554 0.195  3.643 0.224  4.935 0.616 Wise    TAVAS
2453059.347   3.96  3.010 0.069   3.368 0.100  4.160 0.365  8.064 4.430 Wise    TAVAS
2453059.856   0.67  3.066 0.019   3.598 0.030  4.169 0.050  5.321 0.137 FLWO    4Shooter
2453060.353   2.51  2.894 0.065   3.493 0.122  4.237 0.314  6.300 1.497 Wise    TAVAS
2453061.365   3.55  3.138 0.048   3.506 0.070  4.144 0.215  5.437 0.635 Wise    TAVAS
2453062.396   4.27  3.154 0.036   3.563 0.052  4.069 0.165  5.693 0.654 Wise    TAVAS
2453064.468  35.89  3.823 0.054   5.480 0.226  4.416 0.564  6.587 3.324 Wise    Tektronix
2453064.773   1.01  3.112 0.017   3.603 0.026  4.198 0.043  5.553 0.144 FLWO    4Shooter
2453064.884   1.41  3.121 0.007   3.570 0.008  4.235 0.013  5.249 0.028 MDM     Echelle
2453065.480  12.90  3.191 0.057   3.958 0.112  4.395 0.599  5.397 1.345 Wise    Tektronix
2453065.805   2.91  3.099 0.008   3.547 0.011  4.169 0.030  5.417 0.089 FLWO    4Shooter
2453073.862   0.59  3.086 0.023   3.547 0.034  4.165 0.059  5.414 0.176 FLWO    4Shooter
2453075.464   1.03  3.091 0.047   3.740 0.083  4.101 0.116  5.356 0.334 Wise    Tektronix
2453078.837   1.12  3.077 0.012   3.584 0.018  4.142 0.031  5.437 0.097 FLWO    4Shooter
2453079.832   1.77  3.048 0.013   3.531 0.019  4.171 0.042  5.311 0.113 FLWO    4Shooter
2453079.848  11.73  3.026 0.007   3.471 0.007) 4.109 0.031  5.064 0.056 MDM     8K
2453080.822   1.01  3.077 0.013   3.566 0.019  4.175 0.031  5.676 0.116 FLWO    4Shooter
2453081.327   2.06  3.005 0.062   3.454 0.099  4.210 0.251 10.24  5.979 Wise    TAVAS
2453081.789   3.07  3.107 0.011   3.587 0.015  4.177 0.042  5.285 0.108 FLWO    4Shooter
2453082.785   1.69  3.072 0.011   3.576 0.016  4.222 0.035  5.319 0.092 FLWO    4Shooter
2453083.934   1.01  3.113 0.022   3.517 0.031  4.176 0.057  5.418 0.167 FLWO    4Shooter
2453085.793   1.45  3.087 0.011   3.539 0.015  4.271 0.032  5.551 0.098 FLWO    4Shooter
2453087.662   3.09  3.012 0.061   3.498 0.061  4.355 0.107  5.407 0.108 WIYN    WTTM
2453087.707   2.40  3.077 0.011   3.534 0.016  4.259 0.044  5.415 0.120 FLWO    4Shooter
2453088.734   2.01  3.063 0.011   3.563 0.016  4.234 0.040  5.526 0.124 FLWO    4Shooter
2453090.735   0.63  3.088 0.024   3.587 0.036  4.366 0.072  5.211 0.150 FLWO    4Shooter
2453091.772   0.97  3.080 0.014   3.534 0.020  4.262 0.037  5.554 0.116 FLWO    4Shooter
2453092.821   0.65  3.069 0.017   3.527 0.025  4.246 0.048  5.566 0.152 FLWO    4Shooter
2453093.790   0.72  3.068 0.014   3.546 0.021  4.252 0.039  5.547 0.121 FLWO    4Shooter
2453094.718   0.80  3.022 0.020   3.510 0.031  4.267 0.062  5.664 0.208 FLWO    4Shooter
2453095.819   0.67  3.080 0.024   3.516 0.035  4.317 0.073  5.391 0.186 FLWO    4Shooter
2453100.412   0.36  3.085 0.093   3.529 0.137  4.562 0.333  5.271 0.576 Wise    Tektronix
2453101.657   0.42  3.021 0.026   3.461 0.038  4.274 0.079  5.473 0.223 FLWO    4Shooter
2453104.747   0.99  3.066 0.017   3.534 0.025  4.237 0.047  5.522 0.144 FLWO    4Shooter
2453107.686   1.31  3.027 0.755   3.486 0.755  4.273 0.864  5.252 0.865 WIYN    WTTM
2453107.694   0.66  3.065 0.015   3.591 0.024  4.149 0.037  5.418 0.115 FLWO    4Shooter
2453108.285   1.84  3.050 0.031   3.606 0.049  4.261 0.118  5.595 0.367 Wise    Tektronix
2453108.729   1.64  3.089 0.012   3.544 0.016  4.272 0.038  5.364 0.098 FLWO    4Shooter
2453111.688   1.61  3.083 0.013   3.546 0.018  4.200 0.039  5.391 0.111 FLWO    4Shooter
2453113.335   0.89  3.071 0.051   3.566 0.080  4.164 0.135  5.482 0.402 Wise    Tektronix
2453116.725   1.37  3.115 0.013   3.542 0.017  4.242 0.036  5.301 0.091 FLWO    4Shooter
2453117.746   1.36  3.091 0.014   3.567 0.020  4.336 0.044  5.690 0.146 FLWO    4Shooter
2453118.764   0.82  3.135 0.014   3.552 0.019  4.261 0.034  5.234 0.081 FLWO    4Shooter
2453119.731   0.76  3.077 0.014   3.551 0.020  4.301 0.038  5.448 0.105 FLWO    4Shooter
2453120.730   0.70  3.102 0.015   3.561 0.022  4.271 0.041  5.161 0.089 FLWO    4Shooter
2453122.786   0.55  3.096 0.028   3.583 0.043  4.231 0.078  5.730 0.282 FLWO    4Shooter
2453124.718   0.78  3.083 0.027   3.614 0.044  4.249 0.078  5.168 0.173 FLWO    4Shooter
2453125.737   0.52  3.077 0.034   3.523 0.051  4.313 0.103  5.225 0.226 FLWO    4Shooter
2453126.717   0.58  3.117 0.027   3.534 0.039  4.202 0.071  5.133 0.159 FLWO    4Shooter
2453129.240   0.72  2.991 0.057   3.577 0.094  4.247 0.170  5.116 0.349 Wise    Tektronix
2453129.812   0.58  3.120 0.035   3.539 0.051  4.353 0.107  4.999 0.187 FLWO    4Shooter
2453132.749   2.09  3.106 0.008   3.596 0.012  4.257 0.029  5.187 0.066 FLWO    4Shooter
2453135.717   7.04  3.016 0.007   3.544 0.009  4.136 0.031  5.046 0.062 MDM     8K
2453136.659   1.65  3.077 0.013   3.625 0.019  4.193 0.040  5.351 0.109 FLWO    4Shooter
2453137.719   1.15  3.045 0.013   3.627 0.021  4.187 0.036  5.213 0.089 FLWO    4Shooter
2453140.640   1.58  3.084 0.013   3.636 0.019  4.238 0.041  5.289 0.102 FLWO    4Shooter
2453143.790   0.63  3.162 0.029   3.712 0.047  4.182 0.072  5.129 0.164 FLWO    4Shooter
2453144.677   1.61  3.089 0.012   3.659 0.019  4.208 0.039  5.258 0.097 FLWO    4Shooter
2453145.711   1.55  3.087 0.014   3.663 0.023  4.110 0.042  5.301 0.119 FLWO    4Shooter
2453146.745   0.84  3.093 0.013   3.636 0.020  4.199 0.033  5.176 0.077 FLWO    4Shooter
2453147.648   1.42  3.098 0.015   3.648 0.023  4.150 0.041  5.223 0.107 FLWO    4Shooter
2453148.653   1.34  3.078 0.015   3.684 0.025  4.189 0.046  5.147 0.106 FLWO    4Shooter
2453149.733   1.37  3.094 0.013   3.631 0.020  4.120 0.035  5.342 0.104 FLWO    4Shooter
2453153.660   1.40  3.060 0.061   3.631 0.061  4.157 0.072  5.165 0.074 WIYN    WTTM
2453153.692   0.86  3.120 0.019   3.661 0.030  4.145 0.047  5.171 0.116 FLWO    4Shooter
2453154.272   0.33  3.071 0.059   3.578 0.093  4.097 0.148  4.771 0.263 Wise    Tektronix
2453154.673   0.66  3.125 0.023   3.695 0.037  4.103 0.054  5.044 0.123 FLWO    4Shooter
2453155.673   0.62  3.106 0.024   3.613 0.037  4.083 0.057  5.303 0.164 FLWO    4Shooter
2453156.646   0.72  3.113 0.020   3.625 0.031  4.115 0.049  5.232 0.130 FLWO    4Shooter
2453157.670   0.67  3.100 0.021   3.688 0.034  4.119 0.051  5.146 0.126 FLWO    4Shooter
2453158.660   1.04  3.105 0.017   3.628 0.026  4.081 0.040  5.126 0.100 FLWO    4Shooter
2453159.643   0.57  3.145 0.029   3.679 0.046  4.026 0.063  5.266 0.186 FLWO    4Shooter
2453161.736   2.88  3.116 0.016   3.658 0.024  4.065 0.056  5.202 0.148 MDM     Templeton
2453162.658   2.80  3.150 0.008   3.653 0.010  4.086 0.023  5.086 0.051 MDM     Templeton
2453163.650   4.10  3.159 0.010   3.653 0.013  4.107 0.038  5.119 0.090 MDM     Templeton
2453164.651  28.62  3.168 0.010   3.646 0.014  4.087 0.104  5.054 0.237 MDM     Templeton
2453165.656  11.23  3.171 0.008   3.623 0.011  4.062 0.050  5.044 0.110 MDM     Templeton
2453166.650   3.74  3.142 0.009   3.615 0.012  4.038 0.032  5.063 0.076 MDM     Templeton
2453167.665   8.23  3.136 0.006   3.621 0.006  4.178 0.021  5.165 0.034 MDM     Templeton
2453168.663  17.04  3.152 0.006   3.636 0.007  4.131 0.032  5.159 0.058 MDM     Templeton
2453169.662   6.01  3.171 0.006   3.635 0.007  4.114 0.022  5.151 0.041 MDM     Templeton
2453169.674   1.08  3.164 0.015   3.642 0.021  3.984 0.030  5.204 0.086 FLWO    4Shooter
2453170.259   0.28  3.106 0.047   3.593 0.073  3.996 0.105  5.035 0.255 Wise    Tektronix
2453170.667   0.71  3.169 0.011   3.630 0.016  4.029 0.022  5.196 0.060 MDM     Templeton
2453170.673   0.60  3.174 0.025   3.687 0.039  4.079 0.056  5.574 0.204 FLWO    4Shooter
2453171.271   0.33  3.126 0.048   3.562 0.072  4.061 0.112  5.770 0.459 Wise    Tektronix
2453171.661   1.78  3.185 0.007   3.634 0.009  4.067 0.015  5.102 0.034 MDM     Templeton
2453171.666   1.22  3.119 0.019   3.635 0.030  4.031 0.046  5.342 0.146 FLWO    4Shooter
2453172.664   1.68  3.190 0.007   3.634 0.008  4.100 0.013  5.149 0.027 MDM     Templeton
2453172.668   0.73  3.151 0.016   3.589 0.022  3.987 0.032  5.232 0.094 FLWO    4Shooter
2453173.658   0.68  3.164 0.017   3.650 0.025  4.018 0.035  5.100 0.090 FLWO    4Shooter
2453173.659   4.56  3.210 0.007   3.654 0.008  4.129 0.020  5.203 0.040 MDM     Templeton
2453174.664   0.71  3.173 0.016   3.591 0.023  4.090 0.035  5.163 0.090 FLWO    4Shooter
2453176.666   1.00  3.172 0.016   3.596 0.022  4.041 0.033  5.220 0.093 FLWO    4Shooter
2453177.675   1.14  3.167 0.018   3.661 0.027  4.034 0.040  5.274 0.120 FLWO    4Shooter
2453178.675   0.63  3.197 0.027   3.652 0.040  3.971 0.054  4.980 0.132 FLWO    4Shooter
2453182.654   0.67  3.134 0.043   3.604 0.067  4.008 0.096  5.594 0.364 FLWO    4Shooter
2453183.653   0.66  3.186 0.040   3.578 0.057  3.918 0.078  5.197 0.236 FLWO    4Shooter
2453184.653   0.64  3.237 0.036   3.651 0.052  4.053 0.076  4.810 0.147 FLWO    4Shooter
2453185.652   0.60  3.178 0.034   3.619 0.050  3.977 0.070  5.066 0.179 FLWO    4Shooter
2453186.651   0.57  3.198 0.039   3.529 0.052  3.974 0.079  5.147 0.217 FLWO    4Shooter
2453187.651   0.56  3.217 0.039   3.582 0.054  3.861 0.070  5.060 0.199 FLWO    4Shooter
2453188.653   0.70  3.243 0.057   3.483 0.071  4.267 0.140  5.387 0.358 FLWO    4Shooter
2453189.656   0.66  3.262 0.042   3.666 0.061  4.003 0.084  5.387 0.273 FLWO    4Shooter
2453191.652   0.72  3.156 0.042   3.608 0.063  3.845 0.080  5.032 0.221 FLWO    4Shooter
2453192.660   0.81  3.262 0.020   3.613 0.027  3.981 0.038  5.170 0.107 FLWO    4Shooter
2453193.650   0.78  3.254 0.034   3.618 0.047  4.023 0.068  5.139 0.180 FLWO    4Shooter
2453194.654   0.95  3.253 0.027   3.571 0.036  3.988 0.053  4.925 0.121 FLWO    4Shooter
2453195.652   0.63  3.208 0.038   3.610 0.054  3.938 0.074  4.952 0.179 FLWO    4Shooter
2453310.011   0.35  3.245 0.041   3.544 0.052  4.040 0.082  4.656 0.139 FLWO    Minicam
2453314.010   0.27  3.169 0.052   3.576 0.075  4.103 0.121  4.727 0.206 FLWO    Minicam
2453315.021   0.17  3.178 0.119   3.782 0.199  4.156 0.279  4.094 0.266 FLWO    Minicam
2453318.964   0.80  3.214 0.030   3.537 0.039  4.089 0.062  4.596 0.097 FLWO    Minicam
2453321.023   0.55  3.241 0.027   3.607 0.036  4.001 0.051  4.635 0.087 FLWO    Minicam
2453335.040   0.60  3.207 0.034   3.656 0.049  4.116 0.074  4.565 0.109 FLWO    Minicam
2453336.026   0.48  3.208 0.032   3.592 0.044  4.109 0.070  4.646 0.112 FLWO    Minicam
2453341.993   0.38  3.230 0.055   3.670 0.080  4.172 0.127  4.729 0.204 FLWO    Minicam
2453349.604   4.16  3.263 0.065   3.669 0.093  4.150 0.304  6.489 1.826 Wise    TAVAS
2453350.012   0.42  3.196 0.029   3.619 0.040  4.171 0.065  4.628 0.097 FLWO    Minicam
2453350.998   0.72  3.187 0.023   3.671 0.033  4.180 0.050  4.719 0.079 FLWO    Minicam
2453352.044   0.55  3.212 0.023   3.633 0.032  4.188 0.051  4.549 0.070 FLWO    Minicam
2453352.572   2.39  3.297 0.059   3.776 0.092  4.287 0.220  6.007 0.864 Wise    TAVAS
2453353.038   0.90  3.217 0.026   3.717 0.038  4.145 0.054  4.546 0.076 FLWO    Minicam
2453354.033   0.79  3.218 0.023   3.664 0.031  4.154 0.046  4.600 0.068 FLWO    Minicam
2453354.920   0.89  3.200 0.021   3.661 0.030  4.164 0.045  4.578 0.063 FLWO    Minicam
2453359.000   1.64  3.261 0.047   3.876 0.079  4.493 0.173  5.035 0.275 Wise    Tektronix
2453359.920   1.24  3.239 0.018   3.667 0.023  4.246 0.040  4.526 0.050 FLWO    Minicam
2453360.000   0.40  3.302 0.093   3.631 0.124  4.478 0.259  4.853 0.354 Wise    Tektronix
2453377.879   0.71  3.245 0.026   3.595 0.034  4.262 0.061  4.532 0.077 FLWO    Minicam
2453378.945   0.43  3.263 0.027   3.630 0.036  4.246 0.060  4.508 0.075 FLWO    Minicam
2453379.878   0.42  3.260 0.025   3.688 0.035  4.281 0.058  4.545 0.072 FLWO    Minicam
2453380.000   1.33  3.321 0.050   3.669 0.067  4.363 0.142  4.955 0.238 Wise    Tektronix
2453380.606   2.78  3.415 0.049   3.854 0.075  4.478 0.207  4.799 0.274 Wise    TAVAS
2453381.581   1.62  3.463 0.154   3.993 0.238  4.596 0.527  4.968 0.696 Wise    TAVAS
2453384.554   2.65  3.312 0.073   3.680 0.101  4.014 0.226  4.456 0.325 Wise    TAVAS
2453385.816   0.45  3.370 0.014   3.690 0.015  4.390 0.022  4.449 0.023 APO     SPICam
2453385.951   0.63  3.300 0.024   3.663 0.031  4.282 0.051  4.476 0.060 FLWO    Minicam
2453386.453   2.74  3.303 0.079   3.653 0.114  4.407 0.358  5.985 1.201 Wise    TAVAS
2453387.527   2.92  3.321 0.087   3.609 0.109  4.418 0.411  6.088 1.465 Wise    TAVAS
2453387.960   0.69  3.328 0.027   3.626 0.033  4.313 0.058  4.522 0.069 FLWO    Minicam
2453399.018   0.30  3.341 0.067   3.752 0.096  4.222 0.148  4.319 0.161 FLWO    Minicam
2453399.714   0.25  3.342 0.049   3.671 0.064  4.392 0.123  4.528 0.138 FLWO    Minicam
2453402.990   0.27  3.397 0.041   3.663 0.052  4.296 0.091  4.401 0.100 FLWO    Minicam
2453403.412   1.99  3.317 0.063   3.826 0.101  4.487 0.253  4.820 0.335 Wise    TAVAS
2453406.322   1.32  3.330 0.099   3.742 0.146  3.984 0.206  7.828 2.508 Wise    TAVAS
2453408.375   1.96  3.408 0.067   3.688 0.086  4.165 0.191  5.427 0.545 Wise    TAVAS
2453410.806   0.78  3.330 0.023   3.664 0.029  4.379 0.053  4.488 0.059 FLWO    Minicam
2453411.452   2.81  2.988 0.065)  3.489 0.107  4.139 0.307  4.821 0.544 Wise    TAVAS
2453412.404   2.20  3.586 0.092   3.777 0.108  4.453 0.293 10.64  6.648 Wise    TAVAS
2453416.000   0.63  3.531 0.103   3.639 0.113  4.540 0.249  4.936 0.348 Wise    Tektronix
2453417.000   0.90  3.363 0.072   3.648 0.093  4.075 0.136  4.628 0.221 Wise    Tektronix
2453419.000   0.51  3.439 0.073   3.647 0.088  4.636 0.207  5.061 0.293 Wise    Tektronix
2453430.930   0.28  3.393 0.043   3.611 0.051  4.201 0.087  4.523 0.116 FLWO    Minicam
2453431.738   0.59  3.362 0.028   3.683 0.036  4.268 0.060  4.462 0.071 FLWO    Minicam
2453432.721   0.55  3.385 0.028   3.639 0.035  4.249 0.058  4.393 0.065 FLWO    Minicam
2453433.740   0.93  3.364 0.025   3.665 0.031  4.281 0.051  4.380 0.056 FLWO    Minicam
2453439.643   0.39  3.377 0.013   3.643 0.014  4.237 0.018  4.384 0.020 APO     SPICam
2453439.719   0.71  3.339 0.025   3.650 0.032  4.207 0.050  4.473 0.063 FLWO    Minicam
2453441.615   0.34  3.380 0.014   3.639 0.015  4.240 0.020  4.376 0.022 APO     SPICam
2453441.797   0.60  3.353 0.030   3.674 0.038  4.216 0.060  4.444 0.074 FLWO    Minicam
2453442.734   0.84  3.374 0.026   3.664 0.032  4.198 0.049  4.409 0.059 FLWO    Minicam
2453443.748   1.17  3.346 0.029   3.681 0.038  4.262 0.067  4.488 0.082 FLWO    Minicam
2453459.333   1.39  3.322 0.068   3.780 0.101  4.366 0.201  4.520 0.233 Wise    TAVAS
2453462.836   0.31  3.317 0.037   3.739 0.052  4.271 0.084  4.543 0.107 FLWO    Minicam
2453462.859   1.17  3.376 0.013   3.669 0.015  4.220 0.020  4.374 0.022 APO     SPICam
2453463.722   0.55  3.384 0.031   3.653 0.038  4.206 0.062  4.460 0.077 FLWO    Minicam
2453464.719   0.81  3.382 0.023   3.684 0.029  4.168 0.042  4.436 0.053 FLWO    Minicam
2453466.251   1.65  3.515 0.083   3.917 0.119  4.198 0.201  4.716 0.307 Wise    TAVAS
2453467.320   2.26  3.494 0.063   3.793 0.083  4.374 0.209  4.781 0.298 Wise    TAVAS
2453468.291   1.45  3.318 0.086   3.774 0.130  4.408 0.278  4.882 0.410 Wise    TAVAS
2453469.756   0.34  3.396 0.055   3.766 0.074  4.320 0.121  4.364 0.126 FLWO    Minicam
2453470.713   0.47  3.364 0.026   3.707 0.033  4.252 0.053  4.433 0.062 FLWO    Minicam
2453471.000   0.50  3.457 0.085   3.746 0.109  4.074 0.149  4.523 0.221 Wise    Tektronix
2453471.763   0.32  3.386 0.029   3.763 0.039  4.174 0.056  4.492 0.074 FLWO    Minicam
2453472.766   0.85  3.397 0.025   3.709 0.031  4.277 0.049  4.447 0.057 FLWO    Minicam
2453473.744   1.38  3.393 0.020   3.694 0.024  4.235 0.043  4.438 0.051 FLWO    Minicam
2453474.743   0.84  3.398 0.022   3.719 0.028  4.209 0.042  4.443 0.051 FLWO    Minicam
2453476.739   0.42  3.385 0.043   3.693 0.056  4.328 0.099  4.443 0.110 FLWO    Minicam
2453477.735   0.57  3.401 0.045   3.666 0.056  4.286 0.097  4.416 0.109 FLWO    Minicam
2453478.690   0.39  3.371 0.051   3.768 0.071  4.254 0.111  4.580 0.147 FLWO    Minicam
2453485.738   0.33  3.392 0.054   3.772 0.074  4.266 0.117  4.433 0.135 FLWO    Minicam
2453486.707   0.30  3.439 0.052   3.709 0.066  4.084 0.093  4.412 0.124 FLWO    Minicam
2453487.675   1.08  3.397 0.025   3.711 0.032  4.276 0.053  4.441 0.061 FLWO    Minicam
2453489.000   0.87  3.384 0.072   4.182 0.145  4.579 0.207  4.937 0.276 Wise    Tektronix
2453492.710   0.46  3.425 0.038   3.725 0.049  4.220 0.076  4.529 0.099 FLWO    Minicam
2453494.722   0.78  3.412 0.025   3.771 0.033  4.247 0.049  4.509 0.062 FLWO    Minicam
2453495.722   0.28  3.349 0.059   3.697 0.080  4.419 0.152  4.335 0.142 FLWO    Minicam
2453496.694   0.42  3.415 0.028   3.704 0.035  4.331 0.059  4.505 0.069 FLWO    Minicam
2453497.720   0.43  3.439 0.031   3.727 0.039  4.310 0.064  4.423 0.071 FLWO    Minicam
2453498.691   0.58  3.422 0.026   3.732 0.033  4.363 0.057  4.510 0.064 FLWO    Minicam
2453499.695   0.73  3.402 0.025   3.742 0.032  4.302 0.052  4.380 0.055 FLWO    Minicam
2453500.244   1.14  3.483 0.108   3.678 0.125  4.066 0.197  5.012 0.438 Wise    TAVAS
2453501.245   1.28  3.415 0.082   3.630 0.100  4.555 0.251  5.032 0.372 Wise    TAVAS
2453501.708   0.66  3.443 0.044   3.670 0.053  4.246 0.088  4.499 0.109 FLWO    Minicam
2453501.817   0.21  3.458 0.020   3.735 0.024  4.319 0.039  4.458 0.044 APO     SPICam
2453502.701   0.37  3.411 0.033   3.746 0.043  4.330 0.072  4.393 0.076 FLWO    Minicam
2453503.666   0.74  3.444 0.028   3.734 0.035  4.216 0.054  4.541 0.071 FLWO    Minicam
2453504.687   0.24  3.515 0.068   3.702 0.073  4.440 0.110  4.439 0.110 FLWO    Minicam
2453509.698   0.31  3.459 0.054   3.720 0.068  4.180 0.104  4.276 0.113 FLWO    Minicam
2453510.674   0.60  3.472 0.052   3.715 0.064  4.489 0.129  4.404 0.120 FLWO    Minicam
2453516.680   0.53  3.471 0.031   3.780 0.040  4.293 0.063  4.371 0.067 FLWO    Minicam
2453520.686   0.65  3.562 0.035   3.778 0.042  4.341 0.069  4.365 0.071 FLWO    Minicam
2453521.691   0.51  3.515 0.034   3.825 0.044  4.370 0.071  4.336 0.069 FLWO    Minicam
2453522.646   0.39  3.498 0.047   3.746 0.057  4.311 0.095  4.360 0.100 FLWO    Minicam
2453524.667   0.63  3.527 0.034   3.833 0.043  4.282 0.065  4.406 0.073 FLWO    Minicam
2453525.673   0.45  3.518 0.034   3.854 0.044  4.286 0.065  4.304 0.066 FLWO    Minicam
2453527.651   0.70  3.507 0.034   3.898 0.047  4.330 0.069  4.361 0.071 FLWO    Minicam
2453530.650   0.40  3.569 0.039   3.893 0.051  4.235 0.070  4.476 0.086 FLWO    Minicam
2453536.660   0.29  3.547 0.072   3.883 0.096  4.115 0.122  4.421 0.159 FLWO    Minicam
2453537.661   0.31  3.545 0.064   3.971 0.092  4.285 0.124  4.439 0.141 FLWO    Minicam
2453538.652   0.43  3.514 0.060   3.827 0.078  4.152 0.107  4.451 0.138 FLWO    Minicam
2453541.654   0.28  3.425 0.117   3.984 0.189  4.148 0.226  4.675 0.346 FLWO    Minicam
2453547.650   0.30  3.595 0.062   4.078 0.094  4.343 0.121  4.446 0.132 FLWO    Minicam
2453549.651   0.30  3.646 0.084   4.040 0.118  4.426 0.168  4.883 0.246 FLWO    Minicam
2453655.027   3.46  3.548 0.017   3.983 0.023  4.175 0.049  4.532 0.065 MDM     RETROCAM
2453656.000   5.00  3.621 0.012   3.995 0.012  4.134 0.029  4.640 0.034 MDM     RETROCAM
2453664.001   1.09  3.553 0.047   4.046 0.072  4.157 0.086  4.772 0.146 FLWO    Keplercam
2453664.001   4.27  3.629 0.012   4.017 0.014  4.119 0.029  4.695 0.038 MDM     RETROCAM
2453667.967   0.59  3.643 0.049   3.967 0.065  4.089 0.075  4.948 0.158 FLWO    Keplercam
2453668.006   3.51  3.643 0.017   3.979 0.021  4.044 0.041  4.725 0.068 MDM     RETROCAM
2453673.899   0.49  3.635 0.015   3.938 0.017  4.071 0.018  4.779 0.029 APO     SPICam
2453674.990   0.61  3.600 0.038   3.942 0.050  4.055 0.057  4.747 0.102 FLWO    Keplercam
2453676.001   1.02  3.563 0.025   3.928 0.033  4.041 0.037  4.864 0.075 FLWO    Keplercam
2453676.969   0.29  3.473 0.088   3.710 0.108  4.170 0.164  4.939 0.310 FLWO    Keplercam
2453677.013   2.75  3.605 0.015   3.919 0.018  4.098 0.033  4.734 0.051 MDM     RETROCAM
2453677.995   9.20  3.624 0.011   3.911 0.012  4.058 0.037  4.699 0.044 MDM     RETROCAM
2453678.997   2.98  3.635 0.012   3.914 0.012  4.074 0.021  4.763 0.027 MDM     RETROCAM
2453679.013   1.03  3.583 0.034   3.881 0.043  4.022 0.051  4.865 0.104 FLWO    Keplercam
2453679.995   0.60  3.581 0.038   3.947 0.051  4.015 0.056  4.796 0.109 FLWO    Keplercam
2453681.004   1.26  3.553 0.024   3.949 0.032  4.053 0.040  4.882 0.081 FLWO    Keplercam
2453684.012   0.55  3.650 0.052   3.856 0.061  4.009 0.072  4.592 0.118 FLWO    Keplercam
2453685.017   0.70  3.577 0.033   3.944 0.045  4.044 0.050  4.812 0.096 FLWO    Keplercam
2453686.564   4.61  3.476 0.066   3.829 0.094  3.993 0.235  4.892 0.505 Wise    TAVAS
2453686.892   1.46  3.550 0.026   3.891 0.035  3.998 0.047  4.667 0.084 Palomar SITE
2453687.024   0.89  3.551 0.035   3.931 0.048  3.954 0.050  4.732 0.097 FLWO    Keplercam
2453688.016   1.28  3.589 0.029   3.877 0.037  3.991 0.047  4.802 0.092 FLWO    Keplercam
2453688.929   1.86  3.602 0.017   3.889 0.020  4.058 0.030  4.709 0.049 MDM     RETROCAM
2453689.034   0.54  3.575 0.038   3.862 0.048  3.957 0.054  4.792 0.109 FLWO    Keplercam
2453690.002   0.43  3.510 0.067   3.904 0.095  3.919 0.100  4.659 0.187 FLWO    Keplercam
2453691.019   0.56  3.532 0.054   3.767 0.067  4.062 0.089  4.575 0.138 FLWO    Keplercam
2453691.898   1.70  3.570 0.031   3.929 0.042  3.900 0.055  4.521 0.094 Palomar SITE
2453692.018   0.40  3.607 0.056   3.869 0.070  3.955 0.079  4.593 0.135 FLWO    Keplercam
2453693.022   0.38  3.535 0.054   3.949 0.077  4.007 0.083  4.650 0.146 FLWO    Keplercam
2453693.865   0.59  3.588 0.049   3.856 0.062  3.969 0.071  4.477 0.110 Palomar SITE
2453693.927   0.28  3.607 0.023   3.894 0.028  3.982 0.030  4.593 0.050 APO     SPICam
2453694.012   0.61  3.557 0.048   3.986 0.069  4.056 0.076  4.551 0.116 FLWO    Keplercam
2453694.862   0.77  3.654 0.046   3.977 0.061  3.936 0.060  4.635 0.111 Palomar SITE
2453698.919   3.60  3.640 0.012   3.945 0.013  4.018 0.024  4.577 0.030 MDM     RETROCAM
2453700.601   0.69 -0.13  1.048  -0.51  0.926) 1.676 2.029 -0.44  0.943 Wise    TAVAS
2453700.927   1.32  3.592 0.021   3.915 0.027  4.036 0.035  4.649 0.057 FLWO    Keplercam
2453700.997   1.99  3.618 0.012   3.851 0.013) 4.016 0.019  4.591 0.024 MDM     RETROCAM
2453701.581   0.87  3.002 0.238   3.054 0.238) 3.775 0.457 12.21  7.765 Wise    TAVAS
2453702.560   2.57  3.456 0.104   3.595 0.115  4.183 0.332  5.176 0.738 Wise    TAVAS
2453706.012   3.42  3.611 0.019   3.934 0.024  4.010 0.047  4.612 0.075 FLWO    Keplercam
2453707.581   3.31  3.480 0.067   4.099 0.120  4.080 0.217  5.011 0.476 Wise    TAVAS
2453708.849   0.45  3.539 0.045   3.992 0.070  4.189 0.080  4.492 0.107 Palomar SITE
2453708.984   0.99  3.629 0.029   3.927 0.036  4.027 0.040  4.768 0.074 FLWO    Keplercam
2453709.996   0.79  3.561 0.030   3.944 0.041  4.037 0.045  4.585 0.072 FLWO    Keplercam
2453710.561   0.94  3.558 0.186   4.183 0.311  3.999 0.286  5.699 0.983 Wise    TAVAS
2453710.896   0.56  3.613 0.013   3.934 0.015  4.045 0.015  4.545 0.019 APO     SPICam
2453710.971   1.46  3.618 0.026   3.964 0.034  4.002 0.044  4.589 0.070 FLWO    Keplercam
2453711.943   8.99  3.602 0.013   3.979 0.014  4.050 0.045  4.607 0.061 FLWO    Keplercam
2453712.545   5.05  3.592 0.063   3.917 0.085  4.046 0.220  4.680 0.382 Wise    TAVAS
2453712.871   1.21  3.533 0.022   4.016 0.032  4.056 0.037  4.530 0.055 FLWO    Keplercam
2453712.891   4.05  3.667 0.012)  4.005 0.012  4.070 0.025  4.582 0.029 MDM     RETROCAM
2453713.483   3.09  3.635 0.059   4.142 0.094  4.232 0.186  5.155 0.410 Wise    TAVAS
2453714.951   0.54  3.603 0.044   4.008 0.062  4.031 0.065  4.465 0.095 FLWO    Keplercam
2453718.765   0.56  3.581 0.054   4.023 0.079  3.941 0.075  4.456 0.118 Palomar SITE
2453725.965   5.92  3.576 0.016   4.032 0.021  4.082 0.054  4.456 0.071 FLWO    Keplercam
2453726.932   5.41  3.588 0.014   4.095 0.019  4.076 0.044  4.485 0.058 FLWO    Keplercam
2453728.935   0.62  3.593 0.039   4.069 0.059  4.094 0.062  4.358 0.077 FLWO    Keplercam
2453729.951  17.11  3.609 0.011   4.090 0.012  4.102 0.048  4.462 0.051 MDM     RETROCAM
2453729.984   1.96  3.581 0.021   4.059 0.030  4.115 0.045  4.458 0.059 FLWO    Keplercam
2453730.951   0.65  3.549 0.049   4.050 0.076  4.088 0.080  4.388 0.104 FLWO    Keplercam
2453731.854   0.60  3.556 0.035   4.038 0.053  4.057 0.055  4.517 0.081 FLWO    Keplercam
2453732.464   3.27  3.502 0.053   4.231 0.105  4.379 0.216  4.793 0.308 Wise    TAVAS
2453734.457   3.01  3.594 0.067   3.941 0.092  4.294 0.225  4.547 0.281 Wise    TAVAS
2453734.918  12.36  3.633 0.011   4.114 0.012  4.149 0.042  4.480 0.044 MDM     RETROCAM
2453736.018   3.92  3.590 0.011   4.056 0.012  4.089 0.024  4.414 0.026 MDM     RETROCAM
2453736.902   3.77  3.629 0.011   4.073 0.012  4.125 0.023  4.436 0.024 MDM     RETROCAM
2453737.923   3.42  3.621 0.012   4.087 0.014  4.130 0.026  4.433 0.029 MDM     RETROCAM
2453738.961   2.73  3.603 0.014   4.082 0.018  4.117 0.030  4.421 0.036 MDM     RETROCAM
2453740.032   0.60  3.540 0.030   4.047 0.045  4.121 0.049  4.473 0.066 FLWO    Keplercam
2453740.910   3.10  3.661 0.011   4.121 0.012  4.201 0.021  4.460 0.023 MDM     RETROCAM
2453741.012   0.61  3.488 0.056   3.982 0.088  3.973 0.088  4.753 0.172 FLWO    Keplercam
2453741.885   1.76  3.680 0.011)  4.152 0.012) 4.201 0.017  4.465 0.018 MDM     RETROCAM
2453742.992   1.50  3.565 0.019   4.109 0.028  4.126 0.035  4.448 0.046 FLWO    Keplercam
2453743.772   5.24  3.519 0.018   4.087 0.028  4.016 0.061  4.282 0.077 Palomar SITE
2453743.976  19.51  3.660 0.011   4.119 0.012  4.207 0.054  4.426 0.056 MDM     RETROCAM
2453744.962 379.63  3.626 0.052   4.081 0.052  4.175 1.019  4.385 1.022 MDM     RETROCAM
2453745.931  17.41  3.600 0.014   4.088 0.017  4.121 0.072  4.379 0.085 MDM     RETROCAM
2453745.970   0.70  3.619 0.032   4.054 0.046  4.089 0.048  4.285 0.057 FLWO    Keplercam
2453747.024   8.47  3.653 0.012   4.088 0.012  4.187 0.037  4.373 0.038 MDM     RETROCAM
2453749.000   2.14  3.651 0.010   4.074 0.014  4.252 0.023  4.408 0.026 MDM     Echelle
2453752.918   1.12  3.643 0.017   4.074 0.024  4.199 0.028  4.472 0.035 MDM     Echelle
2453753.950   1.71  3.610 0.020   4.000 0.027  4.066 0.038  4.367 0.048 FLWO    Keplercam
2453755.878   2.61  3.650 0.012   4.162 0.013) 4.126 0.021  4.378 0.023 MDM     RETROCAM
2453755.897   0.41  3.591 0.041   4.044 0.062  4.147 0.069  4.331 0.080 FLWO    Keplercam
2453756.929   3.27  3.654 0.012   4.057 0.012  4.124 0.023  4.352 0.024 MDM     RETROCAM
2453757.884  14.89  3.657 0.011   4.047 0.011  4.105 0.044  4.346 0.046 MDM     RETROCAM
2453757.892   0.74  3.605 0.034   4.035 0.048  4.040 0.050  4.351 0.065 FLWO    Keplercam
2453758.916  10.35  3.657 0.011   4.034 0.011  4.086 0.036  4.354 0.037 MDM     RETROCAM
2453758.937   0.55  3.618 0.032   4.016 0.043  4.047 0.046  4.397 0.062 FLWO    Keplercam
2453761.985   0.56  3.648 0.095   3.989 0.128  4.360 0.178  4.564 0.211 Palomar SITE
2453762.389   2.23  3.575 0.086   4.034 0.130  3.889 0.176  4.462 0.283 Wise    TAVAS
2453764.885   0.50  3.646 0.043   4.056 0.060  4.024 0.060  4.441 0.085 FLWO    Keplercam
2453766.051   0.58  3.665 0.034   4.084 0.048  4.016 0.046  4.329 0.061 FLWO    Keplercam
2453766.906   1.01  3.685 0.026   4.033 0.034  4.039 0.035  4.373 0.045 FLWO    Keplercam
2453767.858   5.20  3.671 0.013   4.065 0.015  4.038 0.034  4.438 0.042 FLWO    Keplercam
2453768.842   1.03  3.693 0.030   3.971 0.037  4.047 0.041  4.380 0.054 FLWO    Keplercam
2453769.909   1.19  3.616 0.054   4.056 0.079  4.033 0.088  4.711 0.158 FLWO    Keplercam
2453770.792   2.10  3.700 0.011   4.038 0.013  4.020 0.019  4.310 0.022 MDM     8K
2453770.908   0.86  3.666 0.027   4.078 0.038  4.091 0.039  4.408 0.051 FLWO    Keplercam
2453771.393   3.88  3.830 0.082   4.045 0.099  4.142 0.218  4.559 0.314 Wise    TAVAS
2453771.772   5.09  3.642 0.016   3.940 0.020  3.952 0.045  4.251 0.058 MDM     8K
2453771.870   0.63  3.748 0.046   4.074 0.061  4.115 0.065  4.375 0.081 FLWO    Keplercam
2453772.435   1.70  3.612 0.083   3.915 0.108  4.098 0.173  4.884 0.336 Wise    TAVAS
2453772.758   0.83  3.633 0.030   4.150 0.047  4.071 0.044  4.184 0.050 MDM     8K
2453772.922   0.57  3.754 0.041   4.150 0.058  4.049 0.055  4.430 0.076 FLWO    Keplercam
2453773.722   1.70  3.699 0.014   4.044 0.018  4.044 0.024  4.305 0.030 MDM     8K
2453775.952   0.54  3.729 0.035   3.959 0.042  3.998 0.045  4.334 0.060 Palomar SITE
2453776.938   5.19  3.691 0.022   3.997 0.028  4.006 0.064  4.124 0.072 MDM     8K
2453786.858   0.49  3.699 0.039   4.065 0.053  4.044 0.054  4.430 0.075 FLWO    Keplercam
2453787.802   0.35  3.721 0.089   4.069 0.120  4.065 0.122  4.313 0.151 FLWO    Keplercam
2453788.859   1.36  3.676 0.022   4.084 0.029  4.125 0.036  4.303 0.041 FLWO    Keplercam
2453790.773   1.79  3.704 0.043   4.001 0.055  4.149 0.088  4.289 0.099 FLWO    Keplercam
2453791.791   1.15  3.648 0.029   4.039 0.039  4.152 0.047  4.264 0.052 FLWO    Keplercam
2453792.946   0.39  3.730 0.112   4.290 0.180  4.270 0.180  4.101 0.156 Palomar SITE
2453793.794   1.21  3.675 0.028   4.016 0.037  4.166 0.047  4.242 0.050 FLWO    Keplercam
2453794.750   0.64  3.681 0.038   4.071 0.052  4.090 0.054  4.295 0.065 FLWO    Keplercam
2453795.306   4.37  3.668 0.069   4.261 0.118  4.196 0.237  4.753 0.385 Wise    TAVAS
2453797.286   2.39  3.643 0.068   4.005 0.092  4.060 0.159  4.900 0.332 Wise    TAVAS
2453797.797   0.47  3.599 0.047   4.066 0.069  4.095 0.073  4.192 0.080 FLWO    Keplercam
2453798.375   4.00  3.576 0.043   3.928 0.059  4.156 0.148  4.390 0.186 Wise    TAVAS
2453798.841   1.42  3.691 0.031   3.951 0.038  4.114 0.054  4.274 0.061 FLWO    Keplercam
2453799.364   5.65  3.696 0.040   4.009 0.053  4.180 0.148  4.512 0.201 Wise    TAVAS
2453799.854   0.73  3.682 0.034   3.972 0.042  4.073 0.047  4.166 0.051 FLWO    Keplercam
2453800.037   0.69  3.640 0.047   3.883 0.058  4.160 0.076  4.161 0.076 Palomar SITE
2453800.791   0.29  3.602 0.091   4.060 0.135  4.125 0.147  4.220 0.159 FLWO    Keplercam
2453815.828   0.71  3.712 0.043   4.013 0.055  4.179 0.065  4.207 0.067 FLWO    Keplercam
2453816.330   2.44  3.675 0.050   4.067 0.070  4.396 0.149  4.325 0.141 Wise    TAVAS
2453817.854   0.51  3.698 0.051   3.985 0.067  4.036 0.071  4.229 0.084 FLWO    Keplercam
2453817.933   0.24  3.818 0.146   4.035 0.175  3.966 0.172  4.375 0.241 Palomar SITE
2453818.272   4.80  3.709 0.111   3.759 0.117  3.962 0.315  4.968 0.732 Wise    TAVAS
2453818.843   0.86  3.667 0.048   4.002 0.064  4.225 0.080  4.287 0.085 FLWO    Keplercam
2453819.721   1.05  3.815 0.059   3.925 0.065  4.368 0.102  4.222 0.090 FLWO    Keplercam
2453820.240   6.87  3.637 0.062   4.041 0.090  4.171 0.271  4.319 0.308 Wise    TAVAS
2453820.720   0.59  3.682 0.045   3.958 0.056  4.168 0.069  4.119 0.066 FLWO    Keplercam
2453822.247   2.33  3.671 0.082   4.052 0.114  3.939 0.166  4.476 0.265 Wise    TAVAS
2453823.696   1.49  3.698 0.027   3.980 0.034  4.137 0.048  4.159 0.049 FLWO    Keplercam
2453827.816   0.57  3.722 0.037   3.940 0.045  4.215 0.058  4.077 0.052 FLWO    Keplercam
2453827.919   0.66  3.751 0.028   3.937 0.032  4.170 0.040  4.147 0.039 Palomar SITE
2453832.752   0.55  3.674 0.073   4.092 0.106  4.365 0.138  4.055 0.106 FLWO    Keplercam
2453837.715   0.47  3.712 0.070   3.937 0.085  4.023 0.094  4.124 0.103 FLWO    Keplercam
2453841.669   0.67  3.747 0.042   3.923 0.049  4.094 0.059  4.276 0.069 FLWO    Keplercam
2453843.674   1.23  3.654 0.034   3.905 0.041  4.153 0.057  4.193 0.060 FLWO    Keplercam
2453844.642   0.81  3.715 0.035   3.952 0.042  4.132 0.050  4.272 0.056 FLWO    Keplercam
2453845.668   0.75  3.668 0.035   3.864 0.041  4.160 0.054  4.240 0.058 FLWO    Keplercam
2453846.265   1.84  3.703 0.063   3.841 0.071  4.148 0.130  4.425 0.165 Wise    TAVAS
2453846.644   0.94  3.702 0.033   3.895 0.038  4.191 0.050  4.247 0.052 FLWO    Keplercam
2453848.665   1.15  3.659 0.030   3.960 0.038  4.175 0.049  4.176 0.050 FLWO    Keplercam
2453849.667   1.41  3.658 0.037   3.864 0.044  4.047 0.063  4.318 0.079 FLWO    Keplercam
2453850.696   1.04  3.689 0.035   3.844 0.039  4.095 0.051  4.205 0.055 FLWO    Keplercam
2453851.707   0.92  3.690 0.032   3.886 0.037  4.177 0.049  4.229 0.051 FLWO    Keplercam
2453852.837   0.38  3.701 0.065   3.958 0.082  4.175 0.102  4.373 0.122 FLWO    Keplercam
2453854.730   0.62  3.707 0.030   3.941 0.036  4.138 0.044  4.234 0.047 FLWO    Keplercam
2453855.650   2.11  3.668 0.025   3.897 0.030  4.101 0.053  4.212 0.057 FLWO    Keplercam
2453856.695   5.33  3.659 0.015   3.883 0.016  4.169 0.045  4.212 0.046 FLWO    Keplercam
2453857.822   0.55  3.711 0.045   3.874 0.052  4.108 0.065  4.237 0.072 FLWO    Keplercam
2453858.643   1.17  3.629 0.029   3.889 0.036  4.124 0.048  4.245 0.053 FLWO    Keplercam
2453859.641   1.63  3.614 0.032   3.929 0.041  4.180 0.066  4.239 0.070 FLWO    Keplercam
2453861.765   0.57  3.736 0.045   3.966 0.055  4.100 0.063  4.221 0.071 FLWO    Keplercam
2453873.245   3.62  3.645 0.057   4.150 0.089  4.145 0.173  4.439 0.225 Wise    TAVAS
2453875.259   0.75  3.605 0.107   3.992 0.151  4.374 0.217  4.641 0.271 Wise    TAVAS
2453878.251   2.27  3.686 0.054   4.044 0.074  4.206 0.132  4.450 0.165 Wise    TAVAS
2453879.245   1.27  3.676 0.068   4.071 0.095  4.205 0.124  4.149 0.119 Wise    TAVAS
2453881.706   1.46  3.669 0.025   4.035 0.033  4.182 0.046  4.234 0.048 FLWO    Keplercam
2453882.666   1.81  3.664 0.024   4.021 0.031  4.164 0.048  4.259 0.052 FLWO    Keplercam
2453883.654   1.35  3.608 0.026   4.074 0.038  4.149 0.048  4.240 0.052 FLWO    Keplercam
2453884.724   1.76  3.630 0.010   4.004 0.013  4.203 0.019  4.201 0.019 MDM     8K
2453885.653   1.77  3.613 0.027   4.009 0.037  4.185 0.058  4.209 0.060 FLWO    Keplercam
2453885.720   3.67  3.648 0.011   4.038 0.013  4.178 0.028  4.208 0.029 MDM     8K
2453886.646   1.99  3.595 0.011   4.003 0.014  4.191 0.023  4.193 0.024 MDM     8K
2453887.646   1.06  3.655 0.014   4.010 0.018  4.202 0.022  4.223 0.022 MDM     8K
2453890.729   0.40  3.546 0.058   3.916 0.080  4.317 0.117  4.130 0.100 FLWO    Keplercam
2453896.660   0.37  3.554 0.057   3.980 0.083  4.016 0.088  4.210 0.105 FLWO    Keplercam
2453899.680   0.33  3.466 0.074   3.941 0.113  4.290 0.159  4.380 0.174 FLWO    Keplercam
2453903.708   0.57  3.629 0.040   3.954 0.053  4.225 0.069  4.243 0.070 FLWO    Keplercam
2453907.679   0.84  3.619 0.030   3.995 0.040  4.182 0.048  4.297 0.053 FLWO    Keplercam
